sensor_id,location,timestamp,vehicle_count,average_speed,congestion_level,weather,event_type
S006,Zogu i Zi,2026-05-01 00:00:00,82,61.6,Low,Foggy,Normal
S002,Ring Road,2026-05-01 00:05:00,122,27.2,Medium,Clear,Normal
S002,Ring Road,2026-05-01 00:10:00,115,41.3,Low,Cloudy,Normal
S002,Ring Road,2026-05-01 00:15:00,40,44.1,Low,Clear,Normal
S002,Ring Road,2026-05-01 00:20:00,189,28.5,Medium,Clear,Normal
S006,Zogu i Zi,2026-05-01 00:25:00,116,36.2,Medium,Cloudy,Normal
S006,Zogu i Zi,2026-05-01 00:30:00,100,40.7,Low,Foggy,Normal
S002,Ring Road,2026-05-01 00:35:00,87,40.9,Low,Foggy,Normal
S005,Durres Road,2026-05-01 00:40:00,167,31.0,Medium,Rainy,Normal
S003,Student City,2026-05-01 00:45:00,112,43.5,Low,Foggy,Normal
S004,Blloku,2026-05-01 00:50:00,118,30.3,Medium,Clear,Normal
S004,Blloku,2026-05-01 00:55:00,113,51.1,Low,Cloudy,Normal
S005,Durres Road,2026-05-01 01:00:00,68,46.3,Low,Clear,Normal
S003,Student City,2026-05-01 01:05:00,57,56.8,Low,Clear,Normal
S008,New Boulevard,2026-05-01 01:10:00,171,25.8,Medium,Foggy,Normal
S001,Tirana Center,2026-05-01 01:15:00,110,48.7,Low,Cloudy,Normal
S005,Durres Road,2026-05-01 01:20:00,92,39.7,Low,Rainy,Normal
S006,Zogu i Zi,2026-05-01 01:25:00,38,40.1,Low,Cloudy,Normal
S006,Zogu i Zi,2026-05-01 01:30:00,142,37.2,Medium,Clear,Normal
S007,Airport Road,2026-05-01 01:35:00,78,19.8,High,Cloudy,Heavy Traffic
S007,Airport Road,2026-05-01 01:40:00,123,27.3,Medium,Rainy,Normal
S005,Durres Road,2026-05-01 01:45:00,139,26.0,Medium,Foggy,Normal
S003,Student City,2026-05-01 01:50:00,116,34.8,Medium,Cloudy,Normal
S003,Student City,2026-05-01 01:55:00,97,48.4,Low,Rainy,Normal
S003,Student City,2026-05-01 02:00:00,138,40.5,Low,Cloudy,Normal
S001,Tirana Center,2026-05-01 02:05:00,139,36.0,Medium,Rainy,Normal
S006,Zogu i Zi,2026-05-01 02:10:00,165,34.8,Medium,Rainy,Normal
S007,Airport Road,2026-05-01 02:15:00,179,33.3,Medium,Foggy,Normal
S006,Zogu i Zi,2026-05-01 02:20:00,86,48.4,Low,Rainy,Normal
S006,Zogu i Zi,2026-05-01 02:25:00,90,38.1,Low,Foggy,Normal
S001,Tirana Center,2026-05-01 02:30:00,116,36.3,Medium,Cloudy,Normal
S006,Zogu i Zi,2026-05-01 02:35:00,75,51.9,Low,Foggy,Heavy Traffic
S003,Student City,2026-05-01 02:40:00,128,30.8,Medium,Clear,Normal
S001,Tirana Center,2026-05-01 02:45:00,150,33.1,Medium,Rainy,Normal
S003,Student City,2026-05-01 02:50:00,65,53.9,Low,Clear,Normal
S007,Airport Road,2026-05-01 02:55:00,77,37.2,Medium,Clear,Normal
S004,Blloku,2026-05-01 03:00:00,51,49.5,Low,Clear,Normal
S003,Student City,2026-05-01 03:05:00,73,51.1,Low,Foggy,Normal
S006,Zogu i Zi,2026-05-01 03:10:00,87,45.7,Low,Rainy,Normal
S002,Ring Road,2026-05-01 03:15:00,64,54.3,Low,Cloudy,Normal
S004,Blloku,2026-05-01 03:20:00,127,44.1,Low,Foggy,Normal
S006,Zogu i Zi,2026-05-01 03:25:00,124,42.6,Low,Clear,Normal
S008,New Boulevard,2026-05-01 03:30:00,53,57.3,Low,Rainy,Normal
S001,Tirana Center,2026-05-01 03:35:00,73,43.8,Low,Foggy,Normal
S008,New Boulevard,2026-05-01 03:40:00,55,63.2,Low,Cloudy,Normal
S002,Ring Road,2026-05-01 03:45:00,64,35.4,Medium,Rainy,Normal
S001,Tirana Center,2026-05-01 03:50:00,83,25.1,Medium,Rainy,Normal
S007,Airport Road,2026-05-01 03:55:00,105,45.5,Low,Cloudy,Heavy Traffic
S001,Tirana Center,2026-05-01 04:00:00,101,49.4,Low,Clear,Normal
S007,Airport Road,2026-05-01 04:05:00,101,41.7,Low,Rainy,Normal
S004,Blloku,2026-05-01 04:10:00,81,46.1,Low,Cloudy,Normal
S003,Student City,2026-05-01 04:15:00,172,32.9,Medium,Cloudy,Normal
S008,New Boulevard,2026-05-01 04:20:00,86,49.9,Low,Cloudy,Normal
S008,New Boulevard,2026-05-01 04:25:00,100,53.7,Low,Foggy,Accident
S005,Durres Road,2026-05-01 04:30:00,113,45.5,Low,Cloudy,Normal
S004,Blloku,2026-05-01 04:35:00,93,41.7,Low,Clear,Normal
S001,Tirana Center,2026-05-01 04:40:00,61,42.2,Low,Foggy,Normal
S004,Blloku,2026-05-01 04:45:00,174,14.1,High,Cloudy,Normal
S008,New Boulevard,2026-05-01 04:50:00,67,41.9,Low,Foggy,Normal
S007,Airport Road,2026-05-01 04:55:00,162,41.8,Medium,Rainy,Normal
S001,Tirana Center,2026-05-01 05:00:00,123,24.3,Medium,Clear,Normal
S002,Ring Road,2026-05-01 05:05:00,88,42.2,Low,Cloudy,Normal
S007,Airport Road,2026-05-01 05:10:00,41,46.2,Low,Cloudy,Roadwork
S005,Durres Road,2026-05-01 05:15:00,126,39.2,Low,Foggy,Normal
S003,Student City,2026-05-01 05:20:00,110,32.8,Medium,Rainy,Normal
S005,Durres Road,2026-05-01 05:25:00,144,38.1,Low,Cloudy,Normal
S002,Ring Road,2026-05-01 05:30:00,99,42.9,Low,Clear,Normal
S001,Tirana Center,2026-05-01 05:35:00,157,30.2,Medium,Foggy,Normal
S005,Durres Road,2026-05-01 05:40:00,99,54.0,Low,Rainy,Heavy Traffic
S007,Airport Road,2026-05-01 05:45:00,117,37.7,Medium,Clear,Normal
S006,Zogu i Zi,2026-05-01 05:50:00,95,45.3,Low,Clear,Normal
S004,Blloku,2026-05-01 05:55:00,137,41.5,Low,Foggy,Heavy Traffic
S007,Airport Road,2026-05-01 06:00:00,24,53.0,Low,Rainy,Normal
S007,Airport Road,2026-05-01 06:05:00,142,41.0,Low,Rainy,Normal
S001,Tirana Center,2026-05-01 06:10:00,133,45.5,Low,Cloudy,Normal
S006,Zogu i Zi,2026-05-01 06:15:00,42,51.7,Low,Rainy,Normal
S006,Zogu i Zi,2026-05-01 06:20:00,93,44.2,Low,Clear,Normal
S006,Zogu i Zi,2026-05-01 06:25:00,46,34.3,Medium,Clear,Normal
S007,Airport Road,2026-05-01 06:30:00,115,35.4,Medium,Rainy,Normal
S001,Tirana Center,2026-05-01 06:35:00,168,36.8,Medium,Clear,Normal
S008,New Boulevard,2026-05-01 06:40:00,71,54.1,Low,Rainy,Normal
S005,Durres Road,2026-05-01 06:45:00,151,8,High,Foggy,Normal
S002,Ring Road,2026-05-01 06:50:00,79,52.7,Low,Foggy,Normal
S008,New Boulevard,2026-05-01 06:55:00,117,36.3,Medium,Rainy,Roadwork
S002,Ring Road,2026-05-01 07:00:00,155,41.8,Medium,Cloudy,Normal
S005,Durres Road,2026-05-01 07:05:00,223,22.1,Medium,Clear,Normal
S006,Zogu i Zi,2026-05-01 07:10:00,245,13.5,High,Foggy,Normal
S007,Airport Road,2026-05-01 07:15:00,204,17.4,High,Foggy,Normal
S004,Blloku,2026-05-01 07:20:00,193,14.3,High,Cloudy,Normal
S001,Tirana Center,2026-05-01 07:25:00,190,10.5,High,Cloudy,Normal
S001,Tirana Center,2026-05-01 07:30:00,233,8,High,Cloudy,Normal
S004,Blloku,2026-05-01 07:35:00,255,26.1,High,Rainy,Normal
S006,Zogu i Zi,2026-05-01 07:40:00,221,20.8,High,Clear,Heavy Traffic
S001,Tirana Center,2026-05-01 07:45:00,230,27.2,Medium,Clear,Heavy Traffic
S005,Durres Road,2026-05-01 07:50:00,209,18.1,High,Foggy,Normal
S007,Airport Road,2026-05-01 07:55:00,236,20.9,High,Clear,Normal
S006,Zogu i Zi,2026-05-01 08:00:00,238,8,High,Cloudy,Normal
S007,Airport Road,2026-05-01 08:05:00,198,30.0,Medium,Foggy,Normal
S001,Tirana Center,2026-05-01 08:10:00,245,16.7,High,Clear,Normal
S008,New Boulevard,2026-05-01 08:15:00,261,8,High,Foggy,Normal
S003,Student City,2026-05-01 08:20:00,203,27.4,Medium,Rainy,Normal
S001,Tirana Center,2026-05-01 08:25:00,250,9.5,High,Clear,Roadwork
S007,Airport Road,2026-05-01 08:30:00,240,16.3,High,Clear,Normal
S002,Ring Road,2026-05-01 08:35:00,190,33.4,Medium,Clear,Normal
S008,New Boulevard,2026-05-01 08:40:00,241,33.0,Medium,Clear,Accident
S002,Ring Road,2026-05-01 08:45:00,222,24.7,Medium,Cloudy,Normal
S005,Durres Road,2026-05-01 08:50:00,212,39.6,Medium,Clear,Normal
S004,Blloku,2026-05-01 08:55:00,231,24.2,Medium,Clear,Normal
S006,Zogu i Zi,2026-05-01 09:00:00,270,36.1,High,Rainy,Normal
S006,Zogu i Zi,2026-05-01 09:05:00,241,8,High,Rainy,Normal
S004,Blloku,2026-05-01 09:10:00,243,8,High,Cloudy,Normal
S004,Blloku,2026-05-01 09:15:00,315,8,High,Cloudy,Normal
S004,Blloku,2026-05-01 09:20:00,178,32.7,Medium,Cloudy,Normal
S002,Ring Road,2026-05-01 09:25:00,189,24.5,Medium,Clear,Normal
S002,Ring Road,2026-05-01 09:30:00,242,19.4,High,Rainy,Normal
S007,Airport Road,2026-05-01 09:35:00,126,44.0,Low,Foggy,Normal
S005,Durres Road,2026-05-01 09:40:00,214,21.6,High,Rainy,Normal
S003,Student City,2026-05-01 09:45:00,261,8,High,Clear,Normal
S003,Student City,2026-05-01 09:50:00,203,17.0,High,Cloudy,Normal
S005,Durres Road,2026-05-01 09:55:00,287,12.2,High,Cloudy,Normal
S006,Zogu i Zi,2026-05-01 10:00:00,109,45.5,Low,Cloudy,Normal
S006,Zogu i Zi,2026-05-01 10:05:00,61,45.9,Low,Foggy,Accident
S007,Airport Road,2026-05-01 10:10:00,139,39.3,Low,Rainy,Normal
S004,Blloku,2026-05-01 10:15:00,90,43.0,Low,Cloudy,Normal
S004,Blloku,2026-05-01 10:20:00,75,53.8,Low,Cloudy,Heavy Traffic
S008,New Boulevard,2026-05-01 10:25:00,147,38.6,Low,Rainy,Normal
S003,Student City,2026-05-01 10:30:00,72,55.4,Low,Clear,Normal
S005,Durres Road,2026-05-01 10:35:00,88,48.4,Low,Clear,Normal
S006,Zogu i Zi,2026-05-01 10:40:00,82,53.3,Low,Foggy,Normal
S004,Blloku,2026-05-01 10:45:00,144,42.9,Low,Foggy,Normal
S007,Airport Road,2026-05-01 10:50:00,75,33.9,Medium,Cloudy,Normal
S006,Zogu i Zi,2026-05-01 10:55:00,86,36.8,Medium,Cloudy,Normal
S005,Durres Road,2026-05-01 11:00:00,86,47.6,Low,Rainy,Normal
S005,Durres Road,2026-05-01 11:05:00,84,39.2,Low,Clear,Normal
S005,Durres Road,2026-05-01 11:10:00,148,35.5,Medium,Clear,Normal
S007,Airport Road,2026-05-01 11:15:00,47,67.4,Low,Cloudy,Normal
S006,Zogu i Zi,2026-05-01 11:20:00,134,26.2,Medium,Rainy,Normal
S007,Airport Road,2026-05-01 11:25:00,65,67.5,Low,Foggy,Normal
S002,Ring Road,2026-05-01 11:30:00,94,39.4,Low,Rainy,Normal
S001,Tirana Center,2026-05-01 11:35:00,94,38.9,Low,Rainy,Normal
S001,Tirana Center,2026-05-01 11:40:00,130,30.2,Medium,Clear,Normal
S003,Student City,2026-05-01 11:45:00,128,35.3,Medium,Foggy,Normal
S003,Student City,2026-05-01 11:50:00,80,64.1,Low,Cloudy,Normal
S002,Ring Road,2026-05-01 11:55:00,93,45.3,Low,Clear,Accident
S002,Ring Road,2026-05-01 12:00:00,127,24.2,Medium,Clear,Normal
S003,Student City,2026-05-01 12:05:00,80,36.9,Medium,Cloudy,Normal
S005,Durres Road,2026-05-01 12:10:00,46,59.4,Low,Foggy,Normal
S003,Student City,2026-05-01 12:15:00,120,53.9,Low,Foggy,Roadwork
S005,Durres Road,2026-05-01 12:20:00,31,45.9,Low,Clear,Normal
S008,New Boulevard,2026-05-01 12:25:00,64,42.3,Low,Clear,Heavy Traffic
S002,Ring Road,2026-05-01 12:30:00,114,35.8,Medium,Foggy,Normal
S005,Durres Road,2026-05-01 12:35:00,121,28.0,Medium,Rainy,Normal
S002,Ring Road,2026-05-01 12:40:00,111,38.0,Medium,Cloudy,Normal
S008,New Boulevard,2026-05-01 12:45:00,103,37.1,Medium,Cloudy,Normal
S006,Zogu i Zi,2026-05-01 12:50:00,88,47.0,Low,Cloudy,Normal
S002,Ring Road,2026-05-01 12:55:00,104,33.7,Medium,Clear,Normal
S005,Durres Road,2026-05-01 13:00:00,118,36.0,Medium,Cloudy,Normal
S003,Student City,2026-05-01 13:05:00,112,36.6,Medium,Clear,Normal
S001,Tirana Center,2026-05-01 13:10:00,102,36.6,Medium,Clear,Normal
S007,Airport Road,2026-05-01 13:15:00,28,51.0,Low,Clear,Normal
S008,New Boulevard,2026-05-01 13:20:00,37,47.4,Low,Cloudy,Normal
S005,Durres Road,2026-05-01 13:25:00,106,47.3,Low,Cloudy,Normal
S002,Ring Road,2026-05-01 13:30:00,95,31.0,Medium,Cloudy,Normal
S004,Blloku,2026-05-01 13:35:00,145,8.4,High,Cloudy,Normal
S008,New Boulevard,2026-05-01 13:40:00,111,32.3,Medium,Cloudy,Normal
S002,Ring Road,2026-05-01 13:45:00,117,13.3,High,Cloudy,Normal
S005,Durres Road,2026-05-01 13:50:00,96,31.8,Medium,Clear,Normal
S006,Zogu i Zi,2026-05-01 13:55:00,98,50.3,Low,Clear,Normal
S002,Ring Road,2026-05-01 14:00:00,86,29.5,Medium,Rainy,Normal
S007,Airport Road,2026-05-01 14:05:00,162,33.6,Medium,Clear,Normal
S003,Student City,2026-05-01 14:10:00,168,32.8,Medium,Rainy,Normal
S008,New Boulevard,2026-05-01 14:15:00,80,47.3,Low,Foggy,Normal
S005,Durres Road,2026-05-01 14:20:00,127,46.7,Low,Foggy,Normal
S002,Ring Road,2026-05-01 14:25:00,137,29.4,Medium,Clear,Heavy Traffic
S001,Tirana Center,2026-05-01 14:30:00,102,37.9,Medium,Rainy,Normal
S001,Tirana Center,2026-05-01 14:35:00,83,35.5,Medium,Clear,Normal
S008,New Boulevard,2026-05-01 14:40:00,53,39.7,Low,Rainy,Normal
S006,Zogu i Zi,2026-05-01 14:45:00,80,35.6,Medium,Cloudy,Normal
S007,Airport Road,2026-05-01 14:50:00,118,49.6,Low,Cloudy,Normal
S002,Ring Road,2026-05-01 14:55:00,92,51.9,Low,Clear,Normal
S003,Student City,2026-05-01 15:00:00,53,49.5,Low,Clear,Normal
S006,Zogu i Zi,2026-05-01 15:05:00,188,34.2,Medium,Foggy,Normal
S006,Zogu i Zi,2026-05-01 15:10:00,44,42.8,Low,Cloudy,Normal
S002,Ring Road,2026-05-01 15:15:00,124,17.8,High,Foggy,Normal
S006,Zogu i Zi,2026-05-01 15:20:00,85,59.0,Low,Cloudy,Normal
S001,Tirana Center,2026-05-01 15:25:00,93,37.8,Medium,Foggy,Normal
S007,Airport Road,2026-05-01 15:30:00,74,44.8,Low,Foggy,Normal
S002,Ring Road,2026-05-01 15:35:00,90,46.1,Low,Cloudy,Normal
S003,Student City,2026-05-01 15:40:00,150,14.7,High,Foggy,Normal
S006,Zogu i Zi,2026-05-01 15:45:00,96,38.6,Low,Cloudy,Accident
S005,Durres Road,2026-05-01 15:50:00,128,43.5,Low,Foggy,Normal
S005,Durres Road,2026-05-01 15:55:00,140,27.5,Medium,Foggy,Normal
S007,Airport Road,2026-05-01 16:00:00,217,14.3,High,Foggy,Heavy Traffic
S007,Airport Road,2026-05-01 16:05:00,193,12.3,High,Foggy,Normal
S005,Durres Road,2026-05-01 16:10:00,222,28.7,Medium,Foggy,Heavy Traffic
S005,Durres Road,2026-05-01 16:15:00,160,37.6,Medium,Clear,Normal
S005,Durres Road,2026-05-01 16:20:00,223,28.4,Medium,Rainy,Roadwork
S003,Student City,2026-05-01 16:25:00,203,27.3,Medium,Cloudy,Normal
S006,Zogu i Zi,2026-05-01 16:30:00,211,28.6,Medium,Foggy,Heavy Traffic
S001,Tirana Center,2026-05-01 16:35:00,150,38.8,Low,Clear,Normal
S007,Airport Road,2026-05-01 16:40:00,225,11.8,High,Foggy,Normal
S003,Student City,2026-05-01 16:45:00,236,25.3,Medium,Cloudy,Normal
S004,Blloku,2026-05-01 16:50:00,196,27.0,Medium,Foggy,Normal
S003,Student City,2026-05-01 16:55:00,221,8,High,Rainy,Normal
S005,Durres Road,2026-05-01 17:00:00,244,23.3,Medium,Rainy,Normal
S003,Student City,2026-05-01 17:05:00,282,17.8,High,Foggy,Normal
S006,Zogu i Zi,2026-05-01 17:10:00,254,11.8,High,Cloudy,Roadwork
S008,New Boulevard,2026-05-01 17:15:00,245,18.9,High,Rainy,Normal
S008,New Boulevard,2026-05-01 17:20:00,199,35.4,Medium,Clear,Accident
S004,Blloku,2026-05-01 17:25:00,220,44.4,Medium,Foggy,Normal
S007,Airport Road,2026-05-01 17:30:00,196,28.0,Medium,Clear,Normal
S006,Zogu i Zi,2026-05-01 17:35:00,221,15.8,High,Clear,Heavy Traffic
S004,Blloku,2026-05-01 17:40:00,240,25.3,Medium,Foggy,Normal
S001,Tirana Center,2026-05-01 17:45:00,235,13.8,High,Rainy,Normal
S007,Airport Road,2026-05-01 17:50:00,186,21.7,High,Rainy,Normal
S008,New Boulevard,2026-05-01 17:55:00,243,30.7,Medium,Foggy,Heavy Traffic
S006,Zogu i Zi,2026-05-01 18:00:00,220,32.7,Medium,Rainy,Normal
S001,Tirana Center,2026-05-01 18:05:00,201,19.6,High,Foggy,Normal
S008,New Boulevard,2026-05-01 18:10:00,238,37.4,Medium,Cloudy,Normal
S003,Student City,2026-05-01 18:15:00,209,12.2,High,Foggy,Heavy Traffic
S006,Zogu i Zi,2026-05-01 18:20:00,233,13.3,High,Rainy,Normal
S005,Durres Road,2026-05-01 18:25:00,209,20.8,High,Rainy,Normal
S007,Airport Road,2026-05-01 18:30:00,218,20.0,High,Clear,Normal
S004,Blloku,2026-05-01 18:35:00,219,15.5,High,Clear,Normal
S002,Ring Road,2026-05-01 18:40:00,244,16.5,High,Cloudy,Normal
S002,Ring Road,2026-05-01 18:45:00,226,27.6,Medium,Rainy,Heavy Traffic
S006,Zogu i Zi,2026-05-01 18:50:00,162,39.6,Medium,Foggy,Normal
S002,Ring Road,2026-05-01 18:55:00,193,30.2,Medium,Cloudy,Normal
S004,Blloku,2026-05-01 19:00:00,55,53.0,Low,Foggy,Normal
S002,Ring Road,2026-05-01 19:05:00,160,27.9,Medium,Clear,Normal
S006,Zogu i Zi,2026-05-01 19:10:00,124,37.8,Medium,Cloudy,Heavy Traffic
S008,New Boulevard,2026-05-01 19:15:00,127,28.2,Medium,Foggy,Normal
S008,New Boulevard,2026-05-01 19:20:00,104,32.6,Medium,Clear,Heavy Traffic
S003,Student City,2026-05-01 19:25:00,76,56.5,Low,Rainy,Normal
S005,Durres Road,2026-05-01 19:30:00,71,54.3,Low,Foggy,Normal
S003,Student City,2026-05-01 19:35:00,44,39.7,Low,Clear,Normal
S001,Tirana Center,2026-05-01 19:40:00,116,42.7,Low,Rainy,Normal
S006,Zogu i Zi,2026-05-01 19:45:00,140,27.1,Medium,Cloudy,Normal
S005,Durres Road,2026-05-01 19:50:00,200,19.8,High,Clear,Normal
S006,Zogu i Zi,2026-05-01 19:55:00,86,47.3,Low,Cloudy,Normal
S001,Tirana Center,2026-05-01 20:00:00,125,24.8,Medium,Foggy,Normal
S005,Durres Road,2026-05-01 20:05:00,132,42.1,Low,Cloudy,Normal
S001,Tirana Center,2026-05-01 20:10:00,113,50.2,Low,Rainy,Normal
S002,Ring Road,2026-05-01 20:15:00,89,35.5,Medium,Clear,Roadwork
S003,Student City,2026-05-01 20:20:00,115,46.6,Low,Foggy,Normal
S006,Zogu i Zi,2026-05-01 20:25:00,86,29.3,Medium,Foggy,Heavy Traffic
S008,New Boulevard,2026-05-01 20:30:00,144,39.2,Low,Clear,Heavy Traffic
S004,Blloku,2026-05-01 20:35:00,128,29.4,Medium,Cloudy,Normal
S006,Zogu i Zi,2026-05-01 20:40:00,147,33.4,Medium,Foggy,Normal
S001,Tirana Center,2026-05-01 20:45:00,63,57.6,Low,Rainy,Heavy Traffic
S007,Airport Road,2026-05-01 20:50:00,48,42.5,Low,Foggy,Normal
S008,New Boulevard,2026-05-01 20:55:00,149,33.5,Medium,Foggy,Normal
S006,Zogu i Zi,2026-05-01 21:00:00,135,40.0,Low,Cloudy,Normal
S002,Ring Road,2026-05-01 21:05:00,77,31.1,Medium,Rainy,Normal
S002,Ring Road,2026-05-01 21:10:00,95,54.7,Low,Rainy,Normal
S007,Airport Road,2026-05-01 21:15:00,121,31.0,Medium,Clear,Normal
S001,Tirana Center,2026-05-01 21:20:00,122,43.3,Low,Cloudy,Normal
S001,Tirana Center,2026-05-01 21:25:00,116,30.8,Medium,Cloudy,Normal
S005,Durres Road,2026-05-01 21:30:00,62,57.3,Low,Foggy,Normal
S007,Airport Road,2026-05-01 21:35:00,42,49.8,Low,Clear,Normal
S006,Zogu i Zi,2026-05-01 21:40:00,143,27.7,Medium,Clear,Normal
S004,Blloku,2026-05-01 21:45:00,83,35.8,Medium,Foggy,Normal
S001,Tirana Center,2026-05-01 21:50:00,120,44.9,Low,Clear,Normal
S004,Blloku,2026-05-01 21:55:00,106,26.0,Medium,Clear,Normal
S007,Airport Road,2026-05-01 22:00:00,132,40.0,Low,Foggy,Normal
S001,Tirana Center,2026-05-01 22:05:00,113,36.1,Medium,Clear,Normal
S007,Airport Road,2026-05-01 22:10:00,44,70.9,Low,Cloudy,Normal
S007,Airport Road,2026-05-01 22:15:00,155,43.4,Medium,Cloudy,Normal
S006,Zogu i Zi,2026-05-01 22:20:00,113,8,High,Cloudy,Normal
S002,Ring Road,2026-05-01 22:25:00,103,38.3,Low,Foggy,Normal
S006,Zogu i Zi,2026-05-01 22:30:00,138,43.3,Low,Rainy,Normal
S001,Tirana Center,2026-05-01 22:35:00,123,34.8,Medium,Foggy,Normal
S001,Tirana Center,2026-05-01 22:40:00,126,43.6,Low,Rainy,Normal
S005,Durres Road,2026-05-01 22:45:00,138,40.7,Low,Cloudy,Normal
S001,Tirana Center,2026-05-01 22:50:00,45,51.4,Low,Foggy,Normal
S004,Blloku,2026-05-01 22:55:00,65,52.0,Low,Cloudy,Heavy Traffic
S008,New Boulevard,2026-05-01 23:00:00,55,62.2,Low,Cloudy,Normal
S002,Ring Road,2026-05-01 23:05:00,112,34.3,Medium,Cloudy,Heavy Traffic
S007,Airport Road,2026-05-01 23:10:00,89,42.8,Low,Clear,Normal
S004,Blloku,2026-05-01 23:15:00,69,43.5,Low,Foggy,Normal
S008,New Boulevard,2026-05-01 23:20:00,91,45.9,Low,Cloudy,Normal
S001,Tirana Center,2026-05-01 23:25:00,98,50.1,Low,Cloudy,Normal
S004,Blloku,2026-05-01 23:30:00,179,35.1,Medium,Cloudy,Normal
S008,New Boulevard,2026-05-01 23:35:00,193,40.8,Medium,Cloudy,Normal
S004,Blloku,2026-05-01 23:40:00,117,34.4,Medium,Cloudy,Normal
S005,Durres Road,2026-05-01 23:45:00,23,39.0,Low,Foggy,Normal
S001,Tirana Center,2026-05-01 23:50:00,100,60.9,Low,Clear,Heavy Traffic
S006,Zogu i Zi,2026-05-01 23:55:00,94,54.1,Low,Rainy,Normal
S005,Durres Road,2026-05-02 00:00:00,125,43.9,Low,Rainy,Normal
S008,New Boulevard,2026-05-02 00:05:00,117,34.0,Medium,Clear,Normal
S003,Student City,2026-05-02 00:10:00,127,40.7,Low,Foggy,Roadwork
S002,Ring Road,2026-05-02 00:15:00,71,43.0,Low,Foggy,Normal
S006,Zogu i Zi,2026-05-02 00:20:00,142,29.4,Medium,Clear,Normal
S005,Durres Road,2026-05-02 00:25:00,98,21.5,High,Rainy,Normal
S004,Blloku,2026-05-02 00:30:00,162,34.5,Medium,Rainy,Normal
S002,Ring Road,2026-05-02 00:35:00,98,43.6,Low,Foggy,Heavy Traffic
S005,Durres Road,2026-05-02 00:40:00,48,42.3,Low,Foggy,Normal
S003,Student City,2026-05-02 00:45:00,85,24.1,Medium,Cloudy,Normal
S007,Airport Road,2026-05-02 00:50:00,129,35.0,Medium,Cloudy,Normal
S002,Ring Road,2026-05-02 00:55:00,33,58.6,Low,Foggy,Accident
S008,New Boulevard,2026-05-02 01:00:00,113,23.9,Medium,Rainy,Heavy Traffic
S008,New Boulevard,2026-05-02 01:05:00,111,43.5,Low,Foggy,Normal
S007,Airport Road,2026-05-02 01:10:00,63,39.5,Low,Rainy,Normal
S004,Blloku,2026-05-02 01:15:00,86,29.0,Medium,Cloudy,Normal
S007,Airport Road,2026-05-02 01:20:00,169,10.2,High,Cloudy,Normal
S003,Student City,2026-05-02 01:25:00,142,43.2,Low,Clear,Roadwork
S004,Blloku,2026-05-02 01:30:00,70,52.9,Low,Rainy,Heavy Traffic
S004,Blloku,2026-05-02 01:35:00,102,37.7,Medium,Cloudy,Normal
S004,Blloku,2026-05-02 01:40:00,110,35.1,Medium,Clear,Normal
S003,Student City,2026-05-02 01:45:00,99,31.4,Medium,Rainy,Normal
S003,Student City,2026-05-02 01:50:00,122,39.3,Low,Foggy,Normal
S003,Student City,2026-05-02 01:55:00,152,8.6,High,Rainy,Normal
S008,New Boulevard,2026-05-02 02:00:00,90,40.2,Low,Foggy,Normal
S004,Blloku,2026-05-02 02:05:00,93,42.0,Low,Foggy,Normal
S003,Student City,2026-05-02 02:10:00,120,16.4,High,Cloudy,Normal
S002,Ring Road,2026-05-02 02:15:00,156,28.5,Medium,Cloudy,Normal
S003,Student City,2026-05-02 02:20:00,151,39.5,Medium,Cloudy,Normal
S007,Airport Road,2026-05-02 02:25:00,106,33.8,Medium,Cloudy,Normal
S004,Blloku,2026-05-02 02:30:00,67,44.0,Low,Rainy,Normal
S005,Durres Road,2026-05-02 02:35:00,98,50.9,Low,Rainy,Normal
S005,Durres Road,2026-05-02 02:40:00,93,49.5,Low,Clear,Normal
S008,New Boulevard,2026-05-02 02:45:00,102,49.9,Low,Foggy,Normal
S007,Airport Road,2026-05-02 02:50:00,74,56.4,Low,Cloudy,Normal
S006,Zogu i Zi,2026-05-02 02:55:00,70,42.9,Low,Clear,Normal
S001,Tirana Center,2026-05-02 03:00:00,86,34.8,Medium,Foggy,Normal
S004,Blloku,2026-05-02 03:05:00,67,43.6,Low,Foggy,Roadwork
S002,Ring Road,2026-05-02 03:10:00,118,33.9,Medium,Rainy,Normal
S005,Durres Road,2026-05-02 03:15:00,68,41.5,Low,Cloudy,Normal
S006,Zogu i Zi,2026-05-02 03:20:00,45,61.4,Low,Foggy,Normal
S001,Tirana Center,2026-05-02 03:25:00,121,36.4,Medium,Rainy,Normal
S006,Zogu i Zi,2026-05-02 03:30:00,110,33.4,Medium,Rainy,Heavy Traffic
S001,Tirana Center,2026-05-02 03:35:00,107,41.7,Low,Cloudy,Normal
S008,New Boulevard,2026-05-02 03:40:00,68,47.1,Low,Clear,Normal
S001,Tirana Center,2026-05-02 03:45:00,91,57.1,Low,Foggy,Normal
S008,New Boulevard,2026-05-02 03:50:00,101,47.9,Low,Clear,Normal
S001,Tirana Center,2026-05-02 03:55:00,144,19.8,High,Foggy,Normal
S003,Student City,2026-05-02 04:00:00,111,48.2,Low,Cloudy,Normal
S005,Durres Road,2026-05-02 04:05:00,117,46.0,Low,Clear,Normal
S003,Student City,2026-05-02 04:10:00,144,45.2,Low,Cloudy,Normal
S007,Airport Road,2026-05-02 04:15:00,149,22.7,Medium,Foggy,Normal
S008,New Boulevard,2026-05-02 04:20:00,73,43.2,Low,Cloudy,Normal
S007,Airport Road,2026-05-02 04:25:00,37,47.8,Low,Clear,Normal
S002,Ring Road,2026-05-02 04:30:00,113,42.3,Low,Clear,Normal
S004,Blloku,2026-05-02 04:35:00,85,30.1,Medium,Foggy,Normal
S004,Blloku,2026-05-02 04:40:00,76,59.3,Low,Rainy,Heavy Traffic
S005,Durres Road,2026-05-02 04:45:00,68,44.8,Low,Rainy,Normal
S005,Durres Road,2026-05-02 04:50:00,102,13.0,High,Clear,Normal
S004,Blloku,2026-05-02 04:55:00,153,41.4,Medium,Rainy,Normal
S002,Ring Road,2026-05-02 05:00:00,118,48.5,Low,Clear,Normal
S001,Tirana Center,2026-05-02 05:05:00,44,63.5,Low,Foggy,Heavy Traffic
S001,Tirana Center,2026-05-02 05:10:00,47,44.7,Low,Cloudy,Normal
S003,Student City,2026-05-02 05:15:00,88,52.5,Low,Cloudy,Normal
S005,Durres Road,2026-05-02 05:20:00,109,31.2,Medium,Rainy,Normal
S001,Tirana Center,2026-05-02 05:25:00,39,46.3,Low,Clear,Normal
S003,Student City,2026-05-02 05:30:00,44,38.2,Low,Rainy,Normal
S002,Ring Road,2026-05-02 05:35:00,127,38.5,Low,Rainy,Normal
S006,Zogu i Zi,2026-05-02 05:40:00,60,40.3,Low,Clear,Normal
S003,Student City,2026-05-02 05:45:00,63,48.2,Low,Foggy,Normal
S007,Airport Road,2026-05-02 05:50:00,72,42.5,Low,Foggy,Normal
S001,Tirana Center,2026-05-02 05:55:00,105,38.8,Low,Foggy,Normal
S001,Tirana Center,2026-05-02 06:00:00,130,47.9,Low,Cloudy,Normal
S006,Zogu i Zi,2026-05-02 06:05:00,20,54.2,Low,Foggy,Normal
S003,Student City,2026-05-02 06:10:00,90,41.1,Low,Clear,Normal
S008,New Boulevard,2026-05-02 06:15:00,105,23.2,Medium,Foggy,Normal
S001,Tirana Center,2026-05-02 06:20:00,119,49.6,Low,Rainy,Normal
S001,Tirana Center,2026-05-02 06:25:00,147,36.3,Medium,Clear,Normal
S007,Airport Road,2026-05-02 06:30:00,91,39.2,Low,Cloudy,Normal
S005,Durres Road,2026-05-02 06:35:00,92,52.7,Low,Clear,Normal
S004,Blloku,2026-05-02 06:40:00,139,40.8,Low,Clear,Normal
S008,New Boulevard,2026-05-02 06:45:00,118,41.8,Low,Clear,Normal
S003,Student City,2026-05-02 06:50:00,104,43.6,Low,Clear,Normal
S006,Zogu i Zi,2026-05-02 06:55:00,155,22.4,Medium,Cloudy,Normal
S008,New Boulevard,2026-05-02 07:00:00,209,32.0,Medium,Cloudy,Normal
S008,New Boulevard,2026-05-02 07:05:00,228,10.0,High,Rainy,Normal
S005,Durres Road,2026-05-02 07:10:00,163,25.2,Medium,Rainy,Accident
S002,Ring Road,2026-05-02 07:15:00,192,45.0,Medium,Clear,Normal
S003,Student City,2026-05-02 07:20:00,296,8,High,Clear,Roadwork
S007,Airport Road,2026-05-02 07:25:00,198,26.2,Medium,Foggy,Accident
S007,Airport Road,2026-05-02 07:30:00,298,13.4,High,Cloudy,Normal
S007,Airport Road,2026-05-02 07:35:00,207,28.9,Medium,Clear,Normal
S005,Durres Road,2026-05-02 07:40:00,220,18.2,High,Rainy,Normal
S007,Airport Road,2026-05-02 07:45:00,215,25.0,Medium,Foggy,Normal
S003,Student City,2026-05-02 07:50:00,240,21.8,High,Foggy,Normal
S002,Ring Road,2026-05-02 07:55:00,170,36.4,Medium,Rainy,Heavy Traffic
S007,Airport Road,2026-05-02 08:00:00,188,25.8,Medium,Rainy,Normal
S006,Zogu i Zi,2026-05-02 08:05:00,203,26.5,Medium,Rainy,Heavy Traffic
S006,Zogu i Zi,2026-05-02 08:10:00,221,26.9,Medium,Foggy,Normal
S007,Airport Road,2026-05-02 08:15:00,267,21.4,High,Clear,Normal
S001,Tirana Center,2026-05-02 08:20:00,191,8,High,Cloudy,Normal
S001,Tirana Center,2026-05-02 08:25:00,255,8,High,Clear,Normal
S002,Ring Road,2026-05-02 08:30:00,231,8.3,High,Rainy,Normal
S007,Airport Road,2026-05-02 08:35:00,293,8,High,Cloudy,Normal
S007,Airport Road,2026-05-02 08:40:00,259,15.2,High,Cloudy,Normal
S007,Airport Road,2026-05-02 08:45:00,240,14.0,High,Clear,Normal
S005,Durres Road,2026-05-02 08:50:00,262,18.2,High,Rainy,Normal
S006,Zogu i Zi,2026-05-02 08:55:00,260,8.3,High,Cloudy,Normal
S008,New Boulevard,2026-05-02 09:00:00,247,19.3,High,Cloudy,Normal
S006,Zogu i Zi,2026-05-02 09:05:00,252,20.7,High,Foggy,Normal
S007,Airport Road,2026-05-02 09:10:00,185,20.7,High,Cloudy,Normal
S004,Blloku,2026-05-02 09:15:00,226,25.6,Medium,Cloudy,Normal
S007,Airport Road,2026-05-02 09:20:00,167,39.7,Medium,Cloudy,Accident
S005,Durres Road,2026-05-02 09:25:00,308,8,High,Rainy,Normal
S002,Ring Road,2026-05-02 09:30:00,244,9.5,High,Foggy,Normal
S005,Durres Road,2026-05-02 09:35:00,238,17.6,High,Cloudy,Normal
S007,Airport Road,2026-05-02 09:40:00,209,33.4,Medium,Rainy,Normal
S008,New Boulevard,2026-05-02 09:45:00,220,21.8,High,Rainy,Normal
S003,Student City,2026-05-02 09:50:00,191,26.8,Medium,Rainy,Normal
S004,Blloku,2026-05-02 09:55:00,194,21.0,High,Rainy,Normal
S002,Ring Road,2026-05-02 10:00:00,131,40.2,Low,Cloudy,Normal
S004,Blloku,2026-05-02 10:05:00,81,43.2,Low,Clear,Normal
S002,Ring Road,2026-05-02 10:10:00,110,34.7,Medium,Cloudy,Normal
S003,Student City,2026-05-02 10:15:00,100,49.0,Low,Rainy,Normal
S005,Durres Road,2026-05-02 10:20:00,104,53.8,Low,Clear,Normal
S004,Blloku,2026-05-02 10:25:00,103,35.5,Medium,Foggy,Normal
S007,Airport Road,2026-05-02 10:30:00,73,55.5,Low,Foggy,Normal
S005,Durres Road,2026-05-02 10:35:00,47,41.2,Low,Rainy,Normal
S008,New Boulevard,2026-05-02 10:40:00,192,24.1,Medium,Rainy,Normal
S006,Zogu i Zi,2026-05-02 10:45:00,108,35.9,Medium,Cloudy,Normal
S006,Zogu i Zi,2026-05-02 10:50:00,124,29.1,Medium,Foggy,Normal
S007,Airport Road,2026-05-02 10:55:00,117,25.5,Medium,Rainy,Normal
S008,New Boulevard,2026-05-02 11:00:00,102,41.5,Low,Foggy,Normal
S007,Airport Road,2026-05-02 11:05:00,145,33.6,Medium,Rainy,Normal
S005,Durres Road,2026-05-02 11:10:00,111,33.5,Medium,Foggy,Normal
S004,Blloku,2026-05-02 11:15:00,117,43.4,Low,Cloudy,Normal
S005,Durres Road,2026-05-02 11:20:00,138,34.0,Medium,Foggy,Normal
S001,Tirana Center,2026-05-02 11:25:00,20,47.0,Low,Cloudy,Normal
S002,Ring Road,2026-05-02 11:30:00,97,19.2,High,Clear,Accident
S007,Airport Road,2026-05-02 11:35:00,57,44.1,Low,Cloudy,Normal
S001,Tirana Center,2026-05-02 11:40:00,71,59.6,Low,Foggy,Normal
S005,Durres Road,2026-05-02 11:45:00,115,33.0,Medium,Rainy,Normal
S003,Student City,2026-05-02 11:50:00,101,39.6,Low,Cloudy,Normal
S008,New Boulevard,2026-05-02 11:55:00,81,39.2,Low,Foggy,Accident
S007,Airport Road,2026-05-02 12:00:00,110,51.2,Low,Foggy,Normal
S001,Tirana Center,2026-05-02 12:05:00,64,44.2,Low,Clear,Normal
S003,Student City,2026-05-02 12:10:00,102,43.1,Low,Clear,Normal
S001,Tirana Center,2026-05-02 12:15:00,129,26.6,Medium,Rainy,Normal
S004,Blloku,2026-05-02 12:20:00,93,35.4,Medium,Cloudy,Normal
S007,Airport Road,2026-05-02 12:25:00,89,44.2,Low,Foggy,Normal
S002,Ring Road,2026-05-02 12:30:00,68,40.3,Low,Clear,Normal
S003,Student City,2026-05-02 12:35:00,85,36.0,Medium,Rainy,Normal
S004,Blloku,2026-05-02 12:40:00,57,57.0,Low,Clear,Normal
S003,Student City,2026-05-02 12:45:00,115,32.3,Medium,Rainy,Normal
S004,Blloku,2026-05-02 12:50:00,109,50.5,Low,Cloudy,Normal
S003,Student City,2026-05-02 12:55:00,149,49.0,Low,Rainy,Normal
S007,Airport Road,2026-05-02 13:00:00,64,47.9,Low,Foggy,Normal
S004,Blloku,2026-05-02 13:05:00,135,43.3,Low,Clear,Normal
S002,Ring Road,2026-05-02 13:10:00,133,26.7,Medium,Foggy,Heavy Traffic
S003,Student City,2026-05-02 13:15:00,126,39.5,Low,Foggy,Normal
S006,Zogu i Zi,2026-05-02 13:20:00,125,41.8,Low,Rainy,Normal
S002,Ring Road,2026-05-02 13:25:00,25,50.0,Low,Rainy,Normal
S005,Durres Road,2026-05-02 13:30:00,74,42.5,Low,Foggy,Normal
S001,Tirana Center,2026-05-02 13:35:00,87,54.7,Low,Rainy,Normal
S008,New Boulevard,2026-05-02 13:40:00,148,27.1,Medium,Foggy,Normal
S008,New Boulevard,2026-05-02 13:45:00,167,24.7,Medium,Clear,Normal
S003,Student City,2026-05-02 13:50:00,173,38.5,Medium,Foggy,Normal
S002,Ring Road,2026-05-02 13:55:00,99,43.2,Low,Rainy,Normal
S005,Durres Road,2026-05-02 14:00:00,106,41.7,Low,Rainy,Normal
S006,Zogu i Zi,2026-05-02 14:05:00,187,29.8,Medium,Clear,Normal
S008,New Boulevard,2026-05-02 14:10:00,88,57.8,Low,Cloudy,Normal
S001,Tirana Center,2026-05-02 14:15:00,55,49.4,Low,Rainy,Normal
S004,Blloku,2026-05-02 14:20:00,73,57.8,Low,Clear,Normal
S008,New Boulevard,2026-05-02 14:25:00,112,39.7,Low,Rainy,Normal
S006,Zogu i Zi,2026-05-02 14:30:00,103,40.9,Low,Foggy,Normal
S004,Blloku,2026-05-02 14:35:00,71,47.9,Low,Rainy,Normal
S007,Airport Road,2026-05-02 14:40:00,72,47.4,Low,Cloudy,Normal
S002,Ring Road,2026-05-02 14:45:00,114,47.1,Low,Foggy,Normal
S008,New Boulevard,2026-05-02 14:50:00,56,45.3,Low,Clear,Normal
S006,Zogu i Zi,2026-05-02 14:55:00,122,47.4,Low,Foggy,Heavy Traffic
S001,Tirana Center,2026-05-02 15:00:00,84,37.2,Medium,Cloudy,Normal
S001,Tirana Center,2026-05-02 15:05:00,54,52.1,Low,Clear,Normal
S003,Student City,2026-05-02 15:10:00,167,20.1,High,Cloudy,Normal
S006,Zogu i Zi,2026-05-02 15:15:00,157,21.5,High,Cloudy,Normal
S003,Student City,2026-05-02 15:20:00,106,48.3,Low,Clear,Normal
S007,Airport Road,2026-05-02 15:25:00,109,40.3,Low,Rainy,Normal
S003,Student City,2026-05-02 15:30:00,107,43.0,Low,Cloudy,Normal
S007,Airport Road,2026-05-02 15:35:00,111,48.2,Low,Rainy,Heavy Traffic
S008,New Boulevard,2026-05-02 15:40:00,102,36.2,Medium,Rainy,Normal
S007,Airport Road,2026-05-02 15:45:00,60,61.1,Low,Clear,Accident
S005,Durres Road,2026-05-02 15:50:00,66,42.7,Low,Rainy,Normal
S002,Ring Road,2026-05-02 15:55:00,51,47.7,Low,Cloudy,Normal
S002,Ring Road,2026-05-02 16:00:00,146,29.0,Medium,Foggy,Normal
S003,Student City,2026-05-02 16:05:00,182,27.0,Medium,Cloudy,Normal
S002,Ring Road,2026-05-02 16:10:00,193,26.7,Medium,Cloudy,Normal
S001,Tirana Center,2026-05-02 16:15:00,244,8.3,High,Cloudy,Normal
S005,Durres Road,2026-05-02 16:20:00,186,21.9,High,Clear,Normal
S004,Blloku,2026-05-02 16:25:00,214,27.2,Medium,Cloudy,Normal
S008,New Boulevard,2026-05-02 16:30:00,226,24.4,Medium,Clear,Normal
S004,Blloku,2026-05-02 16:35:00,182,29.5,Medium,Clear,Normal
S005,Durres Road,2026-05-02 16:40:00,255,19.1,High,Clear,Normal
S004,Blloku,2026-05-02 16:45:00,209,31.9,Medium,Cloudy,Normal
S005,Durres Road,2026-05-02 16:50:00,224,27.5,Medium,Cloudy,Normal
S003,Student City,2026-05-02 16:55:00,233,22.7,Medium,Clear,Normal
S007,Airport Road,2026-05-02 17:00:00,319,8,High,Foggy,Normal
S008,New Boulevard,2026-05-02 17:05:00,228,29.4,Medium,Foggy,Normal
S003,Student City,2026-05-02 17:10:00,199,38.9,Medium,Cloudy,Roadwork
S007,Airport Road,2026-05-02 17:15:00,265,29.3,High,Foggy,Normal
S003,Student City,2026-05-02 17:20:00,187,37.3,Medium,Foggy,Normal
S003,Student City,2026-05-02 17:25:00,200,8,High,Rainy,Normal
S001,Tirana Center,2026-05-02 17:30:00,181,13.0,High,Foggy,Normal
S004,Blloku,2026-05-02 17:35:00,179,33.6,Medium,Cloudy,Normal
S004,Blloku,2026-05-02 17:40:00,196,14.6,High,Cloudy,Accident
S006,Zogu i Zi,2026-05-02 17:45:00,251,15.1,High,Foggy,Normal
S002,Ring Road,2026-05-02 17:50:00,183,33.6,Medium,Cloudy,Normal
S002,Ring Road,2026-05-02 17:55:00,134,42.6,Low,Rainy,Normal
S007,Airport Road,2026-05-02 18:00:00,281,15.4,High,Cloudy,Normal
S002,Ring Road,2026-05-02 18:05:00,239,21.5,High,Rainy,Normal
S006,Zogu i Zi,2026-05-02 18:10:00,221,18.0,High,Rainy,Normal
S007,Airport Road,2026-05-02 18:15:00,260,21.1,High,Clear,Normal
S007,Airport Road,2026-05-02 18:20:00,227,16.3,High,Foggy,Normal
S004,Blloku,2026-05-02 18:25:00,228,8,High,Foggy,Normal
S008,New Boulevard,2026-05-02 18:30:00,218,37.9,Medium,Foggy,Normal
S005,Durres Road,2026-05-02 18:35:00,287,8,High,Rainy,Normal
S005,Durres Road,2026-05-02 18:40:00,224,30.5,Medium,Rainy,Normal
S005,Durres Road,2026-05-02 18:45:00,240,9.1,High,Clear,Normal
S001,Tirana Center,2026-05-02 18:50:00,206,31.3,Medium,Cloudy,Normal
S005,Durres Road,2026-05-02 18:55:00,258,11.1,High,Rainy,Normal
S006,Zogu i Zi,2026-05-02 19:00:00,88,49.1,Low,Cloudy,Normal
S002,Ring Road,2026-05-02 19:05:00,132,37.3,Medium,Foggy,Normal
S008,New Boulevard,2026-05-02 19:10:00,146,43.3,Low,Rainy,Normal
S007,Airport Road,2026-05-02 19:15:00,74,41.8,Low,Rainy,Normal
S007,Airport Road,2026-05-02 19:20:00,76,35.7,Medium,Cloudy,Accident
S007,Airport Road,2026-05-02 19:25:00,116,47.0,Low,Foggy,Normal
S008,New Boulevard,2026-05-02 19:30:00,103,37.3,Medium,Cloudy,Normal
S008,New Boulevard,2026-05-02 19:35:00,90,48.9,Low,Cloudy,Normal
S006,Zogu i Zi,2026-05-02 19:40:00,31,47.6,Low,Cloudy,Normal
S002,Ring Road,2026-05-02 19:45:00,116,34.5,Medium,Foggy,Normal
S003,Student City,2026-05-02 19:50:00,104,39.3,Low,Rainy,Normal
S001,Tirana Center,2026-05-02 19:55:00,142,37.4,Medium,Foggy,Normal
S008,New Boulevard,2026-05-02 20:00:00,106,40.4,Low,Foggy,Roadwork
S005,Durres Road,2026-05-02 20:05:00,119,32.2,Medium,Foggy,Normal
S007,Airport Road,2026-05-02 20:10:00,98,50.4,Low,Foggy,Roadwork
S004,Blloku,2026-05-02 20:15:00,63,68.8,Low,Foggy,Normal
S001,Tirana Center,2026-05-02 20:20:00,91,56.8,Low,Rainy,Normal
S005,Durres Road,2026-05-02 20:25:00,106,37.5,Medium,Clear,Normal
S006,Zogu i Zi,2026-05-02 20:30:00,98,42.5,Low,Cloudy,Normal
S003,Student City,2026-05-02 20:35:00,135,51.4,Low,Foggy,Normal
S008,New Boulevard,2026-05-02 20:40:00,78,43.2,Low,Cloudy,Normal
S003,Student City,2026-05-02 20:45:00,46,54.2,Low,Rainy,Normal
S005,Durres Road,2026-05-02 20:50:00,176,37.0,Medium,Foggy,Normal
S002,Ring Road,2026-05-02 20:55:00,102,37.8,Medium,Rainy,Normal
S002,Ring Road,2026-05-02 21:00:00,117,36.7,Medium,Rainy,Accident
S002,Ring Road,2026-05-02 21:05:00,116,42.7,Low,Clear,Normal
S008,New Boulevard,2026-05-02 21:10:00,98,47.7,Low,Rainy,Normal
S006,Zogu i Zi,2026-05-02 21:15:00,70,46.2,Low,Clear,Normal
S003,Student City,2026-05-02 21:20:00,167,33.4,Medium,Rainy,Normal
S007,Airport Road,2026-05-02 21:25:00,103,47.2,Low,Clear,Normal
S004,Blloku,2026-05-02 21:30:00,130,37.1,Medium,Rainy,Normal
S007,Airport Road,2026-05-02 21:35:00,178,21.9,High,Clear,Normal
S005,Durres Road,2026-05-02 21:40:00,136,17.7,High,Foggy,Normal
S002,Ring Road,2026-05-02 21:45:00,91,50.7,Low,Cloudy,Normal
S003,Student City,2026-05-02 21:50:00,62,38.2,Low,Rainy,Normal
S004,Blloku,2026-05-02 21:55:00,154,20.8,High,Clear,Normal
S008,New Boulevard,2026-05-02 22:00:00,169,35.1,Medium,Clear,Normal
S002,Ring Road,2026-05-02 22:05:00,186,38.5,Medium,Foggy,Normal
S001,Tirana Center,2026-05-02 22:10:00,89,53.6,Low,Clear,Normal
S006,Zogu i Zi,2026-05-02 22:15:00,100,32.6,Medium,Cloudy,Normal
S003,Student City,2026-05-02 22:20:00,31,40.3,Low,Cloudy,Normal
S007,Airport Road,2026-05-02 22:25:00,76,38.6,Low,Clear,Normal
S003,Student City,2026-05-02 22:30:00,78,45.7,Low,Rainy,Normal
S001,Tirana Center,2026-05-02 22:35:00,74,33.4,Medium,Cloudy,Normal
S003,Student City,2026-05-02 22:40:00,127,34.6,Medium,Cloudy,Normal
S006,Zogu i Zi,2026-05-02 22:45:00,70,31.9,Medium,Foggy,Normal
S005,Durres Road,2026-05-02 22:50:00,90,39.6,Low,Foggy,Normal
S005,Durres Road,2026-05-02 22:55:00,93,50.0,Low,Clear,Normal
S008,New Boulevard,2026-05-02 23:00:00,110,25.3,Medium,Cloudy,Normal
S006,Zogu i Zi,2026-05-02 23:05:00,125,27.5,Medium,Clear,Normal
S007,Airport Road,2026-05-02 23:10:00,70,58.4,Low,Rainy,Normal
S007,Airport Road,2026-05-02 23:15:00,115,33.4,Medium,Rainy,Normal
S004,Blloku,2026-05-02 23:20:00,80,44.4,Low,Rainy,Normal
S007,Airport Road,2026-05-02 23:25:00,126,43.3,Low,Foggy,Normal
S001,Tirana Center,2026-05-02 23:30:00,108,38.6,Low,Foggy,Normal
S001,Tirana Center,2026-05-02 23:35:00,99,37.0,Medium,Cloudy,Normal
S006,Zogu i Zi,2026-05-02 23:40:00,92,53.5,Low,Cloudy,Normal
S005,Durres Road,2026-05-02 23:45:00,117,41.4,Low,Clear,Normal
S006,Zogu i Zi,2026-05-02 23:50:00,80,37.2,Medium,Cloudy,Roadwork
S004,Blloku,2026-05-02 23:55:00,95,40.2,Low,Clear,Heavy Traffic
S002,Ring Road,2026-05-03 00:00:00,143,10.2,High,Cloudy,Normal
S002,Ring Road,2026-05-03 00:05:00,141,29.3,Medium,Rainy,Normal
S007,Airport Road,2026-05-03 00:10:00,97,43.6,Low,Cloudy,Normal
S005,Durres Road,2026-05-03 00:15:00,123,37.7,Medium,Foggy,Normal
S002,Ring Road,2026-05-03 00:20:00,152,29.4,Medium,Clear,Normal
S008,New Boulevard,2026-05-03 00:25:00,45,44.4,Low,Foggy,Heavy Traffic
S006,Zogu i Zi,2026-05-03 00:30:00,122,31.1,Medium,Foggy,Normal
S008,New Boulevard,2026-05-03 00:35:00,114,47.5,Low,Rainy,Normal
S003,Student City,2026-05-03 00:40:00,142,32.7,Medium,Cloudy,Roadwork
S001,Tirana Center,2026-05-03 00:45:00,99,44.2,Low,Rainy,Heavy Traffic
S002,Ring Road,2026-05-03 00:50:00,122,41.9,Low,Foggy,Heavy Traffic
S003,Student City,2026-05-03 00:55:00,96,40.5,Low,Rainy,Normal
S006,Zogu i Zi,2026-05-03 01:00:00,105,39.5,Low,Cloudy,Normal
S006,Zogu i Zi,2026-05-03 01:05:00,90,40.4,Low,Rainy,Normal
S005,Durres Road,2026-05-03 01:10:00,48,42.6,Low,Cloudy,Normal
S004,Blloku,2026-05-03 01:15:00,135,28.9,Medium,Clear,Normal
S001,Tirana Center,2026-05-03 01:20:00,127,26.4,Medium,Clear,Heavy Traffic
S006,Zogu i Zi,2026-05-03 01:25:00,133,20.6,High,Cloudy,Normal
S005,Durres Road,2026-05-03 01:30:00,130,29.2,Medium,Foggy,Normal
S004,Blloku,2026-05-03 01:35:00,187,27.7,Medium,Rainy,Heavy Traffic
S007,Airport Road,2026-05-03 01:40:00,101,25.5,Medium,Clear,Normal
S007,Airport Road,2026-05-03 01:45:00,168,27.8,Medium,Cloudy,Roadwork
S006,Zogu i Zi,2026-05-03 01:50:00,73,49.5,Low,Foggy,Normal
S001,Tirana Center,2026-05-03 01:55:00,158,37.8,Medium,Rainy,Normal
S005,Durres Road,2026-05-03 02:00:00,125,35.0,Medium,Clear,Normal
S004,Blloku,2026-05-03 02:05:00,137,23.9,Medium,Rainy,Normal
S008,New Boulevard,2026-05-03 02:10:00,108,55.9,Low,Foggy,Normal
S002,Ring Road,2026-05-03 02:15:00,125,44.2,Low,Rainy,Accident
S008,New Boulevard,2026-05-03 02:20:00,135,32.2,Medium,Foggy,Normal
S007,Airport Road,2026-05-03 02:25:00,84,47.2,Low,Foggy,Normal
S007,Airport Road,2026-05-03 02:30:00,98,38.5,Low,Rainy,Normal
S001,Tirana Center,2026-05-03 02:35:00,70,44.3,Low,Rainy,Normal
S001,Tirana Center,2026-05-03 02:40:00,156,57.6,Medium,Rainy,Normal
S004,Blloku,2026-05-03 02:45:00,109,40.5,Low,Rainy,Normal
S003,Student City,2026-05-03 02:50:00,57,57.1,Low,Rainy,Normal
S005,Durres Road,2026-05-03 02:55:00,119,39.6,Low,Foggy,Normal
S006,Zogu i Zi,2026-05-03 03:00:00,46,43.8,Low,Foggy,Normal
S001,Tirana Center,2026-05-03 03:05:00,153,15.0,High,Cloudy,Normal
S001,Tirana Center,2026-05-03 03:10:00,37,44.2,Low,Foggy,Normal
S008,New Boulevard,2026-05-03 03:15:00,101,50.0,Low,Cloudy,Normal
S008,New Boulevard,2026-05-03 03:20:00,172,13.5,High,Foggy,Normal
S006,Zogu i Zi,2026-05-03 03:25:00,118,37.4,Medium,Clear,Normal
S008,New Boulevard,2026-05-03 03:30:00,69,50.9,Low,Foggy,Normal
S004,Blloku,2026-05-03 03:35:00,128,38.2,Low,Foggy,Normal
S006,Zogu i Zi,2026-05-03 03:40:00,130,25.4,Medium,Clear,Normal
S008,New Boulevard,2026-05-03 03:45:00,96,33.1,Medium,Cloudy,Normal
S003,Student City,2026-05-03 03:50:00,105,48.2,Low,Foggy,Accident
S004,Blloku,2026-05-03 03:55:00,81,40.9,Low,Rainy,Normal
S005,Durres Road,2026-05-03 04:00:00,75,47.4,Low,Clear,Roadwork
S005,Durres Road,2026-05-03 04:05:00,123,32.8,Medium,Cloudy,Accident
S008,New Boulevard,2026-05-03 04:10:00,118,35.1,Medium,Foggy,Normal
S006,Zogu i Zi,2026-05-03 04:15:00,88,38.3,Low,Rainy,Normal
S006,Zogu i Zi,2026-05-03 04:20:00,144,23.2,Medium,Foggy,Normal
S007,Airport Road,2026-05-03 04:25:00,110,47.0,Low,Rainy,Roadwork
S001,Tirana Center,2026-05-03 04:30:00,152,34.5,Medium,Cloudy,Normal
S002,Ring Road,2026-05-03 04:35:00,58,50.9,Low,Foggy,Normal
S002,Ring Road,2026-05-03 04:40:00,90,56.9,Low,Clear,Normal
S003,Student City,2026-05-03 04:45:00,100,50.8,Low,Foggy,Roadwork
S001,Tirana Center,2026-05-03 04:50:00,96,63.0,Low,Cloudy,Normal
S008,New Boulevard,2026-05-03 04:55:00,118,53.7,Low,Foggy,Normal
S007,Airport Road,2026-05-03 05:00:00,120,37.2,Medium,Cloudy,Normal
S002,Ring Road,2026-05-03 05:05:00,68,34.0,Medium,Cloudy,Normal
S001,Tirana Center,2026-05-03 05:10:00,149,34.5,Medium,Foggy,Normal
S005,Durres Road,2026-05-03 05:15:00,58,45.9,Low,Rainy,Heavy Traffic
S006,Zogu i Zi,2026-05-03 05:20:00,91,43.5,Low,Clear,Normal
S005,Durres Road,2026-05-03 05:25:00,134,25.2,Medium,Foggy,Normal
S006,Zogu i Zi,2026-05-03 05:30:00,80,54.5,Low,Cloudy,Roadwork
S007,Airport Road,2026-05-03 05:35:00,139,36.2,Medium,Clear,Normal
S006,Zogu i Zi,2026-05-03 05:40:00,55,42.1,Low,Clear,Normal
S005,Durres Road,2026-05-03 05:45:00,62,54.4,Low,Rainy,Normal
S003,Student City,2026-05-03 05:50:00,108,46.3,Low,Cloudy,Normal
S004,Blloku,2026-05-03 05:55:00,79,49.9,Low,Rainy,Normal
S008,New Boulevard,2026-05-03 06:00:00,100,49.7,Low,Rainy,Normal
S003,Student City,2026-05-03 06:05:00,132,49.0,Low,Clear,Normal
S002,Ring Road,2026-05-03 06:10:00,126,38.8,Low,Clear,Normal
S008,New Boulevard,2026-05-03 06:15:00,152,36.5,Medium,Cloudy,Normal
S001,Tirana Center,2026-05-03 06:20:00,141,30.1,Medium,Clear,Normal
S005,Durres Road,2026-05-03 06:25:00,123,33.1,Medium,Clear,Normal
S003,Student City,2026-05-03 06:30:00,149,9.2,High,Cloudy,Normal
S001,Tirana Center,2026-05-03 06:35:00,101,29.6,Medium,Cloudy,Normal
S006,Zogu i Zi,2026-05-03 06:40:00,108,45.7,Low,Clear,Normal
S002,Ring Road,2026-05-03 06:45:00,47,67.7,Low,Clear,Normal
S007,Airport Road,2026-05-03 06:50:00,20,62.3,Low,Rainy,Normal
S003,Student City,2026-05-03 06:55:00,125,46.8,Low,Clear,Normal
S004,Blloku,2026-05-03 07:00:00,256,8,High,Rainy,Normal
S003,Student City,2026-05-03 07:05:00,150,37.4,Medium,Clear,Accident
S008,New Boulevard,2026-05-03 07:10:00,218,8,High,Rainy,Roadwork
S003,Student City,2026-05-03 07:15:00,205,24.0,Medium,Clear,Normal
S004,Blloku,2026-05-03 07:20:00,286,11.0,High,Rainy,Normal
S002,Ring Road,2026-05-03 07:25:00,240,23.2,Medium,Rainy,Normal
S007,Airport Road,2026-05-03 07:30:00,253,27.5,High,Foggy,Normal
S007,Airport Road,2026-05-03 07:35:00,197,8,High,Cloudy,Normal
S006,Zogu i Zi,2026-05-03 07:40:00,233,23.7,Medium,Foggy,Normal
S007,Airport Road,2026-05-03 07:45:00,271,8,High,Rainy,Normal
S005,Durres Road,2026-05-03 07:50:00,240,26.9,Medium,Foggy,Normal
S007,Airport Road,2026-05-03 07:55:00,245,18.4,High,Rainy,Normal
S002,Ring Road,2026-05-03 08:00:00,244,26.2,Medium,Foggy,Normal
S006,Zogu i Zi,2026-05-03 08:05:00,263,8,High,Cloudy,Accident
S005,Durres Road,2026-05-03 08:10:00,215,21.2,High,Foggy,Normal
S003,Student City,2026-05-03 08:15:00,171,35.3,Medium,Clear,Normal
S003,Student City,2026-05-03 08:20:00,238,14.9,High,Clear,Normal
S004,Blloku,2026-05-03 08:25:00,168,25.3,Medium,Cloudy,Normal
S001,Tirana Center,2026-05-03 08:30:00,176,26.2,Medium,Cloudy,Normal
S001,Tirana Center,2026-05-03 08:35:00,166,26.5,Medium,Foggy,Normal
S001,Tirana Center,2026-05-03 08:40:00,243,9.2,High,Foggy,Roadwork
S002,Ring Road,2026-05-03 08:45:00,230,18.6,High,Cloudy,Accident
S004,Blloku,2026-05-03 08:50:00,244,12.9,High,Clear,Normal
S002,Ring Road,2026-05-03 08:55:00,181,20.8,High,Clear,Normal
S006,Zogu i Zi,2026-05-03 09:00:00,170,25.9,Medium,Clear,Normal
S008,New Boulevard,2026-05-03 09:05:00,178,32.1,Medium,Cloudy,Normal
S006,Zogu i Zi,2026-05-03 09:10:00,198,25.7,Medium,Foggy,Normal
S005,Durres Road,2026-05-03 09:15:00,183,18.5,High,Rainy,Normal
S005,Durres Road,2026-05-03 09:20:00,219,8,High,Clear,Normal
S001,Tirana Center,2026-05-03 09:25:00,264,8,High,Clear,Normal
S008,New Boulevard,2026-05-03 09:30:00,223,16.8,High,Cloudy,Normal
S007,Airport Road,2026-05-03 09:35:00,289,18.4,High,Rainy,Roadwork
S003,Student City,2026-05-03 09:40:00,193,23.9,Medium,Foggy,Normal
S008,New Boulevard,2026-05-03 09:45:00,188,24.7,Medium,Clear,Normal
S008,New Boulevard,2026-05-03 09:50:00,252,8,High,Clear,Roadwork
S004,Blloku,2026-05-03 09:55:00,198,29.5,Medium,Foggy,Normal
S001,Tirana Center,2026-05-03 10:00:00,81,57.1,Low,Cloudy,Roadwork
S002,Ring Road,2026-05-03 10:05:00,103,39.0,Low,Cloudy,Normal
S002,Ring Road,2026-05-03 10:10:00,100,45.6,Low,Cloudy,Normal
S004,Blloku,2026-05-03 10:15:00,148,46.8,Low,Rainy,Normal
S006,Zogu i Zi,2026-05-03 10:20:00,117,41.3,Low,Rainy,Normal
S003,Student City,2026-05-03 10:25:00,74,46.2,Low,Cloudy,Normal
S007,Airport Road,2026-05-03 10:30:00,96,39.0,Low,Clear,Normal
S003,Student City,2026-05-03 10:35:00,93,39.6,Low,Cloudy,Normal
S007,Airport Road,2026-05-03 10:40:00,74,52.7,Low,Cloudy,Normal
S004,Blloku,2026-05-03 10:45:00,108,38.0,Medium,Foggy,Normal
S006,Zogu i Zi,2026-05-03 10:50:00,111,46.0,Low,Rainy,Normal
S002,Ring Road,2026-05-03 10:55:00,153,36.3,Medium,Foggy,Normal
S005,Durres Road,2026-05-03 11:00:00,126,33.6,Medium,Foggy,Heavy Traffic
S006,Zogu i Zi,2026-05-03 11:05:00,27,43.7,Low,Clear,Normal
S003,Student City,2026-05-03 11:10:00,58,58.2,Low,Foggy,Normal
S008,New Boulevard,2026-05-03 11:15:00,145,17.4,High,Clear,Accident
S003,Student City,2026-05-03 11:20:00,60,47.2,Low,Rainy,Heavy Traffic
S007,Airport Road,2026-05-03 11:25:00,95,44.4,Low,Cloudy,Normal
S007,Airport Road,2026-05-03 11:30:00,118,37.0,Medium,Cloudy,Normal
S004,Blloku,2026-05-03 11:35:00,142,27.5,Medium,Rainy,Normal
S007,Airport Road,2026-05-03 11:40:00,159,23.7,Medium,Foggy,Normal
S003,Student City,2026-05-03 11:45:00,84,28.9,Medium,Clear,Normal
S008,New Boulevard,2026-05-03 11:50:00,144,37.1,Medium,Rainy,Normal
S008,New Boulevard,2026-05-03 11:55:00,130,48.1,Low,Cloudy,Normal
S008,New Boulevard,2026-05-03 12:00:00,146,45.5,Low,Cloudy,Normal
S001,Tirana Center,2026-05-03 12:05:00,129,48.8,Low,Foggy,Normal
S006,Zogu i Zi,2026-05-03 12:10:00,120,25.9,Medium,Rainy,Normal
S007,Airport Road,2026-05-03 12:15:00,120,24.3,Medium,Foggy,Normal
S004,Blloku,2026-05-03 12:20:00,102,42.3,Low,Rainy,Normal
S005,Durres Road,2026-05-03 12:25:00,143,29.4,Medium,Cloudy,Roadwork
S002,Ring Road,2026-05-03 12:30:00,119,31.7,Medium,Clear,Normal
S004,Blloku,2026-05-03 12:35:00,42,49.6,Low,Foggy,Normal
S008,New Boulevard,2026-05-03 12:40:00,100,31.9,Medium,Clear,Roadwork
S007,Airport Road,2026-05-03 12:45:00,106,42.0,Low,Rainy,Normal
S007,Airport Road,2026-05-03 12:50:00,30,45.5,Low,Cloudy,Normal
S002,Ring Road,2026-05-03 12:55:00,106,37.1,Medium,Clear,Normal
S006,Zogu i Zi,2026-05-03 13:00:00,144,9.6,High,Foggy,Normal
S005,Durres Road,2026-05-03 13:05:00,138,34.9,Medium,Foggy,Normal
S004,Blloku,2026-05-03 13:10:00,82,43.3,Low,Rainy,Normal
S008,New Boulevard,2026-05-03 13:15:00,94,51.8,Low,Clear,Normal
S003,Student City,2026-05-03 13:20:00,163,26.6,Medium,Clear,Normal
S006,Zogu i Zi,2026-05-03 13:25:00,20,53.2,Low,Clear,Normal
S002,Ring Road,2026-05-03 13:30:00,140,31.9,Medium,Rainy,Normal
S008,New Boulevard,2026-05-03 13:35:00,127,49.4,Low,Rainy,Normal
S006,Zogu i Zi,2026-05-03 13:40:00,20,50.4,Low,Cloudy,Normal
S006,Zogu i Zi,2026-05-03 13:45:00,57,65.5,Low,Cloudy,Normal
S003,Student City,2026-05-03 13:50:00,131,43.5,Low,Cloudy,Heavy Traffic
S006,Zogu i Zi,2026-05-03 13:55:00,151,35.4,Medium,Foggy,Roadwork
S001,Tirana Center,2026-05-03 14:00:00,94,29.1,Medium,Rainy,Normal
S004,Blloku,2026-05-03 14:05:00,168,29.3,Medium,Rainy,Normal
S005,Durres Road,2026-05-03 14:10:00,65,43.4,Low,Foggy,Normal
S002,Ring Road,2026-05-03 14:15:00,80,56.5,Low,Foggy,Normal
S001,Tirana Center,2026-05-03 14:20:00,54,50.8,Low,Clear,Normal
S001,Tirana Center,2026-05-03 14:25:00,67,58.9,Low,Foggy,Normal
S005,Durres Road,2026-05-03 14:30:00,193,18.8,High,Foggy,Normal
S002,Ring Road,2026-05-03 14:35:00,117,57.5,Low,Clear,Roadwork
S006,Zogu i Zi,2026-05-03 14:40:00,85,31.0,Medium,Clear,Normal
S007,Airport Road,2026-05-03 14:45:00,112,40.2,Low,Clear,Normal
S006,Zogu i Zi,2026-05-03 14:50:00,126,25.4,Medium,Cloudy,Normal
S003,Student City,2026-05-03 14:55:00,97,31.6,Medium,Rainy,Normal
S003,Student City,2026-05-03 15:00:00,80,30.5,Medium,Foggy,Normal
S003,Student City,2026-05-03 15:05:00,153,47.9,Medium,Rainy,Normal
S007,Airport Road,2026-05-03 15:10:00,75,46.8,Low,Cloudy,Heavy Traffic
S008,New Boulevard,2026-05-03 15:15:00,112,39.5,Low,Foggy,Normal
S006,Zogu i Zi,2026-05-03 15:20:00,84,27.5,Medium,Foggy,Normal
S002,Ring Road,2026-05-03 15:25:00,113,35.2,Medium,Cloudy,Normal
S003,Student City,2026-05-03 15:30:00,117,33.1,Medium,Foggy,Normal
S008,New Boulevard,2026-05-03 15:35:00,142,41.3,Low,Cloudy,Normal
S001,Tirana Center,2026-05-03 15:40:00,121,50.0,Low,Foggy,Roadwork
S008,New Boulevard,2026-05-03 15:45:00,135,46.8,Low,Cloudy,Normal
S008,New Boulevard,2026-05-03 15:50:00,128,52.4,Low,Cloudy,Normal
S004,Blloku,2026-05-03 15:55:00,73,48.3,Low,Foggy,Normal
S004,Blloku,2026-05-03 16:00:00,210,27.2,Medium,Clear,Normal
S003,Student City,2026-05-03 16:05:00,169,23.1,Medium,Cloudy,Normal
S008,New Boulevard,2026-05-03 16:10:00,239,18.6,High,Foggy,Normal
S003,Student City,2026-05-03 16:15:00,201,26.8,Medium,Foggy,Normal
S006,Zogu i Zi,2026-05-03 16:20:00,191,44.8,Medium,Foggy,Normal
S007,Airport Road,2026-05-03 16:25:00,221,12.2,High,Cloudy,Normal
S002,Ring Road,2026-05-03 16:30:00,230,24.7,Medium,Foggy,Normal
S008,New Boulevard,2026-05-03 16:35:00,232,33.9,Medium,Foggy,Heavy Traffic
S005,Durres Road,2026-05-03 16:40:00,221,13.3,High,Rainy,Normal
S006,Zogu i Zi,2026-05-03 16:45:00,247,8,High,Clear,Normal
S001,Tirana Center,2026-05-03 16:50:00,285,8,High,Foggy,Normal
S004,Blloku,2026-05-03 16:55:00,196,43.8,Medium,Foggy,Normal
S007,Airport Road,2026-05-03 17:00:00,275,13.0,High,Cloudy,Normal
S002,Ring Road,2026-05-03 17:05:00,190,30.0,Medium,Foggy,Normal
S005,Durres Road,2026-05-03 17:10:00,263,11.0,High,Clear,Normal
S002,Ring Road,2026-05-03 17:15:00,243,10.7,High,Cloudy,Normal
S003,Student City,2026-05-03 17:20:00,199,24.7,Medium,Foggy,Normal
S001,Tirana Center,2026-05-03 17:25:00,234,34.7,Medium,Cloudy,Normal
S001,Tirana Center,2026-05-03 17:30:00,204,8.9,High,Rainy,Normal
S001,Tirana Center,2026-05-03 17:35:00,259,16.0,High,Foggy,Normal
S008,New Boulevard,2026-05-03 17:40:00,257,13.2,High,Cloudy,Normal
S008,New Boulevard,2026-05-03 17:45:00,223,31.3,Medium,Clear,Roadwork
S001,Tirana Center,2026-05-03 17:50:00,197,36.1,Medium,Foggy,Normal
S004,Blloku,2026-05-03 17:55:00,212,32.8,Medium,Rainy,Normal
S007,Airport Road,2026-05-03 18:00:00,217,22.9,Medium,Cloudy,Normal
S007,Airport Road,2026-05-03 18:05:00,217,33.9,Medium,Cloudy,Normal
S001,Tirana Center,2026-05-03 18:10:00,281,8,High,Foggy,Normal
S005,Durres Road,2026-05-03 18:15:00,242,8.3,High,Clear,Normal
S002,Ring Road,2026-05-03 18:20:00,253,27.7,High,Foggy,Normal
S005,Durres Road,2026-05-03 18:25:00,239,18.3,High,Rainy,Normal
S005,Durres Road,2026-05-03 18:30:00,217,24.1,Medium,Cloudy,Normal
S008,New Boulevard,2026-05-03 18:35:00,209,14.5,High,Cloudy,Normal
S002,Ring Road,2026-05-03 18:40:00,228,8.1,High,Rainy,Normal
S008,New Boulevard,2026-05-03 18:45:00,208,20.3,High,Cloudy,Normal
S004,Blloku,2026-05-03 18:50:00,223,10.2,High,Clear,Heavy Traffic
S001,Tirana Center,2026-05-03 18:55:00,229,23.8,Medium,Foggy,Roadwork
S002,Ring Road,2026-05-03 19:00:00,41,53.4,Low,Foggy,Normal
S007,Airport Road,2026-05-03 19:05:00,147,23.1,Medium,Clear,Normal
S001,Tirana Center,2026-05-03 19:10:00,39,39.2,Low,Foggy,Normal
S001,Tirana Center,2026-05-03 19:15:00,85,51.1,Low,Rainy,Normal
S006,Zogu i Zi,2026-05-03 19:20:00,131,27.7,Medium,Rainy,Normal
S003,Student City,2026-05-03 19:25:00,37,42.1,Low,Clear,Normal
S004,Blloku,2026-05-03 19:30:00,20,54.4,Low,Foggy,Heavy Traffic
S007,Airport Road,2026-05-03 19:35:00,96,45.8,Low,Rainy,Normal
S007,Airport Road,2026-05-03 19:40:00,91,26.8,Medium,Clear,Normal
S008,New Boulevard,2026-05-03 19:45:00,84,55.5,Low,Foggy,Normal
S005,Durres Road,2026-05-03 19:50:00,205,16.5,High,Clear,Normal
S007,Airport Road,2026-05-03 19:55:00,163,41.4,Medium,Clear,Normal
S008,New Boulevard,2026-05-03 20:00:00,73,49.2,Low,Foggy,Normal
S002,Ring Road,2026-05-03 20:05:00,63,44.8,Low,Cloudy,Normal
S008,New Boulevard,2026-05-03 20:10:00,55,56.7,Low,Foggy,Normal
S002,Ring Road,2026-05-03 20:15:00,113,31.6,Medium,Foggy,Normal
S004,Blloku,2026-05-03 20:20:00,74,51.1,Low,Cloudy,Normal
S004,Blloku,2026-05-03 20:25:00,56,42.6,Low,Clear,Normal
S005,Durres Road,2026-05-03 20:30:00,89,36.0,Medium,Clear,Normal
S008,New Boulevard,2026-05-03 20:35:00,100,45.0,Low,Cloudy,Normal
S004,Blloku,2026-05-03 20:40:00,127,28.1,Medium,Clear,Normal
S002,Ring Road,2026-05-03 20:45:00,91,54.0,Low,Cloudy,Normal
S003,Student City,2026-05-03 20:50:00,135,43.4,Low,Rainy,Normal
S007,Airport Road,2026-05-03 20:55:00,70,45.8,Low,Rainy,Normal
S005,Durres Road,2026-05-03 21:00:00,134,26.9,Medium,Rainy,Normal
S002,Ring Road,2026-05-03 21:05:00,165,12.4,High,Clear,Normal
S006,Zogu i Zi,2026-05-03 21:10:00,71,38.5,Low,Clear,Normal
S004,Blloku,2026-05-03 21:15:00,94,36.1,Medium,Rainy,Normal
S002,Ring Road,2026-05-03 21:20:00,130,30.1,Medium,Rainy,Normal
S006,Zogu i Zi,2026-05-03 21:25:00,56,55.7,Low,Foggy,Normal
S007,Airport Road,2026-05-03 21:30:00,111,33.4,Medium,Foggy,Normal
S005,Durres Road,2026-05-03 21:35:00,65,46.2,Low,Clear,Accident
S006,Zogu i Zi,2026-05-03 21:40:00,86,52.5,Low,Cloudy,Accident
S007,Airport Road,2026-05-03 21:45:00,88,36.5,Medium,Clear,Heavy Traffic
S007,Airport Road,2026-05-03 21:50:00,36,65.4,Low,Rainy,Roadwork
S005,Durres Road,2026-05-03 21:55:00,73,46.9,Low,Foggy,Normal
S001,Tirana Center,2026-05-03 22:00:00,156,41.9,Medium,Rainy,Normal
S001,Tirana Center,2026-05-03 22:05:00,83,51.8,Low,Rainy,Normal
S003,Student City,2026-05-03 22:10:00,172,40.7,Medium,Rainy,Normal
S001,Tirana Center,2026-05-03 22:15:00,91,45.3,Low,Clear,Normal
S005,Durres Road,2026-05-03 22:20:00,106,37.3,Medium,Foggy,Normal
S007,Airport Road,2026-05-03 22:25:00,72,40.2,Low,Rainy,Normal
S005,Durres Road,2026-05-03 22:30:00,154,46.5,Medium,Clear,Normal
S006,Zogu i Zi,2026-05-03 22:35:00,95,42.9,Low,Rainy,Normal
S004,Blloku,2026-05-03 22:40:00,126,36.8,Medium,Rainy,Heavy Traffic
S005,Durres Road,2026-05-03 22:45:00,150,26.6,Medium,Cloudy,Normal
S007,Airport Road,2026-05-03 22:50:00,126,49.4,Low,Cloudy,Accident
S001,Tirana Center,2026-05-03 22:55:00,125,54.5,Low,Clear,Normal
S008,New Boulevard,2026-05-03 23:00:00,109,45.2,Low,Cloudy,Normal
S007,Airport Road,2026-05-03 23:05:00,124,35.5,Medium,Clear,Normal
S004,Blloku,2026-05-03 23:10:00,147,30.5,Medium,Cloudy,Normal
S004,Blloku,2026-05-03 23:15:00,142,16.3,High,Cloudy,Normal
S003,Student City,2026-05-03 23:20:00,146,40.0,Low,Rainy,Normal
S006,Zogu i Zi,2026-05-03 23:25:00,82,52.0,Low,Cloudy,Normal
S004,Blloku,2026-05-03 23:30:00,61,52.6,Low,Cloudy,Normal
S001,Tirana Center,2026-05-03 23:35:00,47,45.3,Low,Clear,Normal
S008,New Boulevard,2026-05-03 23:40:00,59,45.9,Low,Clear,Heavy Traffic
S003,Student City,2026-05-03 23:45:00,150,37.8,Medium,Clear,Normal
S008,New Boulevard,2026-05-03 23:50:00,77,61.5,Low,Foggy,Normal
S003,Student City,2026-05-03 23:55:00,141,31.8,Medium,Foggy,Normal
S001,Tirana Center,2026-05-04 00:00:00,106,33.1,Medium,Rainy,Normal
S005,Durres Road,2026-05-04 00:05:00,127,23.1,Medium,Rainy,Normal
S002,Ring Road,2026-05-04 00:10:00,129,40.6,Low,Rainy,Normal
S006,Zogu i Zi,2026-05-04 00:15:00,67,48.6,Low,Clear,Heavy Traffic
S007,Airport Road,2026-05-04 00:20:00,75,43.8,Low,Foggy,Heavy Traffic
S003,Student City,2026-05-04 00:25:00,98,36.6,Medium,Foggy,Normal
S003,Student City,2026-05-04 00:30:00,103,39.1,Low,Cloudy,Normal
S005,Durres Road,2026-05-04 00:35:00,74,42.7,Low,Clear,Normal
S004,Blloku,2026-05-04 00:40:00,77,40.2,Low,Foggy,Heavy Traffic
S001,Tirana Center,2026-05-04 00:45:00,71,47.9,Low,Clear,Normal
S006,Zogu i Zi,2026-05-04 00:50:00,144,43.5,Low,Rainy,Normal
S006,Zogu i Zi,2026-05-04 00:55:00,78,54.3,Low,Cloudy,Normal
S008,New Boulevard,2026-05-04 01:00:00,139,39.2,Low,Clear,Normal
S002,Ring Road,2026-05-04 01:05:00,99,36.7,Medium,Cloudy,Normal
S004,Blloku,2026-05-04 01:10:00,111,29.5,Medium,Cloudy,Normal
S005,Durres Road,2026-05-04 01:15:00,66,59.3,Low,Cloudy,Normal
S001,Tirana Center,2026-05-04 01:20:00,91,63.2,Low,Cloudy,Normal
S006,Zogu i Zi,2026-05-04 01:25:00,122,42.9,Low,Clear,Heavy Traffic
S008,New Boulevard,2026-05-04 01:30:00,85,42.3,Low,Foggy,Normal
S006,Zogu i Zi,2026-05-04 01:35:00,115,53.8,Low,Clear,Normal
S006,Zogu i Zi,2026-05-04 01:40:00,114,53.0,Low,Rainy,Normal
S008,New Boulevard,2026-05-04 01:45:00,193,30.3,Medium,Rainy,Heavy Traffic
S006,Zogu i Zi,2026-05-04 01:50:00,99,38.6,Low,Cloudy,Normal
S004,Blloku,2026-05-04 01:55:00,148,19.8,High,Foggy,Normal
S007,Airport Road,2026-05-04 02:00:00,115,45.1,Low,Rainy,Normal
S006,Zogu i Zi,2026-05-04 02:05:00,132,29.6,Medium,Foggy,Heavy Traffic
S005,Durres Road,2026-05-04 02:10:00,131,23.5,Medium,Cloudy,Normal
S008,New Boulevard,2026-05-04 02:15:00,40,62.1,Low,Foggy,Heavy Traffic
S001,Tirana Center,2026-05-04 02:20:00,110,52.5,Low,Cloudy,Normal
S002,Ring Road,2026-05-04 02:25:00,94,44.3,Low,Foggy,Normal
S005,Durres Road,2026-05-04 02:30:00,94,53.5,Low,Foggy,Normal
S006,Zogu i Zi,2026-05-04 02:35:00,137,34.0,Medium,Rainy,Heavy Traffic
S001,Tirana Center,2026-05-04 02:40:00,109,34.4,Medium,Foggy,Normal
S002,Ring Road,2026-05-04 02:45:00,99,33.3,Medium,Foggy,Normal
S001,Tirana Center,2026-05-04 02:50:00,94,55.3,Low,Cloudy,Normal
S002,Ring Road,2026-05-04 02:55:00,130,41.6,Low,Cloudy,Normal
S002,Ring Road,2026-05-04 03:00:00,138,53.0,Low,Rainy,Normal
S006,Zogu i Zi,2026-05-04 03:05:00,139,35.6,Medium,Cloudy,Normal
S001,Tirana Center,2026-05-04 03:10:00,129,21.7,High,Clear,Normal
S006,Zogu i Zi,2026-05-04 03:15:00,131,55.7,Low,Foggy,Normal
S002,Ring Road,2026-05-04 03:20:00,59,45.0,Low,Rainy,Normal
S006,Zogu i Zi,2026-05-04 03:25:00,133,33.7,Medium,Rainy,Normal
S006,Zogu i Zi,2026-05-04 03:30:00,75,45.5,Low,Clear,Roadwork
S007,Airport Road,2026-05-04 03:35:00,100,60.1,Low,Cloudy,Normal
S001,Tirana Center,2026-05-04 03:40:00,131,24.5,Medium,Cloudy,Normal
S005,Durres Road,2026-05-04 03:45:00,131,29.4,Medium,Rainy,Normal
S004,Blloku,2026-05-04 03:50:00,94,38.7,Low,Clear,Normal
S006,Zogu i Zi,2026-05-04 03:55:00,122,41.1,Low,Rainy,Heavy Traffic
S002,Ring Road,2026-05-04 04:00:00,153,34.9,Medium,Clear,Normal
S003,Student City,2026-05-04 04:05:00,158,27.7,Medium,Cloudy,Normal
S007,Airport Road,2026-05-04 04:10:00,62,49.6,Low,Rainy,Normal
S004,Blloku,2026-05-04 04:15:00,143,35.6,Medium,Foggy,Normal
S003,Student City,2026-05-04 04:20:00,126,36.6,Medium,Cloudy,Normal
S005,Durres Road,2026-05-04 04:25:00,73,45.1,Low,Rainy,Normal
S004,Blloku,2026-05-04 04:30:00,137,32.6,Medium,Rainy,Accident
S001,Tirana Center,2026-05-04 04:35:00,75,40.2,Low,Rainy,Normal
S004,Blloku,2026-05-04 04:40:00,192,26.1,Medium,Cloudy,Normal
S006,Zogu i Zi,2026-05-04 04:45:00,101,45.0,Low,Cloudy,Normal
S007,Airport Road,2026-05-04 04:50:00,54,43.5,Low,Cloudy,Normal
S006,Zogu i Zi,2026-05-04 04:55:00,104,58.3,Low,Foggy,Normal
S003,Student City,2026-05-04 05:00:00,126,33.3,Medium,Rainy,Normal
S003,Student City,2026-05-04 05:05:00,89,39.9,Low,Clear,Normal
S006,Zogu i Zi,2026-05-04 05:10:00,107,45.9,Low,Cloudy,Normal
S002,Ring Road,2026-05-04 05:15:00,149,30.0,Medium,Rainy,Normal
S007,Airport Road,2026-05-04 05:20:00,125,35.7,Medium,Cloudy,Normal
S002,Ring Road,2026-05-04 05:25:00,82,32.0,Medium,Cloudy,Normal
S002,Ring Road,2026-05-04 05:30:00,157,37.6,Medium,Clear,Normal
S002,Ring Road,2026-05-04 05:35:00,97,46.9,Low,Cloudy,Normal
S003,Student City,2026-05-04 05:40:00,141,38.2,Low,Cloudy,Normal
S003,Student City,2026-05-04 05:45:00,120,36.6,Medium,Cloudy,Heavy Traffic
S007,Airport Road,2026-05-04 05:50:00,107,45.9,Low,Clear,Normal
S001,Tirana Center,2026-05-04 05:55:00,117,34.4,Medium,Clear,Normal
S003,Student City,2026-05-04 06:00:00,81,45.3,Low,Foggy,Roadwork
S002,Ring Road,2026-05-04 06:05:00,95,36.9,Medium,Foggy,Roadwork
S005,Durres Road,2026-05-04 06:10:00,44,62.9,Low,Foggy,Normal
S004,Blloku,2026-05-04 06:15:00,97,51.1,Low,Rainy,Normal
S002,Ring Road,2026-05-04 06:20:00,95,32.7,Medium,Clear,Heavy Traffic
S005,Durres Road,2026-05-04 06:25:00,105,51.3,Low,Clear,Normal
S002,Ring Road,2026-05-04 06:30:00,99,27.6,Medium,Foggy,Normal
S001,Tirana Center,2026-05-04 06:35:00,104,45.8,Low,Cloudy,Normal
S005,Durres Road,2026-05-04 06:40:00,64,49.5,Low,Cloudy,Normal
S007,Airport Road,2026-05-04 06:45:00,119,51.4,Low,Foggy,Normal
S001,Tirana Center,2026-05-04 06:50:00,139,38.8,Low,Foggy,Normal
S002,Ring Road,2026-05-04 06:55:00,104,33.5,Medium,Foggy,Normal
S005,Durres Road,2026-05-04 07:00:00,182,25.9,Medium,Rainy,Roadwork
S007,Airport Road,2026-05-04 07:05:00,218,29.8,Medium,Foggy,Normal
S003,Student City,2026-05-04 07:10:00,168,43.1,Medium,Clear,Normal
S003,Student City,2026-05-04 07:15:00,219,8,High,Rainy,Normal
S002,Ring Road,2026-05-04 07:20:00,244,21.7,High,Cloudy,Accident
S003,Student City,2026-05-04 07:25:00,196,24.9,Medium,Clear,Normal
S006,Zogu i Zi,2026-05-04 07:30:00,177,27.3,Medium,Cloudy,Normal
S002,Ring Road,2026-05-04 07:35:00,246,8,High,Cloudy,Normal
S001,Tirana Center,2026-05-04 07:40:00,142,48.8,Low,Cloudy,Normal
S003,Student City,2026-05-04 07:45:00,175,37.3,Medium,Clear,Normal
S003,Student City,2026-05-04 07:50:00,193,31.3,Medium,Cloudy,Normal
S007,Airport Road,2026-05-04 07:55:00,264,29.6,High,Cloudy,Normal
S001,Tirana Center,2026-05-04 08:00:00,219,9.5,High,Foggy,Normal
S007,Airport Road,2026-05-04 08:05:00,244,8,High,Clear,Accident
S002,Ring Road,2026-05-04 08:10:00,230,12.6,High,Cloudy,Normal
S002,Ring Road,2026-05-04 08:15:00,285,19.2,High,Foggy,Normal
S006,Zogu i Zi,2026-05-04 08:20:00,229,17.9,High,Foggy,Normal
S005,Durres Road,2026-05-04 08:25:00,188,28.8,Medium,Rainy,Normal
S007,Airport Road,2026-05-04 08:30:00,245,9.0,High,Clear,Normal
S003,Student City,2026-05-04 08:35:00,176,31.4,Medium,Cloudy,Heavy Traffic
S002,Ring Road,2026-05-04 08:40:00,251,15.3,High,Clear,Normal
S004,Blloku,2026-05-04 08:45:00,255,21.7,High,Rainy,Normal
S006,Zogu i Zi,2026-05-04 08:50:00,252,9.7,High,Rainy,Accident
S006,Zogu i Zi,2026-05-04 08:55:00,202,14.3,High,Clear,Normal
S004,Blloku,2026-05-04 09:00:00,253,11.3,High,Foggy,Normal
S007,Airport Road,2026-05-04 09:05:00,208,21.4,High,Foggy,Heavy Traffic
S001,Tirana Center,2026-05-04 09:10:00,221,22.4,Medium,Rainy,Normal
S004,Blloku,2026-05-04 09:15:00,230,19.1,High,Cloudy,Accident
S005,Durres Road,2026-05-04 09:20:00,142,17.0,High,Foggy,Normal
S006,Zogu i Zi,2026-05-04 09:25:00,253,8,High,Foggy,Normal
S004,Blloku,2026-05-04 09:30:00,174,9.9,High,Clear,Normal
S002,Ring Road,2026-05-04 09:35:00,183,10.0,High,Cloudy,Normal
S004,Blloku,2026-05-04 09:40:00,242,13.5,High,Cloudy,Normal
S008,New Boulevard,2026-05-04 09:45:00,209,18.0,High,Cloudy,Normal
S005,Durres Road,2026-05-04 09:50:00,186,45.9,Medium,Rainy,Normal
S003,Student City,2026-05-04 09:55:00,268,8,High,Rainy,Accident
S003,Student City,2026-05-04 10:00:00,51,54.8,Low,Cloudy,Normal
S001,Tirana Center,2026-05-04 10:05:00,59,59.1,Low,Rainy,Normal
S006,Zogu i Zi,2026-05-04 10:10:00,93,34.8,Medium,Cloudy,Heavy Traffic
S005,Durres Road,2026-05-04 10:15:00,76,56.0,Low,Cloudy,Normal
S008,New Boulevard,2026-05-04 10:20:00,111,36.9,Medium,Rainy,Normal
S001,Tirana Center,2026-05-04 10:25:00,139,31.1,Medium,Cloudy,Normal
S003,Student City,2026-05-04 10:30:00,65,59.3,Low,Foggy,Normal
S008,New Boulevard,2026-05-04 10:35:00,187,30.8,Medium,Clear,Normal
S003,Student City,2026-05-04 10:40:00,110,27.2,Medium,Rainy,Normal
S001,Tirana Center,2026-05-04 10:45:00,95,51.3,Low,Foggy,Roadwork
S005,Durres Road,2026-05-04 10:50:00,44,51.3,Low,Foggy,Normal
S008,New Boulevard,2026-05-04 10:55:00,111,46.0,Low,Clear,Normal
S004,Blloku,2026-05-04 11:00:00,111,27.8,Medium,Rainy,Normal
S007,Airport Road,2026-05-04 11:05:00,108,40.7,Low,Foggy,Normal
S005,Durres Road,2026-05-04 11:10:00,95,36.8,Medium,Clear,Normal
S008,New Boulevard,2026-05-04 11:15:00,68,51.3,Low,Rainy,Normal
S008,New Boulevard,2026-05-04 11:20:00,157,39.8,Medium,Clear,Normal
S007,Airport Road,2026-05-04 11:25:00,81,33.7,Medium,Rainy,Normal
S002,Ring Road,2026-05-04 11:30:00,92,44.4,Low,Clear,Heavy Traffic
S006,Zogu i Zi,2026-05-04 11:35:00,143,43.1,Low,Clear,Normal
S007,Airport Road,2026-05-04 11:40:00,90,52.5,Low,Rainy,Normal
S002,Ring Road,2026-05-04 11:45:00,71,34.0,Medium,Clear,Accident
S002,Ring Road,2026-05-04 11:50:00,109,38.8,Low,Rainy,Normal
S003,Student City,2026-05-04 11:55:00,83,39.1,Low,Foggy,Normal
S002,Ring Road,2026-05-04 12:00:00,20,37.5,Medium,Clear,Normal
S006,Zogu i Zi,2026-05-04 12:05:00,136,20.4,High,Cloudy,Normal
S002,Ring Road,2026-05-04 12:10:00,28,64.4,Low,Cloudy,Normal
S002,Ring Road,2026-05-04 12:15:00,65,57.1,Low,Foggy,Normal
S001,Tirana Center,2026-05-04 12:20:00,55,45.3,Low,Cloudy,Normal
S007,Airport Road,2026-05-04 12:25:00,138,51.6,Low,Rainy,Normal
S007,Airport Road,2026-05-04 12:30:00,81,72.4,Low,Rainy,Normal
S007,Airport Road,2026-05-04 12:35:00,94,51.5,Low,Cloudy,Normal
S004,Blloku,2026-05-04 12:40:00,124,47.7,Low,Rainy,Normal
S006,Zogu i Zi,2026-05-04 12:45:00,116,33.6,Medium,Cloudy,Normal
S002,Ring Road,2026-05-04 12:50:00,108,48.3,Low,Cloudy,Heavy Traffic
S006,Zogu i Zi,2026-05-04 12:55:00,108,50.9,Low,Foggy,Normal
S004,Blloku,2026-05-04 13:00:00,98,31.3,Medium,Foggy,Normal
S001,Tirana Center,2026-05-04 13:05:00,93,50.0,Low,Foggy,Normal
S004,Blloku,2026-05-04 13:10:00,107,37.5,Medium,Foggy,Normal
S006,Zogu i Zi,2026-05-04 13:15:00,93,29.6,Medium,Cloudy,Normal
S007,Airport Road,2026-05-04 13:20:00,56,39.2,Low,Clear,Normal
S001,Tirana Center,2026-05-04 13:25:00,200,31.0,Medium,Clear,Normal
S006,Zogu i Zi,2026-05-04 13:30:00,121,35.5,Medium,Foggy,Normal
S005,Durres Road,2026-05-04 13:35:00,148,14.0,High,Clear,Normal
S001,Tirana Center,2026-05-04 13:40:00,92,23.8,Medium,Cloudy,Normal
S004,Blloku,2026-05-04 13:45:00,184,33.5,Medium,Rainy,Normal
S004,Blloku,2026-05-04 13:50:00,92,49.9,Low,Cloudy,Normal
S004,Blloku,2026-05-04 13:55:00,103,19.8,High,Rainy,Normal
S003,Student City,2026-05-04 14:00:00,54,39.7,Low,Foggy,Normal
S002,Ring Road,2026-05-04 14:05:00,60,49.9,Low,Cloudy,Accident
S005,Durres Road,2026-05-04 14:10:00,72,50.0,Low,Rainy,Normal
S006,Zogu i Zi,2026-05-04 14:15:00,165,25.7,Medium,Cloudy,Normal
S001,Tirana Center,2026-05-04 14:20:00,62,50.7,Low,Cloudy,Normal
S006,Zogu i Zi,2026-05-04 14:25:00,81,55.5,Low,Foggy,Normal
S006,Zogu i Zi,2026-05-04 14:30:00,113,41.9,Low,Rainy,Normal
S007,Airport Road,2026-05-04 14:35:00,85,46.9,Low,Clear,Normal
S001,Tirana Center,2026-05-04 14:40:00,128,26.5,Medium,Rainy,Normal
S005,Durres Road,2026-05-04 14:45:00,95,47.0,Low,Clear,Normal
S008,New Boulevard,2026-05-04 14:50:00,117,30.1,Medium,Cloudy,Normal
S005,Durres Road,2026-05-04 14:55:00,166,30.5,Medium,Cloudy,Normal
S004,Blloku,2026-05-04 15:00:00,114,52.3,Low,Clear,Normal
S004,Blloku,2026-05-04 15:05:00,160,47.7,Medium,Cloudy,Accident
S007,Airport Road,2026-05-04 15:10:00,111,41.1,Low,Cloudy,Heavy Traffic
S008,New Boulevard,2026-05-04 15:15:00,37,49.3,Low,Clear,Normal
S001,Tirana Center,2026-05-04 15:20:00,81,48.7,Low,Rainy,Normal
S004,Blloku,2026-05-04 15:25:00,137,33.1,Medium,Foggy,Normal
S002,Ring Road,2026-05-04 15:30:00,98,40.7,Low,Clear,Normal
S004,Blloku,2026-05-04 15:35:00,70,50.6,Low,Foggy,Normal
S007,Airport Road,2026-05-04 15:40:00,112,40.9,Low,Rainy,Normal
S007,Airport Road,2026-05-04 15:45:00,20,50.8,Low,Clear,Normal
S006,Zogu i Zi,2026-05-04 15:50:00,31,53.2,Low,Cloudy,Normal
S007,Airport Road,2026-05-04 15:55:00,114,29.9,Medium,Foggy,Normal
S001,Tirana Center,2026-05-04 16:00:00,222,17.4,High,Cloudy,Normal
S002,Ring Road,2026-05-04 16:05:00,178,34.8,Medium,Foggy,Normal
S008,New Boulevard,2026-05-04 16:10:00,249,11.9,High,Foggy,Normal
S007,Airport Road,2026-05-04 16:15:00,238,27.9,Medium,Clear,Normal
S004,Blloku,2026-05-04 16:20:00,248,12.9,High,Cloudy,Normal
S003,Student City,2026-05-04 16:25:00,205,13.3,High,Rainy,Normal
S004,Blloku,2026-05-04 16:30:00,233,13.9,High,Rainy,Normal
S001,Tirana Center,2026-05-04 16:35:00,226,8,High,Foggy,Normal
S007,Airport Road,2026-05-04 16:40:00,227,12.2,High,Clear,Normal
S006,Zogu i Zi,2026-05-04 16:45:00,262,15.1,High,Clear,Normal
S001,Tirana Center,2026-05-04 16:50:00,171,38.1,Medium,Cloudy,Normal
S004,Blloku,2026-05-04 16:55:00,253,17.1,High,Rainy,Heavy Traffic
S004,Blloku,2026-05-04 17:00:00,222,22.2,Medium,Cloudy,Normal
S005,Durres Road,2026-05-04 17:05:00,186,34.7,Medium,Rainy,Normal
S008,New Boulevard,2026-05-04 17:10:00,205,43.8,Medium,Clear,Normal
S005,Durres Road,2026-05-04 17:15:00,224,9.8,High,Clear,Normal
S007,Airport Road,2026-05-04 17:20:00,218,26.9,Medium,Clear,Normal
S002,Ring Road,2026-05-04 17:25:00,143,38.3,Low,Cloudy,Normal
S008,New Boulevard,2026-05-04 17:30:00,239,18.5,High,Cloudy,Normal
S008,New Boulevard,2026-05-04 17:35:00,126,50.4,Low,Clear,Normal
S005,Durres Road,2026-05-04 17:40:00,138,39.0,Low,Clear,Normal
S006,Zogu i Zi,2026-05-04 17:45:00,223,19.9,High,Rainy,Normal
S002,Ring Road,2026-05-04 17:50:00,255,31.1,High,Foggy,Normal
S006,Zogu i Zi,2026-05-04 17:55:00,198,25.1,Medium,Rainy,Normal
S007,Airport Road,2026-05-04 18:00:00,174,27.8,Medium,Clear,Normal
S004,Blloku,2026-05-04 18:05:00,221,17.2,High,Rainy,Normal
S007,Airport Road,2026-05-04 18:10:00,223,10.2,High,Clear,Normal
S005,Durres Road,2026-05-04 18:15:00,208,22.3,Medium,Cloudy,Normal
S001,Tirana Center,2026-05-04 18:20:00,271,14.4,High,Cloudy,Normal
S004,Blloku,2026-05-04 18:25:00,157,37.4,Medium,Foggy,Normal
S002,Ring Road,2026-05-04 18:30:00,241,8,High,Rainy,Normal
S008,New Boulevard,2026-05-04 18:35:00,245,8.6,High,Rainy,Normal
S002,Ring Road,2026-05-04 18:40:00,191,29.5,Medium,Rainy,Normal
S007,Airport Road,2026-05-04 18:45:00,215,31.6,Medium,Rainy,Normal
S007,Airport Road,2026-05-04 18:50:00,276,8.5,High,Rainy,Normal
S005,Durres Road,2026-05-04 18:55:00,240,8,High,Clear,Normal
S007,Airport Road,2026-05-04 19:00:00,53,44.4,Low,Rainy,Normal
S003,Student City,2026-05-04 19:05:00,161,18.1,High,Foggy,Heavy Traffic
S004,Blloku,2026-05-04 19:10:00,80,26.4,Medium,Clear,Normal
S002,Ring Road,2026-05-04 19:15:00,76,44.6,Low,Clear,Normal
S001,Tirana Center,2026-05-04 19:20:00,81,24.6,Medium,Foggy,Normal
S003,Student City,2026-05-04 19:25:00,48,37.1,Medium,Cloudy,Accident
S007,Airport Road,2026-05-04 19:30:00,113,49.1,Low,Clear,Normal
S003,Student City,2026-05-04 19:35:00,80,37.0,Medium,Foggy,Normal
S001,Tirana Center,2026-05-04 19:40:00,105,26.5,Medium,Clear,Normal
S003,Student City,2026-05-04 19:45:00,102,36.1,Medium,Clear,Normal
S004,Blloku,2026-05-04 19:50:00,67,51.8,Low,Cloudy,Normal
S007,Airport Road,2026-05-04 19:55:00,131,44.1,Low,Foggy,Normal
S006,Zogu i Zi,2026-05-04 20:00:00,72,53.3,Low,Rainy,Normal
S005,Durres Road,2026-05-04 20:05:00,98,35.9,Medium,Rainy,Normal
S006,Zogu i Zi,2026-05-04 20:10:00,154,40.7,Medium,Clear,Normal
S004,Blloku,2026-05-04 20:15:00,142,47.3,Low,Rainy,Normal
S006,Zogu i Zi,2026-05-04 20:20:00,69,65.9,Low,Clear,Normal
S005,Durres Road,2026-05-04 20:25:00,106,34.9,Medium,Clear,Heavy Traffic
S008,New Boulevard,2026-05-04 20:30:00,113,54.7,Low,Rainy,Normal
S004,Blloku,2026-05-04 20:35:00,120,36.4,Medium,Foggy,Accident
S001,Tirana Center,2026-05-04 20:40:00,78,45.5,Low,Rainy,Normal
S006,Zogu i Zi,2026-05-04 20:45:00,88,48.0,Low,Clear,Roadwork
S005,Durres Road,2026-05-04 20:50:00,67,55.7,Low,Foggy,Normal
S002,Ring Road,2026-05-04 20:55:00,64,44.2,Low,Rainy,Heavy Traffic
S002,Ring Road,2026-05-04 21:00:00,94,46.9,Low,Foggy,Normal
S003,Student City,2026-05-04 21:05:00,131,40.3,Low,Cloudy,Normal
S007,Airport Road,2026-05-04 21:10:00,99,45.7,Low,Rainy,Normal
S001,Tirana Center,2026-05-04 21:15:00,92,38.5,Low,Clear,Normal
S006,Zogu i Zi,2026-05-04 21:20:00,113,37.1,Medium,Cloudy,Normal
S005,Durres Road,2026-05-04 21:25:00,20,51.2,Low,Rainy,Normal
S008,New Boulevard,2026-05-04 21:30:00,102,46.1,Low,Cloudy,Normal
S001,Tirana Center,2026-05-04 21:35:00,177,31.0,Medium,Cloudy,Normal
S005,Durres Road,2026-05-04 21:40:00,143,29.3,Medium,Cloudy,Normal
S002,Ring Road,2026-05-04 21:45:00,144,33.3,Medium,Clear,Normal
S004,Blloku,2026-05-04 21:50:00,129,46.0,Low,Foggy,Normal
S001,Tirana Center,2026-05-04 21:55:00,100,37.7,Medium,Rainy,Normal
S003,Student City,2026-05-04 22:00:00,104,48.4,Low,Clear,Normal
S005,Durres Road,2026-05-04 22:05:00,149,36.2,Medium,Rainy,Normal
S006,Zogu i Zi,2026-05-04 22:10:00,62,38.0,Medium,Clear,Normal
S007,Airport Road,2026-05-04 22:15:00,80,41.5,Low,Clear,Normal
S003,Student City,2026-05-04 22:20:00,88,52.3,Low,Foggy,Normal
S005,Durres Road,2026-05-04 22:25:00,79,42.8,Low,Cloudy,Normal
S007,Airport Road,2026-05-04 22:30:00,119,16.3,High,Rainy,Heavy Traffic
S002,Ring Road,2026-05-04 22:35:00,92,33.0,Medium,Foggy,Normal
S008,New Boulevard,2026-05-04 22:40:00,122,38.6,Low,Cloudy,Roadwork
S003,Student City,2026-05-04 22:45:00,37,49.1,Low,Rainy,Normal
S002,Ring Road,2026-05-04 22:50:00,82,57.6,Low,Foggy,Normal
S005,Durres Road,2026-05-04 22:55:00,104,36.6,Medium,Cloudy,Normal
S004,Blloku,2026-05-04 23:00:00,101,40.4,Low,Foggy,Heavy Traffic
S003,Student City,2026-05-04 23:05:00,71,62.0,Low,Cloudy,Heavy Traffic
S006,Zogu i Zi,2026-05-04 23:10:00,127,36.6,Medium,Clear,Normal
S004,Blloku,2026-05-04 23:15:00,131,35.2,Medium,Clear,Normal
S006,Zogu i Zi,2026-05-04 23:20:00,93,44.6,Low,Foggy,Normal
S005,Durres Road,2026-05-04 23:25:00,61,50.1,Low,Foggy,Normal
S002,Ring Road,2026-05-04 23:30:00,72,42.2,Low,Foggy,Normal
S001,Tirana Center,2026-05-04 23:35:00,88,39.5,Low,Rainy,Normal
S001,Tirana Center,2026-05-04 23:40:00,108,26.2,Medium,Clear,Normal
S007,Airport Road,2026-05-04 23:45:00,106,31.8,Medium,Foggy,Accident
S005,Durres Road,2026-05-04 23:50:00,104,45.7,Low,Clear,Normal
S001,Tirana Center,2026-05-04 23:55:00,98,42.7,Low,Clear,Normal
S002,Ring Road,2026-05-05 00:00:00,156,21.4,High,Rainy,Normal
S002,Ring Road,2026-05-05 00:05:00,77,47.8,Low,Cloudy,Normal
S003,Student City,2026-05-05 00:10:00,100,24.5,Medium,Clear,Normal
S003,Student City,2026-05-05 00:15:00,101,59.0,Low,Clear,Normal
S004,Blloku,2026-05-05 00:20:00,87,42.8,Low,Cloudy,Normal
S007,Airport Road,2026-05-05 00:25:00,99,32.9,Medium,Rainy,Normal
S001,Tirana Center,2026-05-05 00:30:00,45,54.5,Low,Cloudy,Normal
S005,Durres Road,2026-05-05 00:35:00,77,38.6,Low,Clear,Normal
S003,Student City,2026-05-05 00:40:00,116,47.6,Low,Rainy,Normal
S004,Blloku,2026-05-05 00:45:00,81,35.0,Medium,Clear,Normal
S005,Durres Road,2026-05-05 00:50:00,61,51.6,Low,Clear,Normal
S001,Tirana Center,2026-05-05 00:55:00,94,53.8,Low,Foggy,Heavy Traffic
S002,Ring Road,2026-05-05 01:00:00,102,51.6,Low,Foggy,Normal
S007,Airport Road,2026-05-05 01:05:00,112,40.8,Low,Cloudy,Normal
S007,Airport Road,2026-05-05 01:10:00,29,53.0,Low,Clear,Normal
S003,Student City,2026-05-05 01:15:00,103,50.3,Low,Cloudy,Heavy Traffic
S002,Ring Road,2026-05-05 01:20:00,148,34.3,Medium,Rainy,Normal
S005,Durres Road,2026-05-05 01:25:00,122,53.3,Low,Cloudy,Normal
S001,Tirana Center,2026-05-05 01:30:00,84,53.2,Low,Cloudy,Normal
S008,New Boulevard,2026-05-05 01:35:00,136,30.3,Medium,Cloudy,Accident
S003,Student City,2026-05-05 01:40:00,68,34.5,Medium,Rainy,Normal
S007,Airport Road,2026-05-05 01:45:00,190,28.5,Medium,Foggy,Normal
S005,Durres Road,2026-05-05 01:50:00,112,45.6,Low,Cloudy,Normal
S001,Tirana Center,2026-05-05 01:55:00,149,20.6,High,Cloudy,Normal
S002,Ring Road,2026-05-05 02:00:00,82,36.8,Medium,Rainy,Normal
S007,Airport Road,2026-05-05 02:05:00,32,51.6,Low,Cloudy,Normal
S005,Durres Road,2026-05-05 02:10:00,73,57.6,Low,Cloudy,Normal
S004,Blloku,2026-05-05 02:15:00,149,28.7,Medium,Clear,Normal
S007,Airport Road,2026-05-05 02:20:00,84,45.6,Low,Foggy,Normal
S008,New Boulevard,2026-05-05 02:25:00,60,47.7,Low,Rainy,Roadwork
S006,Zogu i Zi,2026-05-05 02:30:00,101,52.4,Low,Clear,Normal
S004,Blloku,2026-05-05 02:35:00,85,29.4,Medium,Rainy,Normal
S007,Airport Road,2026-05-05 02:40:00,90,46.2,Low,Clear,Normal
S002,Ring Road,2026-05-05 02:45:00,95,36.0,Medium,Rainy,Normal
S006,Zogu i Zi,2026-05-05 02:50:00,93,44.5,Low,Clear,Roadwork
S003,Student City,2026-05-05 02:55:00,89,39.8,Low,Rainy,Normal
S001,Tirana Center,2026-05-05 03:00:00,65,49.7,Low,Cloudy,Normal
S006,Zogu i Zi,2026-05-05 03:05:00,86,37.1,Medium,Rainy,Normal
S005,Durres Road,2026-05-05 03:10:00,68,49.2,Low,Rainy,Normal
S007,Airport Road,2026-05-05 03:15:00,86,33.5,Medium,Cloudy,Normal
S002,Ring Road,2026-05-05 03:20:00,111,38.8,Low,Rainy,Normal
S004,Blloku,2026-05-05 03:25:00,83,41.7,Low,Foggy,Normal
S007,Airport Road,2026-05-05 03:30:00,156,34.4,Medium,Rainy,Normal
S005,Durres Road,2026-05-05 03:35:00,111,36.6,Medium,Clear,Heavy Traffic
S003,Student City,2026-05-05 03:40:00,115,39.6,Low,Foggy,Normal
S004,Blloku,2026-05-05 03:45:00,45,46.0,Low,Cloudy,Normal
S005,Durres Road,2026-05-05 03:50:00,82,51.1,Low,Rainy,Normal
S007,Airport Road,2026-05-05 03:55:00,108,47.2,Low,Clear,Heavy Traffic
S001,Tirana Center,2026-05-05 04:00:00,109,47.2,Low,Rainy,Accident
S004,Blloku,2026-05-05 04:05:00,62,42.6,Low,Rainy,Normal
S002,Ring Road,2026-05-05 04:10:00,38,63.6,Low,Clear,Normal
S003,Student City,2026-05-05 04:15:00,151,42.3,Medium,Clear,Normal
S005,Durres Road,2026-05-05 04:20:00,149,26.8,Medium,Clear,Normal
S006,Zogu i Zi,2026-05-05 04:25:00,129,35.5,Medium,Rainy,Normal
S002,Ring Road,2026-05-05 04:30:00,48,43.1,Low,Clear,Normal
S002,Ring Road,2026-05-05 04:35:00,69,52.7,Low,Clear,Normal
S007,Airport Road,2026-05-05 04:40:00,156,36.8,Medium,Clear,Normal
S007,Airport Road,2026-05-05 04:45:00,36,59.9,Low,Foggy,Normal
S007,Airport Road,2026-05-05 04:50:00,150,31.0,Medium,Foggy,Normal
S004,Blloku,2026-05-05 04:55:00,155,34.1,Medium,Cloudy,Normal
S002,Ring Road,2026-05-05 05:00:00,92,42.4,Low,Rainy,Normal
S004,Blloku,2026-05-05 05:05:00,55,36.1,Medium,Cloudy,Normal
S004,Blloku,2026-05-05 05:10:00,128,35.5,Medium,Clear,Heavy Traffic
S003,Student City,2026-05-05 05:15:00,109,40.9,Low,Foggy,Normal
S001,Tirana Center,2026-05-05 05:20:00,103,49.6,Low,Cloudy,Normal
S003,Student City,2026-05-05 05:25:00,108,35.7,Medium,Cloudy,Normal
S004,Blloku,2026-05-05 05:30:00,91,37.7,Medium,Rainy,Heavy Traffic
S003,Student City,2026-05-05 05:35:00,102,46.3,Low,Clear,Normal
S005,Durres Road,2026-05-05 05:40:00,100,38.9,Low,Foggy,Normal
S006,Zogu i Zi,2026-05-05 05:45:00,150,35.8,Medium,Foggy,Normal
S002,Ring Road,2026-05-05 05:50:00,125,43.7,Low,Cloudy,Normal
S007,Airport Road,2026-05-05 05:55:00,87,40.6,Low,Clear,Normal
S002,Ring Road,2026-05-05 06:00:00,129,41.3,Low,Foggy,Normal
S002,Ring Road,2026-05-05 06:05:00,102,34.7,Medium,Rainy,Normal
S004,Blloku,2026-05-05 06:10:00,90,49.8,Low,Cloudy,Normal
S002,Ring Road,2026-05-05 06:15:00,53,49.1,Low,Rainy,Normal
S004,Blloku,2026-05-05 06:20:00,104,45.9,Low,Cloudy,Normal
S008,New Boulevard,2026-05-05 06:25:00,171,30.7,Medium,Foggy,Normal
S004,Blloku,2026-05-05 06:30:00,85,26.0,Medium,Rainy,Heavy Traffic
S002,Ring Road,2026-05-05 06:35:00,89,34.8,Medium,Clear,Normal
S002,Ring Road,2026-05-05 06:40:00,156,31.0,Medium,Cloudy,Normal
S002,Ring Road,2026-05-05 06:45:00,114,30.4,Medium,Cloudy,Normal
S001,Tirana Center,2026-05-05 06:50:00,122,47.8,Low,Foggy,Normal
S002,Ring Road,2026-05-05 06:55:00,104,50.9,Low,Rainy,Heavy Traffic
S001,Tirana Center,2026-05-05 07:00:00,200,21.2,High,Clear,Normal
S007,Airport Road,2026-05-05 07:05:00,193,8.3,High,Clear,Normal
S001,Tirana Center,2026-05-05 07:10:00,197,21.5,High,Foggy,Normal
S003,Student City,2026-05-05 07:15:00,178,49.3,Medium,Foggy,Normal
S004,Blloku,2026-05-05 07:20:00,222,35.6,Medium,Foggy,Normal
S007,Airport Road,2026-05-05 07:25:00,271,16.6,High,Foggy,Normal
S002,Ring Road,2026-05-05 07:30:00,203,12.7,High,Rainy,Normal
S002,Ring Road,2026-05-05 07:35:00,227,28.8,Medium,Rainy,Normal
S003,Student City,2026-05-05 07:40:00,196,25.5,Medium,Rainy,Roadwork
S003,Student City,2026-05-05 07:45:00,212,9.0,High,Foggy,Normal
S006,Zogu i Zi,2026-05-05 07:50:00,238,22.8,Medium,Rainy,Normal
S001,Tirana Center,2026-05-05 07:55:00,231,25.9,Medium,Clear,Normal
S006,Zogu i Zi,2026-05-05 08:00:00,148,29.4,Medium,Clear,Heavy Traffic
S008,New Boulevard,2026-05-05 08:05:00,226,17.2,High,Cloudy,Normal
S004,Blloku,2026-05-05 08:10:00,207,17.3,High,Foggy,Normal
S008,New Boulevard,2026-05-05 08:15:00,250,21.7,High,Foggy,Normal
S007,Airport Road,2026-05-05 08:20:00,194,23.5,Medium,Clear,Normal
S005,Durres Road,2026-05-05 08:25:00,188,40.9,Medium,Cloudy,Normal
S002,Ring Road,2026-05-05 08:30:00,228,25.9,Medium,Clear,Normal
S003,Student City,2026-05-05 08:35:00,243,18.8,High,Foggy,Accident
S004,Blloku,2026-05-05 08:40:00,234,25.7,Medium,Foggy,Normal
S004,Blloku,2026-05-05 08:45:00,204,27.3,Medium,Cloudy,Normal
S004,Blloku,2026-05-05 08:50:00,207,20.6,High,Clear,Normal
S004,Blloku,2026-05-05 08:55:00,261,17.2,High,Foggy,Normal
S002,Ring Road,2026-05-05 09:00:00,286,8,High,Rainy,Normal
S005,Durres Road,2026-05-05 09:05:00,174,8,High,Cloudy,Normal
S002,Ring Road,2026-05-05 09:10:00,192,30.3,Medium,Clear,Normal
S002,Ring Road,2026-05-05 09:15:00,204,20.0,High,Foggy,Normal
S006,Zogu i Zi,2026-05-05 09:20:00,213,36.6,Medium,Clear,Normal
S008,New Boulevard,2026-05-05 09:25:00,240,19.4,High,Clear,Roadwork
S007,Airport Road,2026-05-05 09:30:00,214,9.3,High,Rainy,Normal
S008,New Boulevard,2026-05-05 09:35:00,252,11.6,High,Cloudy,Normal
S008,New Boulevard,2026-05-05 09:40:00,210,17.5,High,Clear,Normal
S007,Airport Road,2026-05-05 09:45:00,252,10.2,High,Cloudy,Normal
S007,Airport Road,2026-05-05 09:50:00,236,10.8,High,Rainy,Normal
S002,Ring Road,2026-05-05 09:55:00,185,32.2,Medium,Foggy,Normal
S004,Blloku,2026-05-05 10:00:00,117,44.3,Low,Clear,Roadwork
S004,Blloku,2026-05-05 10:05:00,75,60.6,Low,Foggy,Normal
S002,Ring Road,2026-05-05 10:10:00,52,47.5,Low,Foggy,Normal
S007,Airport Road,2026-05-05 10:15:00,104,33.1,Medium,Foggy,Heavy Traffic
S002,Ring Road,2026-05-05 10:20:00,123,33.6,Medium,Clear,Normal
S008,New Boulevard,2026-05-05 10:25:00,96,49.0,Low,Foggy,Normal
S003,Student City,2026-05-05 10:30:00,82,33.7,Medium,Clear,Normal
S007,Airport Road,2026-05-05 10:35:00,120,39.6,Low,Clear,Normal
S005,Durres Road,2026-05-05 10:40:00,139,31.4,Medium,Cloudy,Normal
S001,Tirana Center,2026-05-05 10:45:00,134,20.7,High,Clear,Normal
S008,New Boulevard,2026-05-05 10:50:00,103,34.3,Medium,Foggy,Normal
S002,Ring Road,2026-05-05 10:55:00,166,21.7,High,Clear,Normal
S008,New Boulevard,2026-05-05 11:00:00,66,48.4,Low,Foggy,Normal
S004,Blloku,2026-05-05 11:05:00,91,52.6,Low,Clear,Normal
S002,Ring Road,2026-05-05 11:10:00,97,37.3,Medium,Foggy,Normal
S006,Zogu i Zi,2026-05-05 11:15:00,169,30.2,Medium,Foggy,Normal
S002,Ring Road,2026-05-05 11:20:00,119,40.6,Low,Clear,Normal
S003,Student City,2026-05-05 11:25:00,103,30.0,Medium,Clear,Normal
S002,Ring Road,2026-05-05 11:30:00,62,65.8,Low,Cloudy,Normal
S007,Airport Road,2026-05-05 11:35:00,62,49.4,Low,Rainy,Normal
S004,Blloku,2026-05-05 11:40:00,76,18.1,High,Foggy,Normal
S005,Durres Road,2026-05-05 11:45:00,118,48.1,Low,Clear,Normal
S007,Airport Road,2026-05-05 11:50:00,105,40.4,Low,Foggy,Accident
S006,Zogu i Zi,2026-05-05 11:55:00,82,47.6,Low,Rainy,Normal
S008,New Boulevard,2026-05-05 12:00:00,97,32.1,Medium,Cloudy,Normal
S001,Tirana Center,2026-05-05 12:05:00,158,17.8,High,Clear,Normal
S005,Durres Road,2026-05-05 12:10:00,61,37.8,Medium,Foggy,Normal
S008,New Boulevard,2026-05-05 12:15:00,143,47.1,Low,Foggy,Normal
S003,Student City,2026-05-05 12:20:00,85,38.7,Low,Clear,Roadwork
S008,New Boulevard,2026-05-05 12:25:00,78,19.6,High,Rainy,Normal
S002,Ring Road,2026-05-05 12:30:00,165,33.6,Medium,Foggy,Normal
S001,Tirana Center,2026-05-05 12:35:00,106,42.8,Low,Clear,Normal
S005,Durres Road,2026-05-05 12:40:00,100,29.2,Medium,Foggy,Normal
S003,Student City,2026-05-05 12:45:00,88,44.5,Low,Rainy,Normal
S007,Airport Road,2026-05-05 12:50:00,134,31.2,Medium,Foggy,Normal
S007,Airport Road,2026-05-05 12:55:00,45,43.7,Low,Clear,Normal
S003,Student City,2026-05-05 13:00:00,131,43.9,Low,Foggy,Normal
S008,New Boulevard,2026-05-05 13:05:00,91,27.8,Medium,Foggy,Roadwork
S003,Student City,2026-05-05 13:10:00,157,32.1,Medium,Rainy,Normal
S004,Blloku,2026-05-05 13:15:00,71,77.6,Low,Clear,Normal
S007,Airport Road,2026-05-05 13:20:00,100,43.5,Low,Rainy,Normal
S002,Ring Road,2026-05-05 13:25:00,103,53.0,Low,Cloudy,Normal
S007,Airport Road,2026-05-05 13:30:00,77,24.1,Medium,Cloudy,Normal
S003,Student City,2026-05-05 13:35:00,105,45.8,Low,Cloudy,Normal
S001,Tirana Center,2026-05-05 13:40:00,85,40.5,Low,Clear,Normal
S007,Airport Road,2026-05-05 13:45:00,63,43.8,Low,Clear,Normal
S002,Ring Road,2026-05-05 13:50:00,91,45.7,Low,Clear,Normal
S008,New Boulevard,2026-05-05 13:55:00,151,32.7,Medium,Cloudy,Normal
S004,Blloku,2026-05-05 14:00:00,116,35.1,Medium,Cloudy,Normal
S003,Student City,2026-05-05 14:05:00,109,30.7,Medium,Rainy,Normal
S002,Ring Road,2026-05-05 14:10:00,160,29.6,Medium,Clear,Roadwork
S006,Zogu i Zi,2026-05-05 14:15:00,144,38.3,Low,Clear,Normal
S005,Durres Road,2026-05-05 14:20:00,106,36.1,Medium,Foggy,Normal
S001,Tirana Center,2026-05-05 14:25:00,84,50.6,Low,Clear,Heavy Traffic
S004,Blloku,2026-05-05 14:30:00,126,16.1,High,Rainy,Heavy Traffic
S001,Tirana Center,2026-05-05 14:35:00,94,45.5,Low,Foggy,Normal
S003,Student City,2026-05-05 14:40:00,150,34.9,Medium,Cloudy,Normal
S004,Blloku,2026-05-05 14:45:00,101,50.3,Low,Clear,Normal
S004,Blloku,2026-05-05 14:50:00,80,44.4,Low,Foggy,Normal
S004,Blloku,2026-05-05 14:55:00,98,51.4,Low,Rainy,Roadwork
S005,Durres Road,2026-05-05 15:00:00,132,33.1,Medium,Rainy,Normal
S005,Durres Road,2026-05-05 15:05:00,38,55.5,Low,Rainy,Normal
S005,Durres Road,2026-05-05 15:10:00,52,48.7,Low,Cloudy,Normal
S008,New Boulevard,2026-05-05 15:15:00,144,34.2,Medium,Clear,Normal
S002,Ring Road,2026-05-05 15:20:00,119,39.5,Low,Rainy,Normal
S005,Durres Road,2026-05-05 15:25:00,68,62.3,Low,Clear,Accident
S001,Tirana Center,2026-05-05 15:30:00,113,46.3,Low,Clear,Normal
S004,Blloku,2026-05-05 15:35:00,117,40.7,Low,Cloudy,Normal
S008,New Boulevard,2026-05-05 15:40:00,117,28.6,Medium,Foggy,Normal
S003,Student City,2026-05-05 15:45:00,101,50.9,Low,Clear,Normal
S001,Tirana Center,2026-05-05 15:50:00,31,53.5,Low,Cloudy,Normal
S001,Tirana Center,2026-05-05 15:55:00,71,43.1,Low,Cloudy,Accident
S008,New Boulevard,2026-05-05 16:00:00,194,20.0,High,Clear,Normal
S008,New Boulevard,2026-05-05 16:05:00,151,28.8,Medium,Clear,Normal
S008,New Boulevard,2026-05-05 16:10:00,217,29.9,Medium,Clear,Normal
S007,Airport Road,2026-05-05 16:15:00,175,36.4,Medium,Clear,Normal
S004,Blloku,2026-05-05 16:20:00,243,12.7,High,Clear,Normal
S002,Ring Road,2026-05-05 16:25:00,239,20.7,High,Foggy,Normal
S005,Durres Road,2026-05-05 16:30:00,217,13.3,High,Foggy,Normal
S004,Blloku,2026-05-05 16:35:00,179,33.5,Medium,Foggy,Normal
S006,Zogu i Zi,2026-05-05 16:40:00,275,17.0,High,Rainy,Normal
S008,New Boulevard,2026-05-05 16:45:00,191,10.2,High,Rainy,Normal
S002,Ring Road,2026-05-05 16:50:00,222,28.1,Medium,Cloudy,Normal
S005,Durres Road,2026-05-05 16:55:00,221,23.9,Medium,Clear,Normal
S001,Tirana Center,2026-05-05 17:00:00,225,14.1,High,Cloudy,Normal
S001,Tirana Center,2026-05-05 17:05:00,203,17.7,High,Clear,Normal
S003,Student City,2026-05-05 17:10:00,233,14.0,High,Rainy,Normal
S006,Zogu i Zi,2026-05-05 17:15:00,183,25.4,Medium,Foggy,Normal
S006,Zogu i Zi,2026-05-05 17:20:00,210,14.4,High,Clear,Normal
S001,Tirana Center,2026-05-05 17:25:00,241,19.8,High,Cloudy,Heavy Traffic
S001,Tirana Center,2026-05-05 17:30:00,144,32.2,Medium,Foggy,Normal
S002,Ring Road,2026-05-05 17:35:00,176,35.4,Medium,Rainy,Normal
S004,Blloku,2026-05-05 17:40:00,224,8,High,Foggy,Normal
S008,New Boulevard,2026-05-05 17:45:00,164,38.5,Medium,Clear,Normal
S005,Durres Road,2026-05-05 17:50:00,282,14.3,High,Cloudy,Normal
S006,Zogu i Zi,2026-05-05 17:55:00,248,31.0,Medium,Clear,Normal
S004,Blloku,2026-05-05 18:00:00,227,12.8,High,Foggy,Heavy Traffic
S005,Durres Road,2026-05-05 18:05:00,263,17.4,High,Foggy,Normal
S003,Student City,2026-05-05 18:10:00,187,23.8,Medium,Foggy,Normal
S008,New Boulevard,2026-05-05 18:15:00,167,22.9,Medium,Cloudy,Roadwork
S006,Zogu i Zi,2026-05-05 18:20:00,182,16.4,High,Clear,Normal
S006,Zogu i Zi,2026-05-05 18:25:00,212,40.4,Medium,Foggy,Heavy Traffic
S003,Student City,2026-05-05 18:30:00,155,36.3,Medium,Rainy,Normal
S005,Durres Road,2026-05-05 18:35:00,233,19.7,High,Foggy,Normal
S005,Durres Road,2026-05-05 18:40:00,232,14.6,High,Cloudy,Normal
S008,New Boulevard,2026-05-05 18:45:00,201,30.7,Medium,Foggy,Normal
S008,New Boulevard,2026-05-05 18:50:00,178,25.6,Medium,Clear,Normal
S008,New Boulevard,2026-05-05 18:55:00,142,32.4,Medium,Rainy,Normal
S006,Zogu i Zi,2026-05-05 19:00:00,95,29.9,Medium,Rainy,Normal
S005,Durres Road,2026-05-05 19:05:00,88,54.7,Low,Rainy,Normal
S004,Blloku,2026-05-05 19:10:00,109,49.7,Low,Clear,Normal
S007,Airport Road,2026-05-05 19:15:00,76,41.2,Low,Cloudy,Normal
S005,Durres Road,2026-05-05 19:20:00,91,40.9,Low,Rainy,Normal
S003,Student City,2026-05-05 19:25:00,42,57.4,Low,Rainy,Normal
S007,Airport Road,2026-05-05 19:30:00,80,46.5,Low,Cloudy,Normal
S008,New Boulevard,2026-05-05 19:35:00,73,40.2,Low,Foggy,Normal
S002,Ring Road,2026-05-05 19:40:00,94,38.2,Low,Rainy,Normal
S007,Airport Road,2026-05-05 19:45:00,122,34.2,Medium,Foggy,Normal
S007,Airport Road,2026-05-05 19:50:00,119,44.3,Low,Rainy,Roadwork
S005,Durres Road,2026-05-05 19:55:00,31,49.8,Low,Rainy,Normal
S001,Tirana Center,2026-05-05 20:00:00,66,48.9,Low,Clear,Normal
S003,Student City,2026-05-05 20:05:00,56,49.1,Low,Rainy,Roadwork
S002,Ring Road,2026-05-05 20:10:00,78,46.3,Low,Foggy,Normal
S001,Tirana Center,2026-05-05 20:15:00,84,52.5,Low,Foggy,Normal
S005,Durres Road,2026-05-05 20:20:00,55,33.0,Medium,Clear,Normal
S004,Blloku,2026-05-05 20:25:00,126,34.6,Medium,Clear,Normal
S008,New Boulevard,2026-05-05 20:30:00,127,30.3,Medium,Foggy,Normal
S002,Ring Road,2026-05-05 20:35:00,139,28.8,Medium,Cloudy,Normal
S008,New Boulevard,2026-05-05 20:40:00,111,55.7,Low,Foggy,Heavy Traffic
S005,Durres Road,2026-05-05 20:45:00,112,42.7,Low,Rainy,Normal
S005,Durres Road,2026-05-05 20:50:00,74,42.0,Low,Clear,Normal
S003,Student City,2026-05-05 20:55:00,83,42.9,Low,Cloudy,Normal
S005,Durres Road,2026-05-05 21:00:00,168,51.7,Medium,Cloudy,Normal
S003,Student City,2026-05-05 21:05:00,106,34.1,Medium,Clear,Normal
S005,Durres Road,2026-05-05 21:10:00,108,33.8,Medium,Clear,Normal
S005,Durres Road,2026-05-05 21:15:00,193,28.6,Medium,Clear,Normal
S007,Airport Road,2026-05-05 21:20:00,120,54.5,Low,Clear,Normal
S005,Durres Road,2026-05-05 21:25:00,118,38.2,Low,Foggy,Normal
S007,Airport Road,2026-05-05 21:30:00,178,33.0,Medium,Rainy,Normal
S001,Tirana Center,2026-05-05 21:35:00,118,30.0,Medium,Rainy,Normal
S004,Blloku,2026-05-05 21:40:00,146,20.4,High,Rainy,Normal
S003,Student City,2026-05-05 21:45:00,87,42.2,Low,Cloudy,Normal
S007,Airport Road,2026-05-05 21:50:00,101,34.7,Medium,Foggy,Normal
S002,Ring Road,2026-05-05 21:55:00,101,29.1,Medium,Rainy,Normal
S004,Blloku,2026-05-05 22:00:00,108,41.5,Low,Rainy,Normal
S007,Airport Road,2026-05-05 22:05:00,114,51.5,Low,Cloudy,Normal
S007,Airport Road,2026-05-05 22:10:00,42,48.4,Low,Cloudy,Normal
S002,Ring Road,2026-05-05 22:15:00,77,58.8,Low,Rainy,Normal
S006,Zogu i Zi,2026-05-05 22:20:00,119,34.2,Medium,Foggy,Normal
S007,Airport Road,2026-05-05 22:25:00,142,37.1,Medium,Cloudy,Normal
S003,Student City,2026-05-05 22:30:00,96,34.0,Medium,Rainy,Normal
S001,Tirana Center,2026-05-05 22:35:00,123,34.8,Medium,Clear,Normal
S005,Durres Road,2026-05-05 22:40:00,93,35.7,Medium,Foggy,Normal
S006,Zogu i Zi,2026-05-05 22:45:00,81,43.9,Low,Clear,Normal
S005,Durres Road,2026-05-05 22:50:00,91,39.5,Low,Foggy,Normal
S002,Ring Road,2026-05-05 22:55:00,131,40.9,Low,Foggy,Normal
S006,Zogu i Zi,2026-05-05 23:00:00,140,37.2,Medium,Cloudy,Accident
S006,Zogu i Zi,2026-05-05 23:05:00,112,38.6,Low,Foggy,Normal
S005,Durres Road,2026-05-05 23:10:00,134,39.3,Low,Cloudy,Normal
S001,Tirana Center,2026-05-05 23:15:00,118,33.5,Medium,Rainy,Normal
S005,Durres Road,2026-05-05 23:20:00,77,48.5,Low,Cloudy,Normal
S005,Durres Road,2026-05-05 23:25:00,81,45.8,Low,Rainy,Heavy Traffic
S002,Ring Road,2026-05-05 23:30:00,98,34.6,Medium,Foggy,Normal
S001,Tirana Center,2026-05-05 23:35:00,111,35.5,Medium,Foggy,Normal
S006,Zogu i Zi,2026-05-05 23:40:00,126,41.5,Low,Rainy,Heavy Traffic
S006,Zogu i Zi,2026-05-05 23:45:00,87,48.1,Low,Clear,Normal
S005,Durres Road,2026-05-05 23:50:00,179,40.9,Medium,Cloudy,Normal
S008,New Boulevard,2026-05-05 23:55:00,71,39.8,Low,Foggy,Normal
S003,Student City,2026-05-06 00:00:00,115,34.2,Medium,Clear,Normal
S002,Ring Road,2026-05-06 00:05:00,82,51.2,Low,Rainy,Normal
S008,New Boulevard,2026-05-06 00:10:00,84,46.6,Low,Clear,Normal
S004,Blloku,2026-05-06 00:15:00,116,29.9,Medium,Clear,Normal
S007,Airport Road,2026-05-06 00:20:00,92,36.0,Medium,Cloudy,Normal
S003,Student City,2026-05-06 00:25:00,78,40.7,Low,Foggy,Normal
S008,New Boulevard,2026-05-06 00:30:00,127,47.1,Low,Clear,Normal
S001,Tirana Center,2026-05-06 00:35:00,151,25.0,Medium,Clear,Normal
S001,Tirana Center,2026-05-06 00:40:00,79,57.1,Low,Foggy,Normal
S004,Blloku,2026-05-06 00:45:00,76,57.0,Low,Cloudy,Normal
S003,Student City,2026-05-06 00:50:00,90,38.1,Low,Foggy,Normal
S008,New Boulevard,2026-05-06 00:55:00,100,36.3,Medium,Foggy,Normal
S004,Blloku,2026-05-06 01:00:00,69,54.8,Low,Clear,Normal
S006,Zogu i Zi,2026-05-06 01:05:00,85,45.8,Low,Rainy,Normal
S002,Ring Road,2026-05-06 01:10:00,140,25.4,Medium,Cloudy,Normal
S002,Ring Road,2026-05-06 01:15:00,132,47.8,Low,Cloudy,Heavy Traffic
S005,Durres Road,2026-05-06 01:20:00,90,33.1,Medium,Rainy,Normal
S005,Durres Road,2026-05-06 01:25:00,92,36.5,Medium,Rainy,Normal
S001,Tirana Center,2026-05-06 01:30:00,87,42.4,Low,Clear,Normal
S007,Airport Road,2026-05-06 01:35:00,138,28.2,Medium,Cloudy,Normal
S005,Durres Road,2026-05-06 01:40:00,96,46.1,Low,Clear,Roadwork
S002,Ring Road,2026-05-06 01:45:00,177,24.0,Medium,Foggy,Normal
S007,Airport Road,2026-05-06 01:50:00,137,51.1,Low,Rainy,Normal
S008,New Boulevard,2026-05-06 01:55:00,127,37.5,Medium,Cloudy,Normal
S004,Blloku,2026-05-06 02:00:00,49,53.4,Low,Clear,Accident
S003,Student City,2026-05-06 02:05:00,97,36.8,Medium,Rainy,Normal
S005,Durres Road,2026-05-06 02:10:00,117,36.2,Medium,Cloudy,Normal
S001,Tirana Center,2026-05-06 02:15:00,66,59.8,Low,Rainy,Normal
S006,Zogu i Zi,2026-05-06 02:20:00,73,42.2,Low,Clear,Heavy Traffic
S006,Zogu i Zi,2026-05-06 02:25:00,143,33.3,Medium,Clear,Normal
S007,Airport Road,2026-05-06 02:30:00,97,34.6,Medium,Rainy,Normal
S001,Tirana Center,2026-05-06 02:35:00,103,48.0,Low,Clear,Normal
S004,Blloku,2026-05-06 02:40:00,83,38.4,Low,Rainy,Normal
S003,Student City,2026-05-06 02:45:00,79,47.9,Low,Foggy,Normal
S004,Blloku,2026-05-06 02:50:00,119,34.6,Medium,Cloudy,Normal
S002,Ring Road,2026-05-06 02:55:00,137,42.5,Low,Clear,Accident
S007,Airport Road,2026-05-06 03:00:00,42,62.9,Low,Foggy,Normal
S003,Student City,2026-05-06 03:05:00,141,46.2,Low,Cloudy,Normal
S005,Durres Road,2026-05-06 03:10:00,88,44.2,Low,Cloudy,Normal
S007,Airport Road,2026-05-06 03:15:00,73,50.3,Low,Foggy,Normal
S006,Zogu i Zi,2026-05-06 03:20:00,100,53.6,Low,Clear,Normal
S004,Blloku,2026-05-06 03:25:00,80,43.9,Low,Clear,Heavy Traffic
S007,Airport Road,2026-05-06 03:30:00,71,35.9,Medium,Rainy,Normal
S002,Ring Road,2026-05-06 03:35:00,81,45.3,Low,Rainy,Normal
S008,New Boulevard,2026-05-06 03:40:00,100,42.5,Low,Clear,Normal
S004,Blloku,2026-05-06 03:45:00,118,29.0,Medium,Cloudy,Heavy Traffic
S003,Student City,2026-05-06 03:50:00,151,33.9,Medium,Rainy,Normal
S006,Zogu i Zi,2026-05-06 03:55:00,98,56.9,Low,Rainy,Normal
S004,Blloku,2026-05-06 04:00:00,112,41.4,Low,Foggy,Normal
S005,Durres Road,2026-05-06 04:05:00,98,58.3,Low,Foggy,Normal
S003,Student City,2026-05-06 04:10:00,85,38.7,Low,Clear,Normal
S004,Blloku,2026-05-06 04:15:00,92,40.2,Low,Cloudy,Accident
S004,Blloku,2026-05-06 04:20:00,88,45.5,Low,Cloudy,Normal
S005,Durres Road,2026-05-06 04:25:00,139,24.2,Medium,Rainy,Normal
S008,New Boulevard,2026-05-06 04:30:00,148,37.2,Medium,Foggy,Normal
S008,New Boulevard,2026-05-06 04:35:00,94,41.1,Low,Clear,Normal
S005,Durres Road,2026-05-06 04:40:00,81,46.7,Low,Cloudy,Normal
S005,Durres Road,2026-05-06 04:45:00,115,32.7,Medium,Clear,Normal
S006,Zogu i Zi,2026-05-06 04:50:00,67,41.4,Low,Cloudy,Normal
S008,New Boulevard,2026-05-06 04:55:00,62,48.4,Low,Cloudy,Normal
S004,Blloku,2026-05-06 05:00:00,78,34.1,Medium,Foggy,Normal
S004,Blloku,2026-05-06 05:05:00,162,21.7,High,Clear,Normal
S003,Student City,2026-05-06 05:10:00,80,75.4,Low,Rainy,Normal
S006,Zogu i Zi,2026-05-06 05:15:00,152,29.4,Medium,Cloudy,Normal
S008,New Boulevard,2026-05-06 05:20:00,104,29.8,Medium,Foggy,Normal
S008,New Boulevard,2026-05-06 05:25:00,114,36.0,Medium,Foggy,Normal
S002,Ring Road,2026-05-06 05:30:00,181,36.3,Medium,Rainy,Normal
S004,Blloku,2026-05-06 05:35:00,103,49.3,Low,Cloudy,Normal
S004,Blloku,2026-05-06 05:40:00,106,51.2,Low,Foggy,Normal
S006,Zogu i Zi,2026-05-06 05:45:00,133,44.6,Low,Clear,Accident
S008,New Boulevard,2026-05-06 05:50:00,117,37.6,Medium,Cloudy,Normal
S001,Tirana Center,2026-05-06 05:55:00,115,25.2,Medium,Rainy,Normal
S006,Zogu i Zi,2026-05-06 06:00:00,106,40.8,Low,Clear,Normal
S007,Airport Road,2026-05-06 06:05:00,114,35.6,Medium,Foggy,Normal
S001,Tirana Center,2026-05-06 06:10:00,79,52.7,Low,Rainy,Heavy Traffic
S005,Durres Road,2026-05-06 06:15:00,138,29.6,Medium,Foggy,Normal
S006,Zogu i Zi,2026-05-06 06:20:00,93,37.6,Medium,Rainy,Normal
S002,Ring Road,2026-05-06 06:25:00,97,55.9,Low,Foggy,Normal
S003,Student City,2026-05-06 06:30:00,155,34.9,Medium,Clear,Normal
S005,Durres Road,2026-05-06 06:35:00,85,29.0,Medium,Cloudy,Normal
S002,Ring Road,2026-05-06 06:40:00,51,57.2,Low,Rainy,Normal
S007,Airport Road,2026-05-06 06:45:00,114,42.2,Low,Cloudy,Roadwork
S006,Zogu i Zi,2026-05-06 06:50:00,54,52.8,Low,Foggy,Normal
S001,Tirana Center,2026-05-06 06:55:00,82,47.2,Low,Rainy,Normal
S005,Durres Road,2026-05-06 07:00:00,227,18.3,High,Foggy,Normal
S004,Blloku,2026-05-06 07:05:00,271,33.9,High,Rainy,Normal
S002,Ring Road,2026-05-06 07:10:00,198,13.0,High,Foggy,Normal
S003,Student City,2026-05-06 07:15:00,170,27.7,Medium,Rainy,Normal
S005,Durres Road,2026-05-06 07:20:00,209,35.7,Medium,Rainy,Normal
S006,Zogu i Zi,2026-05-06 07:25:00,162,30.8,Medium,Rainy,Roadwork
S008,New Boulevard,2026-05-06 07:30:00,281,8,High,Rainy,Heavy Traffic
S008,New Boulevard,2026-05-06 07:35:00,246,19.3,High,Rainy,Normal
S006,Zogu i Zi,2026-05-06 07:40:00,185,24.6,Medium,Foggy,Normal
S001,Tirana Center,2026-05-06 07:45:00,199,45.9,Medium,Clear,Roadwork
S002,Ring Road,2026-05-06 07:50:00,228,33.3,Medium,Clear,Normal
S008,New Boulevard,2026-05-06 07:55:00,190,26.5,Medium,Rainy,Accident
S006,Zogu i Zi,2026-05-06 08:00:00,196,17.4,High,Cloudy,Normal
S001,Tirana Center,2026-05-06 08:05:00,197,24.8,Medium,Clear,Normal
S003,Student City,2026-05-06 08:10:00,143,32.3,Medium,Rainy,Normal
S006,Zogu i Zi,2026-05-06 08:15:00,190,24.0,Medium,Cloudy,Normal
S007,Airport Road,2026-05-06 08:20:00,185,23.4,Medium,Foggy,Heavy Traffic
S006,Zogu i Zi,2026-05-06 08:25:00,193,23.8,Medium,Foggy,Normal
S004,Blloku,2026-05-06 08:30:00,197,13.7,High,Clear,Normal
S007,Airport Road,2026-05-06 08:35:00,173,38.5,Medium,Foggy,Normal
S002,Ring Road,2026-05-06 08:40:00,206,30.2,Medium,Foggy,Normal
S008,New Boulevard,2026-05-06 08:45:00,282,8,High,Rainy,Normal
S004,Blloku,2026-05-06 08:50:00,219,41.3,Medium,Foggy,Normal
S007,Airport Road,2026-05-06 08:55:00,216,30.8,Medium,Foggy,Normal
S005,Durres Road,2026-05-06 09:00:00,288,8,High,Rainy,Normal
S003,Student City,2026-05-06 09:05:00,174,26.0,Medium,Foggy,Normal
S008,New Boulevard,2026-05-06 09:10:00,169,8,High,Clear,Normal
S006,Zogu i Zi,2026-05-06 09:15:00,229,34.8,Medium,Cloudy,Normal
S007,Airport Road,2026-05-06 09:20:00,196,8.5,High,Clear,Normal
S005,Durres Road,2026-05-06 09:25:00,220,18.4,High,Foggy,Normal
S001,Tirana Center,2026-05-06 09:30:00,225,22.9,Medium,Clear,Normal
S004,Blloku,2026-05-06 09:35:00,162,28.6,Medium,Clear,Normal
S004,Blloku,2026-05-06 09:40:00,199,32.9,Medium,Rainy,Normal
S003,Student City,2026-05-06 09:45:00,227,17.2,High,Clear,Normal
S005,Durres Road,2026-05-06 09:50:00,200,24.4,Medium,Cloudy,Normal
S001,Tirana Center,2026-05-06 09:55:00,175,42.7,Medium,Clear,Normal
S003,Student City,2026-05-06 10:00:00,55,58.3,Low,Foggy,Normal
S003,Student City,2026-05-06 10:05:00,82,67.5,Low,Foggy,Normal
S002,Ring Road,2026-05-06 10:10:00,106,47.0,Low,Clear,Normal
S003,Student City,2026-05-06 10:15:00,121,13.5,High,Clear,Normal
S002,Ring Road,2026-05-06 10:20:00,117,39.6,Low,Cloudy,Normal
S005,Durres Road,2026-05-06 10:25:00,111,49.9,Low,Clear,Normal
S006,Zogu i Zi,2026-05-06 10:30:00,113,28.3,Medium,Rainy,Accident
S002,Ring Road,2026-05-06 10:35:00,150,54.2,Low,Cloudy,Normal
S005,Durres Road,2026-05-06 10:40:00,205,12.1,High,Foggy,Accident
S006,Zogu i Zi,2026-05-06 10:45:00,33,55.3,Low,Foggy,Normal
S002,Ring Road,2026-05-06 10:50:00,141,40.9,Low,Cloudy,Normal
S007,Airport Road,2026-05-06 10:55:00,120,46.3,Low,Foggy,Normal
S003,Student City,2026-05-06 11:00:00,57,56.0,Low,Clear,Normal
S004,Blloku,2026-05-06 11:05:00,103,45.2,Low,Cloudy,Normal
S005,Durres Road,2026-05-06 11:10:00,46,50.3,Low,Rainy,Normal
S003,Student City,2026-05-06 11:15:00,95,44.5,Low,Clear,Normal
S004,Blloku,2026-05-06 11:20:00,101,39.7,Low,Cloudy,Normal
S002,Ring Road,2026-05-06 11:25:00,91,37.3,Medium,Cloudy,Normal
S002,Ring Road,2026-05-06 11:30:00,74,41.2,Low,Foggy,Normal
S001,Tirana Center,2026-05-06 11:35:00,160,41.4,Medium,Rainy,Normal
S008,New Boulevard,2026-05-06 11:40:00,88,57.8,Low,Clear,Normal
S004,Blloku,2026-05-06 11:45:00,163,34.8,Medium,Rainy,Normal
S001,Tirana Center,2026-05-06 11:50:00,88,42.2,Low,Cloudy,Normal
S008,New Boulevard,2026-05-06 11:55:00,99,42.4,Low,Rainy,Normal
S008,New Boulevard,2026-05-06 12:00:00,108,44.8,Low,Foggy,Normal
S002,Ring Road,2026-05-06 12:05:00,136,19.9,High,Clear,Normal
S005,Durres Road,2026-05-06 12:10:00,112,34.4,Medium,Rainy,Normal
S006,Zogu i Zi,2026-05-06 12:15:00,61,38.2,Low,Clear,Heavy Traffic
S002,Ring Road,2026-05-06 12:20:00,123,45.5,Low,Rainy,Normal
S006,Zogu i Zi,2026-05-06 12:25:00,108,39.4,Low,Clear,Normal
S001,Tirana Center,2026-05-06 12:30:00,109,34.7,Medium,Rainy,Normal
S001,Tirana Center,2026-05-06 12:35:00,91,55.4,Low,Cloudy,Normal
S005,Durres Road,2026-05-06 12:40:00,71,54.9,Low,Clear,Accident
S003,Student City,2026-05-06 12:45:00,112,40.0,Low,Foggy,Heavy Traffic
S001,Tirana Center,2026-05-06 12:50:00,141,31.0,Medium,Clear,Normal
S002,Ring Road,2026-05-06 12:55:00,121,39.0,Low,Foggy,Normal
S001,Tirana Center,2026-05-06 13:00:00,140,48.3,Low,Rainy,Normal
S004,Blloku,2026-05-06 13:05:00,140,43.7,Low,Cloudy,Normal
S008,New Boulevard,2026-05-06 13:10:00,79,30.2,Medium,Clear,Normal
S004,Blloku,2026-05-06 13:15:00,110,39.5,Low,Rainy,Normal
S001,Tirana Center,2026-05-06 13:20:00,99,47.5,Low,Foggy,Roadwork
S008,New Boulevard,2026-05-06 13:25:00,46,50.3,Low,Clear,Normal
S007,Airport Road,2026-05-06 13:30:00,106,47.9,Low,Clear,Normal
S002,Ring Road,2026-05-06 13:35:00,163,45.8,Medium,Foggy,Normal
S002,Ring Road,2026-05-06 13:40:00,20,45.1,Low,Clear,Normal
S004,Blloku,2026-05-06 13:45:00,20,56.0,Low,Clear,Heavy Traffic
S004,Blloku,2026-05-06 13:50:00,90,56.5,Low,Foggy,Normal
S001,Tirana Center,2026-05-06 13:55:00,89,44.1,Low,Foggy,Normal
S005,Durres Road,2026-05-06 14:00:00,119,44.6,Low,Clear,Normal
S003,Student City,2026-05-06 14:05:00,105,28.2,Medium,Clear,Normal
S002,Ring Road,2026-05-06 14:10:00,113,47.4,Low,Rainy,Heavy Traffic
S004,Blloku,2026-05-06 14:15:00,129,37.6,Medium,Cloudy,Normal
S004,Blloku,2026-05-06 14:20:00,90,35.5,Medium,Cloudy,Normal
S001,Tirana Center,2026-05-06 14:25:00,81,29.3,Medium,Cloudy,Normal
S007,Airport Road,2026-05-06 14:30:00,78,43.4,Low,Foggy,Normal
S004,Blloku,2026-05-06 14:35:00,103,23.0,Medium,Rainy,Normal
S001,Tirana Center,2026-05-06 14:40:00,145,37.4,Medium,Foggy,Normal
S007,Airport Road,2026-05-06 14:45:00,70,46.3,Low,Clear,Normal
S008,New Boulevard,2026-05-06 14:50:00,122,32.2,Medium,Rainy,Normal
S007,Airport Road,2026-05-06 14:55:00,92,47.9,Low,Clear,Normal
S008,New Boulevard,2026-05-06 15:00:00,100,37.0,Medium,Rainy,Normal
S003,Student City,2026-05-06 15:05:00,79,34.0,Medium,Clear,Normal
S006,Zogu i Zi,2026-05-06 15:10:00,102,37.6,Medium,Rainy,Normal
S002,Ring Road,2026-05-06 15:15:00,70,50.0,Low,Rainy,Normal
S008,New Boulevard,2026-05-06 15:20:00,92,37.7,Medium,Rainy,Normal
S002,Ring Road,2026-05-06 15:25:00,110,36.1,Medium,Clear,Normal
S007,Airport Road,2026-05-06 15:30:00,115,45.0,Low,Foggy,Normal
S005,Durres Road,2026-05-06 15:35:00,48,49.8,Low,Rainy,Normal
S001,Tirana Center,2026-05-06 15:40:00,70,51.8,Low,Cloudy,Normal
S006,Zogu i Zi,2026-05-06 15:45:00,127,45.3,Low,Clear,Normal
S003,Student City,2026-05-06 15:50:00,66,45.0,Low,Rainy,Heavy Traffic
S008,New Boulevard,2026-05-06 15:55:00,106,58.6,Low,Rainy,Normal
S007,Airport Road,2026-05-06 16:00:00,207,24.0,Medium,Clear,Normal
S008,New Boulevard,2026-05-06 16:05:00,208,37.3,Medium,Clear,Normal
S003,Student City,2026-05-06 16:10:00,251,13.7,High,Cloudy,Normal
S002,Ring Road,2026-05-06 16:15:00,211,12.9,High,Clear,Normal
S001,Tirana Center,2026-05-06 16:20:00,240,25.6,Medium,Rainy,Normal
S002,Ring Road,2026-05-06 16:25:00,156,29.0,Medium,Rainy,Accident
S004,Blloku,2026-05-06 16:30:00,242,9.2,High,Cloudy,Normal
S007,Airport Road,2026-05-06 16:35:00,243,24.1,Medium,Foggy,Normal
S004,Blloku,2026-05-06 16:40:00,247,19.9,High,Foggy,Heavy Traffic
S006,Zogu i Zi,2026-05-06 16:45:00,199,34.0,Medium,Foggy,Normal
S002,Ring Road,2026-05-06 16:50:00,265,8.4,High,Clear,Normal
S003,Student City,2026-05-06 16:55:00,194,39.7,Medium,Clear,Accident
S007,Airport Road,2026-05-06 17:00:00,257,26.5,High,Foggy,Normal
S004,Blloku,2026-05-06 17:05:00,240,32.9,Medium,Cloudy,Normal
S005,Durres Road,2026-05-06 17:10:00,172,22.1,Medium,Foggy,Roadwork
S003,Student City,2026-05-06 17:15:00,157,32.6,Medium,Cloudy,Normal
S004,Blloku,2026-05-06 17:20:00,235,22.9,Medium,Cloudy,Roadwork
S008,New Boulevard,2026-05-06 17:25:00,238,8,High,Cloudy,Normal
S007,Airport Road,2026-05-06 17:30:00,229,21.8,High,Cloudy,Normal
S005,Durres Road,2026-05-06 17:35:00,238,24.3,Medium,Cloudy,Normal
S008,New Boulevard,2026-05-06 17:40:00,235,8,High,Rainy,Normal
S008,New Boulevard,2026-05-06 17:45:00,191,10.7,High,Rainy,Roadwork
S003,Student City,2026-05-06 17:50:00,192,34.9,Medium,Clear,Normal
S006,Zogu i Zi,2026-05-06 17:55:00,168,34.9,Medium,Foggy,Heavy Traffic
S001,Tirana Center,2026-05-06 18:00:00,238,21.4,High,Rainy,Normal
S007,Airport Road,2026-05-06 18:05:00,268,31.4,High,Foggy,Roadwork
S006,Zogu i Zi,2026-05-06 18:10:00,197,24.7,Medium,Rainy,Normal
S006,Zogu i Zi,2026-05-06 18:15:00,202,20.4,High,Cloudy,Heavy Traffic
S004,Blloku,2026-05-06 18:20:00,229,33.1,Medium,Clear,Normal
S008,New Boulevard,2026-05-06 18:25:00,206,10.7,High,Rainy,Normal
S006,Zogu i Zi,2026-05-06 18:30:00,178,22.8,Medium,Clear,Roadwork
S003,Student City,2026-05-06 18:35:00,228,16.7,High,Rainy,Normal
S004,Blloku,2026-05-06 18:40:00,259,21.7,High,Rainy,Normal
S003,Student City,2026-05-06 18:45:00,220,8.4,High,Rainy,Roadwork
S004,Blloku,2026-05-06 18:50:00,262,19.7,High,Rainy,Normal
S006,Zogu i Zi,2026-05-06 18:55:00,194,8,High,Cloudy,Normal
S008,New Boulevard,2026-05-06 19:00:00,104,27.7,Medium,Foggy,Roadwork
S007,Airport Road,2026-05-06 19:05:00,125,34.9,Medium,Rainy,Normal
S006,Zogu i Zi,2026-05-06 19:10:00,139,22.3,Medium,Clear,Normal
S002,Ring Road,2026-05-06 19:15:00,43,47.6,Low,Rainy,Normal
S001,Tirana Center,2026-05-06 19:20:00,89,38.0,Medium,Cloudy,Accident
S004,Blloku,2026-05-06 19:25:00,52,47.9,Low,Rainy,Normal
S005,Durres Road,2026-05-06 19:30:00,149,36.4,Medium,Clear,Normal
S001,Tirana Center,2026-05-06 19:35:00,133,39.3,Low,Foggy,Normal
S006,Zogu i Zi,2026-05-06 19:40:00,78,37.1,Medium,Foggy,Normal
S006,Zogu i Zi,2026-05-06 19:45:00,77,39.4,Low,Foggy,Normal
S003,Student City,2026-05-06 19:50:00,75,47.3,Low,Cloudy,Normal
S008,New Boulevard,2026-05-06 19:55:00,143,42.9,Low,Rainy,Normal
S006,Zogu i Zi,2026-05-06 20:00:00,82,55.5,Low,Clear,Heavy Traffic
S001,Tirana Center,2026-05-06 20:05:00,138,38.3,Low,Clear,Heavy Traffic
S004,Blloku,2026-05-06 20:10:00,82,32.6,Medium,Foggy,Normal
S004,Blloku,2026-05-06 20:15:00,34,51.4,Low,Foggy,Normal
S006,Zogu i Zi,2026-05-06 20:20:00,70,51.5,Low,Rainy,Normal
S001,Tirana Center,2026-05-06 20:25:00,113,38.5,Low,Cloudy,Normal
S007,Airport Road,2026-05-06 20:30:00,64,56.2,Low,Foggy,Normal
S003,Student City,2026-05-06 20:35:00,62,52.5,Low,Cloudy,Normal
S006,Zogu i Zi,2026-05-06 20:40:00,119,33.6,Medium,Cloudy,Normal
S002,Ring Road,2026-05-06 20:45:00,87,56.1,Low,Foggy,Normal
S008,New Boulevard,2026-05-06 20:50:00,64,57.8,Low,Clear,Normal
S005,Durres Road,2026-05-06 20:55:00,135,33.2,Medium,Rainy,Normal
S008,New Boulevard,2026-05-06 21:00:00,131,33.2,Medium,Rainy,Normal
S006,Zogu i Zi,2026-05-06 21:05:00,153,34.6,Medium,Clear,Normal
S006,Zogu i Zi,2026-05-06 21:10:00,110,45.6,Low,Cloudy,Normal
S002,Ring Road,2026-05-06 21:15:00,75,42.0,Low,Foggy,Heavy Traffic
S008,New Boulevard,2026-05-06 21:20:00,148,34.9,Medium,Cloudy,Normal
S002,Ring Road,2026-05-06 21:25:00,113,49.8,Low,Cloudy,Normal
S004,Blloku,2026-05-06 21:30:00,120,29.0,Medium,Cloudy,Normal
S007,Airport Road,2026-05-06 21:35:00,72,34.9,Medium,Foggy,Normal
S001,Tirana Center,2026-05-06 21:40:00,108,44.0,Low,Rainy,Normal
S006,Zogu i Zi,2026-05-06 21:45:00,117,47.6,Low,Foggy,Normal
S008,New Boulevard,2026-05-06 21:50:00,67,47.7,Low,Rainy,Normal
S004,Blloku,2026-05-06 21:55:00,67,54.9,Low,Rainy,Normal
S007,Airport Road,2026-05-06 22:00:00,111,36.4,Medium,Clear,Normal
S005,Durres Road,2026-05-06 22:05:00,136,40.6,Low,Cloudy,Normal
S002,Ring Road,2026-05-06 22:10:00,91,42.5,Low,Cloudy,Normal
S004,Blloku,2026-05-06 22:15:00,144,31.5,Medium,Foggy,Heavy Traffic
S006,Zogu i Zi,2026-05-06 22:20:00,123,50.7,Low,Clear,Normal
S002,Ring Road,2026-05-06 22:25:00,20,63.4,Low,Rainy,Normal
S008,New Boulevard,2026-05-06 22:30:00,96,33.4,Medium,Cloudy,Heavy Traffic
S008,New Boulevard,2026-05-06 22:35:00,133,31.9,Medium,Clear,Normal
S005,Durres Road,2026-05-06 22:40:00,149,28.5,Medium,Rainy,Normal
S002,Ring Road,2026-05-06 22:45:00,133,49.3,Low,Rainy,Normal
S007,Airport Road,2026-05-06 22:50:00,113,25.3,Medium,Foggy,Accident
S005,Durres Road,2026-05-06 22:55:00,140,32.8,Medium,Foggy,Heavy Traffic
S001,Tirana Center,2026-05-06 23:00:00,123,46.7,Low,Foggy,Heavy Traffic
S001,Tirana Center,2026-05-06 23:05:00,102,52.2,Low,Rainy,Normal
S002,Ring Road,2026-05-06 23:10:00,126,46.6,Low,Rainy,Roadwork
S001,Tirana Center,2026-05-06 23:15:00,97,59.6,Low,Rainy,Normal
S003,Student City,2026-05-06 23:20:00,34,60.5,Low,Foggy,Normal
S003,Student City,2026-05-06 23:25:00,152,53.0,Medium,Cloudy,Normal
S008,New Boulevard,2026-05-06 23:30:00,136,42.8,Low,Foggy,Normal
S003,Student City,2026-05-06 23:35:00,85,34.8,Medium,Rainy,Normal
S003,Student City,2026-05-06 23:40:00,87,39.8,Low,Clear,Normal
S003,Student City,2026-05-06 23:45:00,58,49.6,Low,Clear,Normal
S001,Tirana Center,2026-05-06 23:50:00,154,24.2,Medium,Clear,Normal
S002,Ring Road,2026-05-06 23:55:00,120,36.2,Medium,Clear,Normal
S008,New Boulevard,2026-05-07 00:00:00,135,35.1,Medium,Rainy,Normal
S001,Tirana Center,2026-05-07 00:05:00,101,46.9,Low,Clear,Heavy Traffic
S003,Student City,2026-05-07 00:10:00,121,36.7,Medium,Clear,Normal
S001,Tirana Center,2026-05-07 00:15:00,110,25.6,Medium,Foggy,Normal
S007,Airport Road,2026-05-07 00:20:00,98,45.3,Low,Clear,Normal
S005,Durres Road,2026-05-07 00:25:00,134,37.0,Medium,Foggy,Roadwork
S008,New Boulevard,2026-05-07 00:30:00,57,52.4,Low,Cloudy,Normal
S003,Student City,2026-05-07 00:35:00,60,31.3,Medium,Clear,Heavy Traffic
S007,Airport Road,2026-05-07 00:40:00,155,36.1,Medium,Foggy,Normal
S005,Durres Road,2026-05-07 00:45:00,63,58.5,Low,Cloudy,Normal
S007,Airport Road,2026-05-07 00:50:00,88,27.6,Medium,Clear,Normal
S001,Tirana Center,2026-05-07 00:55:00,84,53.0,Low,Rainy,Normal
S001,Tirana Center,2026-05-07 01:00:00,78,40.8,Low,Foggy,Heavy Traffic
S006,Zogu i Zi,2026-05-07 01:05:00,92,49.8,Low,Foggy,Normal
S007,Airport Road,2026-05-07 01:10:00,121,36.5,Medium,Cloudy,Normal
S007,Airport Road,2026-05-07 01:15:00,126,32.5,Medium,Cloudy,Normal
S002,Ring Road,2026-05-07 01:20:00,110,37.7,Medium,Cloudy,Normal
S002,Ring Road,2026-05-07 01:25:00,123,36.6,Medium,Rainy,Normal
S008,New Boulevard,2026-05-07 01:30:00,89,43.7,Low,Clear,Normal
S002,Ring Road,2026-05-07 01:35:00,88,52.3,Low,Clear,Normal
S006,Zogu i Zi,2026-05-07 01:40:00,90,46.4,Low,Cloudy,Normal
S006,Zogu i Zi,2026-05-07 01:45:00,168,32.1,Medium,Foggy,Normal
S005,Durres Road,2026-05-07 01:50:00,43,62.9,Low,Clear,Normal
S008,New Boulevard,2026-05-07 01:55:00,90,40.0,Low,Cloudy,Normal
S005,Durres Road,2026-05-07 02:00:00,161,23.5,Medium,Rainy,Normal
S005,Durres Road,2026-05-07 02:05:00,109,57.9,Low,Rainy,Normal
S001,Tirana Center,2026-05-07 02:10:00,155,45.9,Medium,Cloudy,Normal
S002,Ring Road,2026-05-07 02:15:00,50,38.0,Medium,Rainy,Heavy Traffic
S004,Blloku,2026-05-07 02:20:00,59,46.1,Low,Foggy,Normal
S004,Blloku,2026-05-07 02:25:00,101,21.9,High,Foggy,Normal
S008,New Boulevard,2026-05-07 02:30:00,88,60.7,Low,Clear,Normal
S003,Student City,2026-05-07 02:35:00,56,59.3,Low,Cloudy,Roadwork
S005,Durres Road,2026-05-07 02:40:00,109,30.2,Medium,Cloudy,Normal
S006,Zogu i Zi,2026-05-07 02:45:00,162,21.7,High,Rainy,Normal
S004,Blloku,2026-05-07 02:50:00,101,30.5,Medium,Rainy,Normal
S008,New Boulevard,2026-05-07 02:55:00,172,51.4,Medium,Clear,Normal
S002,Ring Road,2026-05-07 03:00:00,91,39.2,Low,Foggy,Normal
S005,Durres Road,2026-05-07 03:05:00,113,30.3,Medium,Clear,Normal
S003,Student City,2026-05-07 03:10:00,59,58.7,Low,Rainy,Normal
S002,Ring Road,2026-05-07 03:15:00,119,47.1,Low,Clear,Normal
S001,Tirana Center,2026-05-07 03:20:00,33,49.0,Low,Foggy,Normal
S001,Tirana Center,2026-05-07 03:25:00,80,18.6,High,Foggy,Normal
S007,Airport Road,2026-05-07 03:30:00,136,61.0,Low,Foggy,Heavy Traffic
S003,Student City,2026-05-07 03:35:00,92,48.7,Low,Clear,Normal
S003,Student City,2026-05-07 03:40:00,98,41.6,Low,Clear,Normal
S006,Zogu i Zi,2026-05-07 03:45:00,121,42.8,Low,Foggy,Normal
S002,Ring Road,2026-05-07 03:50:00,72,38.9,Low,Clear,Normal
S003,Student City,2026-05-07 03:55:00,124,32.3,Medium,Cloudy,Normal
S003,Student City,2026-05-07 04:00:00,99,36.2,Medium,Rainy,Normal
S007,Airport Road,2026-05-07 04:05:00,74,52.5,Low,Rainy,Normal
S004,Blloku,2026-05-07 04:10:00,93,31.4,Medium,Foggy,Normal
S005,Durres Road,2026-05-07 04:15:00,140,35.3,Medium,Foggy,Roadwork
S001,Tirana Center,2026-05-07 04:20:00,135,38.3,Low,Foggy,Normal
S002,Ring Road,2026-05-07 04:25:00,121,41.1,Low,Clear,Normal
S001,Tirana Center,2026-05-07 04:30:00,103,33.7,Medium,Foggy,Accident
S007,Airport Road,2026-05-07 04:35:00,94,20.3,High,Foggy,Normal
S001,Tirana Center,2026-05-07 04:40:00,90,27.8,Medium,Rainy,Normal
S005,Durres Road,2026-05-07 04:45:00,77,46.5,Low,Foggy,Normal
S006,Zogu i Zi,2026-05-07 04:50:00,91,42.5,Low,Foggy,Normal
S001,Tirana Center,2026-05-07 04:55:00,99,25.1,Medium,Clear,Roadwork
S002,Ring Road,2026-05-07 05:00:00,60,58.7,Low,Cloudy,Normal
S006,Zogu i Zi,2026-05-07 05:05:00,103,47.6,Low,Cloudy,Normal
S003,Student City,2026-05-07 05:10:00,135,48.2,Low,Cloudy,Normal
S008,New Boulevard,2026-05-07 05:15:00,98,49.8,Low,Foggy,Heavy Traffic
S004,Blloku,2026-05-07 05:20:00,109,29.5,Medium,Foggy,Normal
S003,Student City,2026-05-07 05:25:00,110,58.0,Low,Rainy,Normal
S006,Zogu i Zi,2026-05-07 05:30:00,94,29.1,Medium,Cloudy,Normal
S004,Blloku,2026-05-07 05:35:00,64,51.8,Low,Rainy,Normal
S004,Blloku,2026-05-07 05:40:00,60,47.2,Low,Rainy,Normal
S004,Blloku,2026-05-07 05:45:00,127,24.6,Medium,Rainy,Normal
S004,Blloku,2026-05-07 05:50:00,126,40.6,Low,Clear,Heavy Traffic
S004,Blloku,2026-05-07 05:55:00,107,39.6,Low,Foggy,Roadwork
S001,Tirana Center,2026-05-07 06:00:00,116,36.1,Medium,Foggy,Normal
S002,Ring Road,2026-05-07 06:05:00,110,46.9,Low,Foggy,Normal
S003,Student City,2026-05-07 06:10:00,37,52.5,Low,Rainy,Normal
S006,Zogu i Zi,2026-05-07 06:15:00,75,55.5,Low,Rainy,Normal
S001,Tirana Center,2026-05-07 06:20:00,71,56.8,Low,Rainy,Normal
S004,Blloku,2026-05-07 06:25:00,155,40.4,Medium,Clear,Normal
S002,Ring Road,2026-05-07 06:30:00,141,35.1,Medium,Rainy,Normal
S006,Zogu i Zi,2026-05-07 06:35:00,102,34.4,Medium,Foggy,Normal
S007,Airport Road,2026-05-07 06:40:00,21,55.2,Low,Foggy,Heavy Traffic
S003,Student City,2026-05-07 06:45:00,104,41.0,Low,Rainy,Normal
S008,New Boulevard,2026-05-07 06:50:00,55,55.1,Low,Foggy,Accident
S003,Student City,2026-05-07 06:55:00,131,51.1,Low,Cloudy,Normal
S002,Ring Road,2026-05-07 07:00:00,249,27.2,Medium,Foggy,Normal
S002,Ring Road,2026-05-07 07:05:00,224,12.6,High,Foggy,Normal
S007,Airport Road,2026-05-07 07:10:00,207,22.3,Medium,Cloudy,Normal
S002,Ring Road,2026-05-07 07:15:00,193,29.4,Medium,Foggy,Normal
S008,New Boulevard,2026-05-07 07:20:00,223,23.1,Medium,Rainy,Normal
S007,Airport Road,2026-05-07 07:25:00,217,23.3,Medium,Foggy,Normal
S008,New Boulevard,2026-05-07 07:30:00,208,11.1,High,Cloudy,Heavy Traffic
S004,Blloku,2026-05-07 07:35:00,222,38.3,Medium,Rainy,Normal
S001,Tirana Center,2026-05-07 07:40:00,206,35.1,Medium,Cloudy,Normal
S006,Zogu i Zi,2026-05-07 07:45:00,262,20.0,High,Cloudy,Normal
S001,Tirana Center,2026-05-07 07:50:00,229,25.4,Medium,Rainy,Normal
S007,Airport Road,2026-05-07 07:55:00,240,12.8,High,Clear,Normal
S008,New Boulevard,2026-05-07 08:00:00,183,26.8,Medium,Clear,Normal
S001,Tirana Center,2026-05-07 08:05:00,171,38.9,Medium,Cloudy,Normal
S005,Durres Road,2026-05-07 08:10:00,172,24.4,Medium,Rainy,Normal
S006,Zogu i Zi,2026-05-07 08:15:00,222,15.3,High,Clear,Normal
S001,Tirana Center,2026-05-07 08:20:00,300,16.7,High,Rainy,Roadwork
S001,Tirana Center,2026-05-07 08:25:00,271,8,High,Cloudy,Normal
S006,Zogu i Zi,2026-05-07 08:30:00,240,15.1,High,Cloudy,Normal
S004,Blloku,2026-05-07 08:35:00,267,9.1,High,Rainy,Normal
S005,Durres Road,2026-05-07 08:40:00,203,18.2,High,Rainy,Normal
S007,Airport Road,2026-05-07 08:45:00,235,14.7,High,Cloudy,Normal
S004,Blloku,2026-05-07 08:50:00,255,25.7,High,Rainy,Normal
S008,New Boulevard,2026-05-07 08:55:00,162,48.8,Medium,Cloudy,Normal
S007,Airport Road,2026-05-07 09:00:00,214,10.1,High,Cloudy,Normal
S002,Ring Road,2026-05-07 09:05:00,177,31.8,Medium,Foggy,Normal
S004,Blloku,2026-05-07 09:10:00,254,15.3,High,Cloudy,Normal
S005,Durres Road,2026-05-07 09:15:00,182,19.2,High,Cloudy,Heavy Traffic
S002,Ring Road,2026-05-07 09:20:00,224,16.8,High,Rainy,Normal
S007,Airport Road,2026-05-07 09:25:00,210,26.5,Medium,Cloudy,Heavy Traffic
S001,Tirana Center,2026-05-07 09:30:00,198,20.9,High,Foggy,Accident
S002,Ring Road,2026-05-07 09:35:00,214,23.4,Medium,Foggy,Normal
S002,Ring Road,2026-05-07 09:40:00,303,8,High,Foggy,Normal
S007,Airport Road,2026-05-07 09:45:00,219,15.4,High,Foggy,Normal
S002,Ring Road,2026-05-07 09:50:00,194,20.6,High,Foggy,Normal
S005,Durres Road,2026-05-07 09:55:00,302,8,High,Cloudy,Normal
S003,Student City,2026-05-07 10:00:00,118,22.3,Medium,Foggy,Normal
S006,Zogu i Zi,2026-05-07 10:05:00,91,18.8,High,Foggy,Normal
S003,Student City,2026-05-07 10:10:00,106,35.8,Medium,Cloudy,Normal
S006,Zogu i Zi,2026-05-07 10:15:00,64,60.6,Low,Clear,Normal
S001,Tirana Center,2026-05-07 10:20:00,93,30.6,Medium,Clear,Normal
S008,New Boulevard,2026-05-07 10:25:00,46,47.2,Low,Rainy,Heavy Traffic
S008,New Boulevard,2026-05-07 10:30:00,162,24.8,Medium,Rainy,Normal
S005,Durres Road,2026-05-07 10:35:00,81,49.2,Low,Cloudy,Normal
S003,Student City,2026-05-07 10:40:00,118,37.4,Medium,Foggy,Normal
S003,Student City,2026-05-07 10:45:00,119,43.8,Low,Rainy,Heavy Traffic
S007,Airport Road,2026-05-07 10:50:00,54,61.8,Low,Rainy,Normal
S006,Zogu i Zi,2026-05-07 10:55:00,133,42.7,Low,Cloudy,Normal
S001,Tirana Center,2026-05-07 11:00:00,122,38.9,Low,Foggy,Normal
S008,New Boulevard,2026-05-07 11:05:00,161,52.7,Medium,Clear,Normal
S005,Durres Road,2026-05-07 11:10:00,90,53.1,Low,Cloudy,Normal
S003,Student City,2026-05-07 11:15:00,117,30.2,Medium,Rainy,Normal
S007,Airport Road,2026-05-07 11:20:00,81,44.5,Low,Clear,Normal
S002,Ring Road,2026-05-07 11:25:00,111,32.5,Medium,Foggy,Normal
S002,Ring Road,2026-05-07 11:30:00,153,47.3,Medium,Clear,Normal
S001,Tirana Center,2026-05-07 11:35:00,87,64.8,Low,Clear,Normal
S001,Tirana Center,2026-05-07 11:40:00,104,40.2,Low,Rainy,Normal
S008,New Boulevard,2026-05-07 11:45:00,102,38.2,Low,Foggy,Normal
S006,Zogu i Zi,2026-05-07 11:50:00,119,42.5,Low,Clear,Normal
S004,Blloku,2026-05-07 11:55:00,80,32.4,Medium,Foggy,Normal
S006,Zogu i Zi,2026-05-07 12:00:00,168,21.0,High,Rainy,Normal
S005,Durres Road,2026-05-07 12:05:00,94,39.5,Low,Foggy,Normal
S004,Blloku,2026-05-07 12:10:00,165,46.4,Medium,Cloudy,Normal
S001,Tirana Center,2026-05-07 12:15:00,95,49.1,Low,Rainy,Normal
S001,Tirana Center,2026-05-07 12:20:00,131,44.3,Low,Clear,Normal
S004,Blloku,2026-05-07 12:25:00,106,36.6,Medium,Clear,Normal
S001,Tirana Center,2026-05-07 12:30:00,107,30.8,Medium,Foggy,Normal
S002,Ring Road,2026-05-07 12:35:00,112,40.3,Low,Clear,Normal
S008,New Boulevard,2026-05-07 12:40:00,79,40.4,Low,Foggy,Normal
S006,Zogu i Zi,2026-05-07 12:45:00,113,52.1,Low,Cloudy,Normal
S004,Blloku,2026-05-07 12:50:00,105,52.8,Low,Foggy,Normal
S007,Airport Road,2026-05-07 12:55:00,111,40.3,Low,Cloudy,Heavy Traffic
S008,New Boulevard,2026-05-07 13:00:00,71,46.8,Low,Rainy,Normal
S001,Tirana Center,2026-05-07 13:05:00,152,24.3,Medium,Rainy,Normal
S003,Student City,2026-05-07 13:10:00,66,46.9,Low,Cloudy,Normal
S002,Ring Road,2026-05-07 13:15:00,113,11.8,High,Foggy,Normal
S005,Durres Road,2026-05-07 13:20:00,87,39.3,Low,Foggy,Normal
S003,Student City,2026-05-07 13:25:00,107,30.9,Medium,Cloudy,Normal
S003,Student City,2026-05-07 13:30:00,78,30.8,Medium,Clear,Normal
S003,Student City,2026-05-07 13:35:00,123,47.2,Low,Clear,Normal
S007,Airport Road,2026-05-07 13:40:00,114,41.4,Low,Clear,Normal
S003,Student City,2026-05-07 13:45:00,107,39.8,Low,Rainy,Normal
S006,Zogu i Zi,2026-05-07 13:50:00,132,33.1,Medium,Cloudy,Normal
S003,Student City,2026-05-07 13:55:00,148,16.9,High,Rainy,Normal
S001,Tirana Center,2026-05-07 14:00:00,184,17.7,High,Cloudy,Normal
S008,New Boulevard,2026-05-07 14:05:00,54,48.2,Low,Cloudy,Normal
S008,New Boulevard,2026-05-07 14:10:00,127,39.8,Low,Clear,Normal
S004,Blloku,2026-05-07 14:15:00,104,42.4,Low,Rainy,Normal
S005,Durres Road,2026-05-07 14:20:00,63,33.1,Medium,Foggy,Normal
S006,Zogu i Zi,2026-05-07 14:25:00,122,45.3,Low,Foggy,Heavy Traffic
S003,Student City,2026-05-07 14:30:00,144,40.0,Low,Rainy,Roadwork
S008,New Boulevard,2026-05-07 14:35:00,127,43.1,Low,Foggy,Normal
S001,Tirana Center,2026-05-07 14:40:00,88,43.2,Low,Foggy,Normal
S001,Tirana Center,2026-05-07 14:45:00,134,50.3,Low,Rainy,Normal
S003,Student City,2026-05-07 14:50:00,148,44.2,Low,Foggy,Normal
S001,Tirana Center,2026-05-07 14:55:00,173,35.3,Medium,Rainy,Normal
S004,Blloku,2026-05-07 15:00:00,113,39.7,Low,Clear,Normal
S006,Zogu i Zi,2026-05-07 15:05:00,89,54.6,Low,Cloudy,Normal
S007,Airport Road,2026-05-07 15:10:00,142,36.8,Medium,Cloudy,Normal
S005,Durres Road,2026-05-07 15:15:00,24,52.2,Low,Clear,Normal
S002,Ring Road,2026-05-07 15:20:00,114,44.5,Low,Rainy,Normal
S007,Airport Road,2026-05-07 15:25:00,138,25.6,Medium,Clear,Normal
S005,Durres Road,2026-05-07 15:30:00,72,29.7,Medium,Rainy,Normal
S002,Ring Road,2026-05-07 15:35:00,122,33.7,Medium,Rainy,Normal
S006,Zogu i Zi,2026-05-07 15:40:00,20,34.6,Medium,Cloudy,Heavy Traffic
S008,New Boulevard,2026-05-07 15:45:00,92,42.5,Low,Cloudy,Normal
S003,Student City,2026-05-07 15:50:00,110,43.3,Low,Cloudy,Normal
S005,Durres Road,2026-05-07 15:55:00,122,26.9,Medium,Cloudy,Normal
S001,Tirana Center,2026-05-07 16:00:00,188,35.0,Medium,Rainy,Normal
S006,Zogu i Zi,2026-05-07 16:05:00,226,20.3,High,Foggy,Normal
S002,Ring Road,2026-05-07 16:10:00,255,18.1,High,Foggy,Normal
S003,Student City,2026-05-07 16:15:00,181,39.5,Medium,Rainy,Normal
S008,New Boulevard,2026-05-07 16:20:00,175,23.9,Medium,Rainy,Normal
S006,Zogu i Zi,2026-05-07 16:25:00,215,29.8,Medium,Rainy,Normal
S008,New Boulevard,2026-05-07 16:30:00,243,12.5,High,Foggy,Normal
S006,Zogu i Zi,2026-05-07 16:35:00,215,8.4,High,Rainy,Normal
S005,Durres Road,2026-05-07 16:40:00,121,32.7,Medium,Clear,Normal
S007,Airport Road,2026-05-07 16:45:00,237,8,High,Cloudy,Heavy Traffic
S007,Airport Road,2026-05-07 16:50:00,221,23.1,Medium,Rainy,Accident
S003,Student City,2026-05-07 16:55:00,211,24.7,Medium,Foggy,Normal
S002,Ring Road,2026-05-07 17:00:00,242,25.8,Medium,Rainy,Normal
S003,Student City,2026-05-07 17:05:00,218,13.3,High,Cloudy,Normal
S002,Ring Road,2026-05-07 17:10:00,251,8,High,Clear,Normal
S006,Zogu i Zi,2026-05-07 17:15:00,184,8,High,Clear,Heavy Traffic
S001,Tirana Center,2026-05-07 17:20:00,198,27.7,Medium,Cloudy,Normal
S006,Zogu i Zi,2026-05-07 17:25:00,275,24.7,High,Foggy,Normal
S008,New Boulevard,2026-05-07 17:30:00,198,23.9,Medium,Foggy,Normal
S005,Durres Road,2026-05-07 17:35:00,229,19.5,High,Cloudy,Normal
S003,Student City,2026-05-07 17:40:00,201,17.2,High,Rainy,Roadwork
S007,Airport Road,2026-05-07 17:45:00,187,29.9,Medium,Rainy,Normal
S005,Durres Road,2026-05-07 17:50:00,218,11.7,High,Clear,Normal
S001,Tirana Center,2026-05-07 17:55:00,212,15.8,High,Clear,Heavy Traffic
S003,Student City,2026-05-07 18:00:00,200,9.6,High,Clear,Normal
S006,Zogu i Zi,2026-05-07 18:05:00,245,25.6,Medium,Rainy,Normal
S005,Durres Road,2026-05-07 18:10:00,210,24.3,Medium,Clear,Normal
S007,Airport Road,2026-05-07 18:15:00,209,21.5,High,Foggy,Normal
S003,Student City,2026-05-07 18:20:00,187,20.4,High,Cloudy,Normal
S001,Tirana Center,2026-05-07 18:25:00,328,8,High,Foggy,Normal
S007,Airport Road,2026-05-07 18:30:00,270,8,High,Rainy,Normal
S001,Tirana Center,2026-05-07 18:35:00,167,29.9,Medium,Rainy,Normal
S008,New Boulevard,2026-05-07 18:40:00,230,8,High,Cloudy,Normal
S004,Blloku,2026-05-07 18:45:00,231,26.6,Medium,Rainy,Normal
S008,New Boulevard,2026-05-07 18:50:00,205,35.0,Medium,Clear,Normal
S008,New Boulevard,2026-05-07 18:55:00,217,40.1,Medium,Cloudy,Normal
S004,Blloku,2026-05-07 19:00:00,65,54.6,Low,Foggy,Normal
S006,Zogu i Zi,2026-05-07 19:05:00,98,44.7,Low,Cloudy,Normal
S007,Airport Road,2026-05-07 19:10:00,135,32.7,Medium,Clear,Normal
S007,Airport Road,2026-05-07 19:15:00,161,37.1,Medium,Rainy,Normal
S001,Tirana Center,2026-05-07 19:20:00,88,36.0,Medium,Clear,Normal
S007,Airport Road,2026-05-07 19:25:00,89,38.0,Medium,Foggy,Normal
S003,Student City,2026-05-07 19:30:00,159,35.9,Medium,Cloudy,Normal
S003,Student City,2026-05-07 19:35:00,84,41.8,Low,Clear,Roadwork
S005,Durres Road,2026-05-07 19:40:00,75,40.9,Low,Rainy,Normal
S006,Zogu i Zi,2026-05-07 19:45:00,154,21.7,High,Cloudy,Accident
S008,New Boulevard,2026-05-07 19:50:00,77,47.9,Low,Clear,Normal
S002,Ring Road,2026-05-07 19:55:00,103,34.8,Medium,Cloudy,Normal
S004,Blloku,2026-05-07 20:00:00,145,35.6,Medium,Foggy,Normal
S003,Student City,2026-05-07 20:05:00,63,51.4,Low,Rainy,Normal
S008,New Boulevard,2026-05-07 20:10:00,160,25.9,Medium,Cloudy,Normal
S007,Airport Road,2026-05-07 20:15:00,119,40.7,Low,Clear,Normal
S008,New Boulevard,2026-05-07 20:20:00,103,41.3,Low,Cloudy,Normal
S007,Airport Road,2026-05-07 20:25:00,113,30.6,Medium,Foggy,Roadwork
S003,Student City,2026-05-07 20:30:00,119,39.3,Low,Clear,Normal
S003,Student City,2026-05-07 20:35:00,137,25.9,Medium,Cloudy,Normal
S007,Airport Road,2026-05-07 20:40:00,22,49.9,Low,Rainy,Normal
S006,Zogu i Zi,2026-05-07 20:45:00,155,42.2,Medium,Rainy,Normal
S008,New Boulevard,2026-05-07 20:50:00,159,41.2,Medium,Rainy,Normal
S007,Airport Road,2026-05-07 20:55:00,149,24.3,Medium,Rainy,Normal
S008,New Boulevard,2026-05-07 21:00:00,91,25.4,Medium,Cloudy,Normal
S006,Zogu i Zi,2026-05-07 21:05:00,82,37.1,Medium,Cloudy,Normal
S005,Durres Road,2026-05-07 21:10:00,73,53.3,Low,Foggy,Normal
S002,Ring Road,2026-05-07 21:15:00,95,29.0,Medium,Foggy,Normal
S001,Tirana Center,2026-05-07 21:20:00,59,62.1,Low,Cloudy,Normal
S008,New Boulevard,2026-05-07 21:25:00,69,42.6,Low,Rainy,Normal
S007,Airport Road,2026-05-07 21:30:00,86,53.8,Low,Rainy,Normal
S004,Blloku,2026-05-07 21:35:00,145,34.8,Medium,Rainy,Normal
S008,New Boulevard,2026-05-07 21:40:00,51,40.3,Low,Clear,Normal
S003,Student City,2026-05-07 21:45:00,45,52.2,Low,Clear,Normal
S007,Airport Road,2026-05-07 21:50:00,61,48.0,Low,Cloudy,Normal
S008,New Boulevard,2026-05-07 21:55:00,141,34.6,Medium,Rainy,Normal
S001,Tirana Center,2026-05-07 22:00:00,100,46.7,Low,Foggy,Normal
S008,New Boulevard,2026-05-07 22:05:00,150,37.5,Medium,Cloudy,Normal
S006,Zogu i Zi,2026-05-07 22:10:00,51,46.7,Low,Rainy,Heavy Traffic
S008,New Boulevard,2026-05-07 22:15:00,112,42.7,Low,Foggy,Normal
S004,Blloku,2026-05-07 22:20:00,82,52.6,Low,Clear,Roadwork
S001,Tirana Center,2026-05-07 22:25:00,109,34.2,Medium,Foggy,Normal
S003,Student City,2026-05-07 22:30:00,189,36.2,Medium,Clear,Normal
S002,Ring Road,2026-05-07 22:35:00,102,29.3,Medium,Clear,Normal
S002,Ring Road,2026-05-07 22:40:00,60,52.4,Low,Foggy,Normal
S001,Tirana Center,2026-05-07 22:45:00,105,58.8,Low,Clear,Normal
S007,Airport Road,2026-05-07 22:50:00,112,36.3,Medium,Rainy,Heavy Traffic
S001,Tirana Center,2026-05-07 22:55:00,58,47.3,Low,Cloudy,Normal
S006,Zogu i Zi,2026-05-07 23:00:00,61,46.9,Low,Cloudy,Normal
S001,Tirana Center,2026-05-07 23:05:00,44,59.9,Low,Cloudy,Normal
S008,New Boulevard,2026-05-07 23:10:00,81,36.6,Medium,Clear,Heavy Traffic
S006,Zogu i Zi,2026-05-07 23:15:00,108,36.3,Medium,Cloudy,Normal
S007,Airport Road,2026-05-07 23:20:00,112,46.2,Low,Foggy,Normal
S008,New Boulevard,2026-05-07 23:25:00,78,61.1,Low,Cloudy,Normal
S005,Durres Road,2026-05-07 23:30:00,115,45.6,Low,Clear,Normal
S004,Blloku,2026-05-07 23:35:00,86,46.1,Low,Rainy,Normal
S008,New Boulevard,2026-05-07 23:40:00,104,36.0,Medium,Foggy,Roadwork
S004,Blloku,2026-05-07 23:45:00,160,30.8,Medium,Rainy,Normal
S008,New Boulevard,2026-05-07 23:50:00,77,44.9,Low,Cloudy,Normal
S007,Airport Road,2026-05-07 23:55:00,120,51.4,Low,Foggy,Normal
S003,Student City,2026-05-08 00:00:00,84,41.8,Low,Clear,Normal
S001,Tirana Center,2026-05-08 00:05:00,89,34.0,Medium,Cloudy,Normal
S001,Tirana Center,2026-05-08 00:10:00,103,49.6,Low,Cloudy,Normal
S008,New Boulevard,2026-05-08 00:15:00,126,24.1,Medium,Foggy,Normal
S006,Zogu i Zi,2026-05-08 00:20:00,66,45.8,Low,Clear,Normal
S003,Student City,2026-05-08 00:25:00,56,62.7,Low,Cloudy,Heavy Traffic
S005,Durres Road,2026-05-08 00:30:00,78,61.3,Low,Clear,Normal
S007,Airport Road,2026-05-08 00:35:00,95,36.5,Medium,Clear,Normal
S003,Student City,2026-05-08 00:40:00,144,32.1,Medium,Foggy,Normal
S008,New Boulevard,2026-05-08 00:45:00,75,58.7,Low,Clear,Normal
S005,Durres Road,2026-05-08 00:50:00,97,38.7,Low,Clear,Normal
S001,Tirana Center,2026-05-08 00:55:00,117,36.4,Medium,Rainy,Normal
S006,Zogu i Zi,2026-05-08 01:00:00,106,50.9,Low,Foggy,Normal
S004,Blloku,2026-05-08 01:05:00,115,50.7,Low,Cloudy,Normal
S008,New Boulevard,2026-05-08 01:10:00,179,32.0,Medium,Cloudy,Normal
S003,Student City,2026-05-08 01:15:00,71,65.6,Low,Clear,Normal
S008,New Boulevard,2026-05-08 01:20:00,49,41.2,Low,Rainy,Normal
S008,New Boulevard,2026-05-08 01:25:00,139,33.1,Medium,Foggy,Normal
S002,Ring Road,2026-05-08 01:30:00,158,26.2,Medium,Rainy,Normal
S005,Durres Road,2026-05-08 01:35:00,89,46.5,Low,Cloudy,Normal
S002,Ring Road,2026-05-08 01:40:00,118,45.9,Low,Cloudy,Normal
S002,Ring Road,2026-05-08 01:45:00,90,35.0,Medium,Cloudy,Accident
S002,Ring Road,2026-05-08 01:50:00,87,24.9,Medium,Foggy,Normal
S006,Zogu i Zi,2026-05-08 01:55:00,111,39.7,Low,Rainy,Normal
S007,Airport Road,2026-05-08 02:00:00,72,40.6,Low,Cloudy,Normal
S003,Student City,2026-05-08 02:05:00,159,36.4,Medium,Foggy,Normal
S006,Zogu i Zi,2026-05-08 02:10:00,69,42.0,Low,Rainy,Normal
S003,Student City,2026-05-08 02:15:00,114,35.2,Medium,Cloudy,Heavy Traffic
S008,New Boulevard,2026-05-08 02:20:00,102,62.1,Low,Rainy,Normal
S003,Student City,2026-05-08 02:25:00,84,44.1,Low,Clear,Roadwork
S001,Tirana Center,2026-05-08 02:30:00,98,45.1,Low,Cloudy,Normal
S002,Ring Road,2026-05-08 02:35:00,110,45.5,Low,Foggy,Normal
S002,Ring Road,2026-05-08 02:40:00,168,31.3,Medium,Rainy,Normal
S006,Zogu i Zi,2026-05-08 02:45:00,117,35.6,Medium,Foggy,Normal
S004,Blloku,2026-05-08 02:50:00,113,39.1,Low,Rainy,Accident
S006,Zogu i Zi,2026-05-08 02:55:00,163,45.1,Medium,Foggy,Normal
S006,Zogu i Zi,2026-05-08 03:00:00,91,32.2,Medium,Rainy,Heavy Traffic
S006,Zogu i Zi,2026-05-08 03:05:00,101,40.1,Low,Cloudy,Normal
S008,New Boulevard,2026-05-08 03:10:00,68,44.4,Low,Cloudy,Normal
S003,Student City,2026-05-08 03:15:00,84,48.6,Low,Clear,Normal
S003,Student City,2026-05-08 03:20:00,100,47.5,Low,Cloudy,Normal
S006,Zogu i Zi,2026-05-08 03:25:00,135,35.1,Medium,Rainy,Roadwork
S005,Durres Road,2026-05-08 03:30:00,71,33.0,Medium,Cloudy,Normal
S008,New Boulevard,2026-05-08 03:35:00,109,28.4,Medium,Foggy,Normal
S006,Zogu i Zi,2026-05-08 03:40:00,87,39.4,Low,Rainy,Normal
S002,Ring Road,2026-05-08 03:45:00,133,43.5,Low,Rainy,Normal
S006,Zogu i Zi,2026-05-08 03:50:00,105,25.7,Medium,Rainy,Normal
S005,Durres Road,2026-05-08 03:55:00,56,39.0,Low,Rainy,Normal
S001,Tirana Center,2026-05-08 04:00:00,57,44.5,Low,Foggy,Normal
S001,Tirana Center,2026-05-08 04:05:00,101,55.3,Low,Rainy,Normal
S007,Airport Road,2026-05-08 04:10:00,96,48.1,Low,Rainy,Normal
S008,New Boulevard,2026-05-08 04:15:00,72,28.2,Medium,Cloudy,Normal
S001,Tirana Center,2026-05-08 04:20:00,86,50.2,Low,Rainy,Heavy Traffic
S007,Airport Road,2026-05-08 04:25:00,69,43.1,Low,Foggy,Normal
S006,Zogu i Zi,2026-05-08 04:30:00,156,39.4,Medium,Cloudy,Normal
S004,Blloku,2026-05-08 04:35:00,70,48.5,Low,Clear,Normal
S008,New Boulevard,2026-05-08 04:40:00,57,49.1,Low,Cloudy,Normal
S006,Zogu i Zi,2026-05-08 04:45:00,104,40.7,Low,Clear,Normal
S006,Zogu i Zi,2026-05-08 04:50:00,30,54.4,Low,Clear,Normal
S003,Student City,2026-05-08 04:55:00,86,34.6,Medium,Cloudy,Normal
S004,Blloku,2026-05-08 05:00:00,99,33.4,Medium,Foggy,Normal
S001,Tirana Center,2026-05-08 05:05:00,74,41.1,Low,Foggy,Normal
S004,Blloku,2026-05-08 05:10:00,91,34.3,Medium,Cloudy,Normal
S004,Blloku,2026-05-08 05:15:00,116,49.1,Low,Clear,Normal
S003,Student City,2026-05-08 05:20:00,113,27.6,Medium,Foggy,Normal
S008,New Boulevard,2026-05-08 05:25:00,115,31.4,Medium,Foggy,Normal
S006,Zogu i Zi,2026-05-08 05:30:00,158,30.0,Medium,Clear,Normal
S007,Airport Road,2026-05-08 05:35:00,51,64.0,Low,Cloudy,Normal
S003,Student City,2026-05-08 05:40:00,104,51.8,Low,Clear,Normal
S002,Ring Road,2026-05-08 05:45:00,190,22.8,Medium,Clear,Normal
S005,Durres Road,2026-05-08 05:50:00,114,26.9,Medium,Rainy,Normal
S001,Tirana Center,2026-05-08 05:55:00,121,34.6,Medium,Foggy,Normal
S005,Durres Road,2026-05-08 06:00:00,61,46.1,Low,Foggy,Normal
S005,Durres Road,2026-05-08 06:05:00,99,26.0,Medium,Cloudy,Normal
S001,Tirana Center,2026-05-08 06:10:00,87,46.5,Low,Foggy,Normal
S006,Zogu i Zi,2026-05-08 06:15:00,65,46.1,Low,Foggy,Normal
S004,Blloku,2026-05-08 06:20:00,48,47.3,Low,Cloudy,Normal
S002,Ring Road,2026-05-08 06:25:00,150,24.6,Medium,Foggy,Normal
S006,Zogu i Zi,2026-05-08 06:30:00,91,40.8,Low,Rainy,Normal
S006,Zogu i Zi,2026-05-08 06:35:00,89,38.8,Low,Clear,Normal
S006,Zogu i Zi,2026-05-08 06:40:00,84,50.4,Low,Cloudy,Normal
S005,Durres Road,2026-05-08 06:45:00,114,39.5,Low,Foggy,Normal
S004,Blloku,2026-05-08 06:50:00,150,27.7,Medium,Foggy,Normal
S003,Student City,2026-05-08 06:55:00,78,29.6,Medium,Rainy,Normal
S008,New Boulevard,2026-05-08 07:00:00,181,31.0,Medium,Cloudy,Normal
S003,Student City,2026-05-08 07:05:00,294,8,High,Cloudy,Normal
S001,Tirana Center,2026-05-08 07:10:00,212,8,High,Clear,Normal
S008,New Boulevard,2026-05-08 07:15:00,257,13.7,High,Cloudy,Normal
S005,Durres Road,2026-05-08 07:20:00,232,17.7,High,Clear,Normal
S004,Blloku,2026-05-08 07:25:00,267,32.8,High,Foggy,Normal
S007,Airport Road,2026-05-08 07:30:00,214,21.6,High,Foggy,Normal
S006,Zogu i Zi,2026-05-08 07:35:00,275,8,High,Rainy,Normal
S006,Zogu i Zi,2026-05-08 07:40:00,221,27.8,Medium,Rainy,Normal
S002,Ring Road,2026-05-08 07:45:00,164,34.2,Medium,Rainy,Normal
S006,Zogu i Zi,2026-05-08 07:50:00,198,24.4,Medium,Cloudy,Normal
S002,Ring Road,2026-05-08 07:55:00,270,12.4,High,Clear,Normal
S001,Tirana Center,2026-05-08 08:00:00,215,20.1,High,Rainy,Normal
S007,Airport Road,2026-05-08 08:05:00,297,8,High,Cloudy,Normal
S004,Blloku,2026-05-08 08:10:00,242,13.5,High,Cloudy,Normal
S005,Durres Road,2026-05-08 08:15:00,186,35.3,Medium,Clear,Normal
S001,Tirana Center,2026-05-08 08:20:00,246,8.5,High,Foggy,Normal
S006,Zogu i Zi,2026-05-08 08:25:00,241,19.2,High,Clear,Normal
S008,New Boulevard,2026-05-08 08:30:00,248,12.4,High,Foggy,Normal
S004,Blloku,2026-05-08 08:35:00,159,32.7,Medium,Rainy,Normal
S008,New Boulevard,2026-05-08 08:40:00,242,19.4,High,Cloudy,Normal
S004,Blloku,2026-05-08 08:45:00,158,37.6,Medium,Clear,Normal
S001,Tirana Center,2026-05-08 08:50:00,243,27.1,Medium,Cloudy,Normal
S003,Student City,2026-05-08 08:55:00,228,21.5,High,Clear,Roadwork
S006,Zogu i Zi,2026-05-08 09:00:00,181,18.6,High,Foggy,Normal
S005,Durres Road,2026-05-08 09:05:00,148,34.0,Medium,Foggy,Normal
S001,Tirana Center,2026-05-08 09:10:00,236,32.3,Medium,Clear,Normal
S004,Blloku,2026-05-08 09:15:00,243,21.7,High,Cloudy,Accident
S003,Student City,2026-05-08 09:20:00,269,15.0,High,Rainy,Normal
S003,Student City,2026-05-08 09:25:00,188,37.4,Medium,Clear,Normal
S002,Ring Road,2026-05-08 09:30:00,262,13.2,High,Foggy,Normal
S006,Zogu i Zi,2026-05-08 09:35:00,211,19.8,High,Rainy,Normal
S005,Durres Road,2026-05-08 09:40:00,255,14.1,High,Clear,Normal
S003,Student City,2026-05-08 09:45:00,230,8,High,Clear,Normal
S007,Airport Road,2026-05-08 09:50:00,204,13.6,High,Rainy,Normal
S005,Durres Road,2026-05-08 09:55:00,231,28.7,Medium,Cloudy,Normal
S004,Blloku,2026-05-08 10:00:00,120,52.7,Low,Cloudy,Normal
S008,New Boulevard,2026-05-08 10:05:00,184,26.4,Medium,Clear,Normal
S003,Student City,2026-05-08 10:10:00,196,19.4,High,Foggy,Normal
S004,Blloku,2026-05-08 10:15:00,95,35.9,Medium,Foggy,Normal
S001,Tirana Center,2026-05-08 10:20:00,85,29.6,Medium,Clear,Normal
S006,Zogu i Zi,2026-05-08 10:25:00,142,33.0,Medium,Foggy,Roadwork
S007,Airport Road,2026-05-08 10:30:00,144,42.9,Low,Foggy,Normal
S006,Zogu i Zi,2026-05-08 10:35:00,108,43.0,Low,Clear,Normal
S003,Student City,2026-05-08 10:40:00,99,37.6,Medium,Rainy,Accident
S006,Zogu i Zi,2026-05-08 10:45:00,93,39.6,Low,Rainy,Normal
S007,Airport Road,2026-05-08 10:50:00,146,35.2,Medium,Cloudy,Normal
S004,Blloku,2026-05-08 10:55:00,152,42.2,Medium,Foggy,Normal
S003,Student City,2026-05-08 11:00:00,65,47.4,Low,Rainy,Normal
S004,Blloku,2026-05-08 11:05:00,190,40.0,Medium,Rainy,Normal
S006,Zogu i Zi,2026-05-08 11:10:00,97,40.6,Low,Foggy,Normal
S002,Ring Road,2026-05-08 11:15:00,120,19.6,High,Rainy,Normal
S004,Blloku,2026-05-08 11:20:00,142,42.6,Low,Foggy,Normal
S007,Airport Road,2026-05-08 11:25:00,109,46.1,Low,Rainy,Normal
S008,New Boulevard,2026-05-08 11:30:00,92,49.5,Low,Rainy,Normal
S001,Tirana Center,2026-05-08 11:35:00,76,52.1,Low,Cloudy,Normal
S002,Ring Road,2026-05-08 11:40:00,108,29.6,Medium,Foggy,Normal
S007,Airport Road,2026-05-08 11:45:00,89,45.4,Low,Clear,Roadwork
S004,Blloku,2026-05-08 11:50:00,76,39.4,Low,Clear,Normal
S005,Durres Road,2026-05-08 11:55:00,187,16.1,High,Cloudy,Normal
S003,Student City,2026-05-08 12:00:00,127,24.9,Medium,Cloudy,Normal
S006,Zogu i Zi,2026-05-08 12:05:00,133,32.0,Medium,Clear,Heavy Traffic
S003,Student City,2026-05-08 12:10:00,88,43.2,Low,Clear,Normal
S003,Student City,2026-05-08 12:15:00,57,52.1,Low,Cloudy,Normal
S006,Zogu i Zi,2026-05-08 12:20:00,96,51.2,Low,Cloudy,Normal
S003,Student City,2026-05-08 12:25:00,22,50.2,Low,Cloudy,Normal
S006,Zogu i Zi,2026-05-08 12:30:00,78,35.1,Medium,Cloudy,Normal
S004,Blloku,2026-05-08 12:35:00,68,44.6,Low,Clear,Normal
S003,Student City,2026-05-08 12:40:00,128,47.5,Low,Rainy,Normal
S005,Durres Road,2026-05-08 12:45:00,91,59.0,Low,Rainy,Normal
S006,Zogu i Zi,2026-05-08 12:50:00,72,30.6,Medium,Clear,Normal
S008,New Boulevard,2026-05-08 12:55:00,95,47.6,Low,Foggy,Normal
S008,New Boulevard,2026-05-08 13:00:00,121,36.3,Medium,Rainy,Normal
S007,Airport Road,2026-05-08 13:05:00,136,37.7,Medium,Clear,Normal
S003,Student City,2026-05-08 13:10:00,150,35.8,Medium,Foggy,Normal
S005,Durres Road,2026-05-08 13:15:00,118,40.3,Low,Cloudy,Normal
S006,Zogu i Zi,2026-05-08 13:20:00,88,30.7,Medium,Clear,Normal
S001,Tirana Center,2026-05-08 13:25:00,96,35.5,Medium,Foggy,Normal
S007,Airport Road,2026-05-08 13:30:00,97,48.7,Low,Cloudy,Normal
S006,Zogu i Zi,2026-05-08 13:35:00,154,33.8,Medium,Cloudy,Normal
S006,Zogu i Zi,2026-05-08 13:40:00,20,56.3,Low,Rainy,Normal
S007,Airport Road,2026-05-08 13:45:00,92,41.4,Low,Rainy,Normal
S008,New Boulevard,2026-05-08 13:50:00,76,42.6,Low,Cloudy,Normal
S001,Tirana Center,2026-05-08 13:55:00,109,48.8,Low,Clear,Normal
S008,New Boulevard,2026-05-08 14:00:00,85,41.3,Low,Cloudy,Heavy Traffic
S008,New Boulevard,2026-05-08 14:05:00,176,32.7,Medium,Rainy,Normal
S008,New Boulevard,2026-05-08 14:10:00,178,34.7,Medium,Clear,Normal
S005,Durres Road,2026-05-08 14:15:00,51,50.3,Low,Clear,Normal
S007,Airport Road,2026-05-08 14:20:00,139,38.6,Low,Cloudy,Normal
S007,Airport Road,2026-05-08 14:25:00,121,52.2,Low,Clear,Normal
S005,Durres Road,2026-05-08 14:30:00,78,20.4,High,Cloudy,Normal
S005,Durres Road,2026-05-08 14:35:00,92,34.9,Medium,Cloudy,Normal
S006,Zogu i Zi,2026-05-08 14:40:00,120,37.3,Medium,Rainy,Normal
S007,Airport Road,2026-05-08 14:45:00,115,41.1,Low,Foggy,Normal
S004,Blloku,2026-05-08 14:50:00,106,28.3,Medium,Cloudy,Normal
S002,Ring Road,2026-05-08 14:55:00,97,33.9,Medium,Foggy,Normal
S006,Zogu i Zi,2026-05-08 15:00:00,62,48.0,Low,Cloudy,Normal
S006,Zogu i Zi,2026-05-08 15:05:00,108,34.1,Medium,Rainy,Heavy Traffic
S006,Zogu i Zi,2026-05-08 15:10:00,73,42.2,Low,Foggy,Normal
S002,Ring Road,2026-05-08 15:15:00,102,33.2,Medium,Cloudy,Normal
S007,Airport Road,2026-05-08 15:20:00,73,54.4,Low,Rainy,Normal
S006,Zogu i Zi,2026-05-08 15:25:00,98,50.6,Low,Foggy,Normal
S008,New Boulevard,2026-05-08 15:30:00,60,30.9,Medium,Foggy,Normal
S005,Durres Road,2026-05-08 15:35:00,61,34.3,Medium,Cloudy,Normal
S008,New Boulevard,2026-05-08 15:40:00,76,26.3,Medium,Clear,Normal
S001,Tirana Center,2026-05-08 15:45:00,83,53.9,Low,Cloudy,Normal
S008,New Boulevard,2026-05-08 15:50:00,110,31.8,Medium,Foggy,Normal
S004,Blloku,2026-05-08 15:55:00,113,39.4,Low,Cloudy,Normal
S008,New Boulevard,2026-05-08 16:00:00,189,38.8,Medium,Clear,Normal
S001,Tirana Center,2026-05-08 16:05:00,171,40.0,Medium,Rainy,Normal
S006,Zogu i Zi,2026-05-08 16:10:00,199,20.3,High,Clear,Normal
S004,Blloku,2026-05-08 16:15:00,208,14.2,High,Clear,Normal
S001,Tirana Center,2026-05-08 16:20:00,169,34.9,Medium,Foggy,Normal
S002,Ring Road,2026-05-08 16:25:00,240,30.8,Medium,Foggy,Normal
S002,Ring Road,2026-05-08 16:30:00,194,33.1,Medium,Foggy,Normal
S003,Student City,2026-05-08 16:35:00,264,8,High,Foggy,Normal
S006,Zogu i Zi,2026-05-08 16:40:00,243,13.1,High,Foggy,Normal
S004,Blloku,2026-05-08 16:45:00,253,22.5,High,Rainy,Normal
S008,New Boulevard,2026-05-08 16:50:00,194,38.2,Medium,Rainy,Heavy Traffic
S005,Durres Road,2026-05-08 16:55:00,213,31.3,Medium,Clear,Normal
S003,Student City,2026-05-08 17:00:00,228,11.9,High,Rainy,Normal
S004,Blloku,2026-05-08 17:05:00,208,8.7,High,Rainy,Normal
S004,Blloku,2026-05-08 17:10:00,236,21.1,High,Foggy,Accident
S008,New Boulevard,2026-05-08 17:15:00,289,20.3,High,Clear,Normal
S007,Airport Road,2026-05-08 17:20:00,221,25.0,Medium,Rainy,Normal
S007,Airport Road,2026-05-08 17:25:00,188,30.4,Medium,Foggy,Normal
S005,Durres Road,2026-05-08 17:30:00,245,11.4,High,Foggy,Normal
S003,Student City,2026-05-08 17:35:00,207,22.4,Medium,Foggy,Normal
S004,Blloku,2026-05-08 17:40:00,186,20.4,High,Clear,Normal
S004,Blloku,2026-05-08 17:45:00,205,29.7,Medium,Rainy,Normal
S003,Student City,2026-05-08 17:50:00,204,21.9,High,Clear,Normal
S002,Ring Road,2026-05-08 17:55:00,180,23.9,Medium,Foggy,Normal
S008,New Boulevard,2026-05-08 18:00:00,253,17.1,High,Cloudy,Normal
S003,Student City,2026-05-08 18:05:00,203,29.4,Medium,Cloudy,Normal
S007,Airport Road,2026-05-08 18:10:00,216,24.5,Medium,Clear,Normal
S001,Tirana Center,2026-05-08 18:15:00,152,33.8,Medium,Cloudy,Normal
S004,Blloku,2026-05-08 18:20:00,211,40.7,Medium,Cloudy,Normal
S007,Airport Road,2026-05-08 18:25:00,241,11.6,High,Rainy,Normal
S005,Durres Road,2026-05-08 18:30:00,220,8,High,Clear,Normal
S008,New Boulevard,2026-05-08 18:35:00,260,14.6,High,Cloudy,Normal
S001,Tirana Center,2026-05-08 18:40:00,244,22.1,Medium,Clear,Roadwork
S002,Ring Road,2026-05-08 18:45:00,181,41.9,Medium,Cloudy,Normal
S001,Tirana Center,2026-05-08 18:50:00,251,11.8,High,Rainy,Normal
S002,Ring Road,2026-05-08 18:55:00,240,22.1,Medium,Foggy,Normal
S006,Zogu i Zi,2026-05-08 19:00:00,142,35.4,Medium,Rainy,Normal
S008,New Boulevard,2026-05-08 19:05:00,163,32.8,Medium,Rainy,Normal
S006,Zogu i Zi,2026-05-08 19:10:00,145,19.6,High,Rainy,Normal
S002,Ring Road,2026-05-08 19:15:00,92,34.1,Medium,Foggy,Normal
S008,New Boulevard,2026-05-08 19:20:00,89,42.2,Low,Clear,Normal
S003,Student City,2026-05-08 19:25:00,82,56.7,Low,Cloudy,Normal
S006,Zogu i Zi,2026-05-08 19:30:00,86,44.5,Low,Rainy,Normal
S001,Tirana Center,2026-05-08 19:35:00,68,34.0,Medium,Cloudy,Normal
S003,Student City,2026-05-08 19:40:00,70,41.3,Low,Cloudy,Normal
S004,Blloku,2026-05-08 19:45:00,94,53.4,Low,Rainy,Normal
S004,Blloku,2026-05-08 19:50:00,66,31.0,Medium,Cloudy,Normal
S006,Zogu i Zi,2026-05-08 19:55:00,115,18.0,High,Cloudy,Normal
S002,Ring Road,2026-05-08 20:00:00,155,46.5,Medium,Rainy,Normal
S007,Airport Road,2026-05-08 20:05:00,107,47.3,Low,Clear,Accident
S008,New Boulevard,2026-05-08 20:10:00,84,35.5,Medium,Foggy,Normal
S006,Zogu i Zi,2026-05-08 20:15:00,84,38.6,Low,Foggy,Normal
S003,Student City,2026-05-08 20:20:00,74,31.4,Medium,Cloudy,Normal
S006,Zogu i Zi,2026-05-08 20:25:00,91,30.6,Medium,Rainy,Normal
S005,Durres Road,2026-05-08 20:30:00,103,26.3,Medium,Foggy,Normal
S004,Blloku,2026-05-08 20:35:00,66,52.4,Low,Foggy,Heavy Traffic
S008,New Boulevard,2026-05-08 20:40:00,93,40.7,Low,Clear,Normal
S006,Zogu i Zi,2026-05-08 20:45:00,58,53.7,Low,Cloudy,Normal
S003,Student City,2026-05-08 20:50:00,53,43.9,Low,Foggy,Normal
S006,Zogu i Zi,2026-05-08 20:55:00,77,32.7,Medium,Rainy,Normal
S008,New Boulevard,2026-05-08 21:00:00,104,48.7,Low,Foggy,Normal
S007,Airport Road,2026-05-08 21:05:00,93,44.9,Low,Rainy,Normal
S003,Student City,2026-05-08 21:10:00,175,18.7,High,Rainy,Heavy Traffic
S006,Zogu i Zi,2026-05-08 21:15:00,179,36.2,Medium,Rainy,Normal
S006,Zogu i Zi,2026-05-08 21:20:00,121,45.0,Low,Rainy,Normal
S002,Ring Road,2026-05-08 21:25:00,93,45.0,Low,Rainy,Normal
S006,Zogu i Zi,2026-05-08 21:30:00,58,52.9,Low,Cloudy,Normal
S003,Student City,2026-05-08 21:35:00,92,53.5,Low,Cloudy,Normal
S004,Blloku,2026-05-08 21:40:00,60,44.1,Low,Foggy,Normal
S004,Blloku,2026-05-08 21:45:00,91,39.3,Low,Rainy,Normal
S007,Airport Road,2026-05-08 21:50:00,98,40.9,Low,Rainy,Normal
S006,Zogu i Zi,2026-05-08 21:55:00,109,49.2,Low,Clear,Normal
S004,Blloku,2026-05-08 22:00:00,130,37.9,Medium,Rainy,Heavy Traffic
S006,Zogu i Zi,2026-05-08 22:05:00,99,44.8,Low,Rainy,Normal
S007,Airport Road,2026-05-08 22:10:00,83,29.6,Medium,Foggy,Normal
S004,Blloku,2026-05-08 22:15:00,110,44.1,Low,Rainy,Normal
S007,Airport Road,2026-05-08 22:20:00,94,38.3,Low,Cloudy,Normal
S008,New Boulevard,2026-05-08 22:25:00,98,40.8,Low,Cloudy,Normal
S005,Durres Road,2026-05-08 22:30:00,63,41.5,Low,Rainy,Roadwork
S001,Tirana Center,2026-05-08 22:35:00,82,37.1,Medium,Cloudy,Normal
S004,Blloku,2026-05-08 22:40:00,133,33.1,Medium,Foggy,Normal
S008,New Boulevard,2026-05-08 22:45:00,91,47.6,Low,Foggy,Normal
S006,Zogu i Zi,2026-05-08 22:50:00,125,38.6,Low,Foggy,Heavy Traffic
S008,New Boulevard,2026-05-08 22:55:00,132,38.5,Low,Foggy,Normal
S007,Airport Road,2026-05-08 23:00:00,120,37.7,Medium,Foggy,Normal
S007,Airport Road,2026-05-08 23:05:00,89,37.6,Medium,Foggy,Normal
S006,Zogu i Zi,2026-05-08 23:10:00,93,40.3,Low,Rainy,Normal
S005,Durres Road,2026-05-08 23:15:00,102,34.4,Medium,Foggy,Normal
S005,Durres Road,2026-05-08 23:20:00,85,48.9,Low,Foggy,Heavy Traffic
S004,Blloku,2026-05-08 23:25:00,132,34.8,Medium,Clear,Normal
S008,New Boulevard,2026-05-08 23:30:00,118,34.5,Medium,Cloudy,Normal
S002,Ring Road,2026-05-08 23:35:00,137,29.7,Medium,Rainy,Roadwork
S002,Ring Road,2026-05-08 23:40:00,72,51.6,Low,Cloudy,Heavy Traffic
S003,Student City,2026-05-08 23:45:00,106,32.9,Medium,Foggy,Normal
S002,Ring Road,2026-05-08 23:50:00,100,38.5,Low,Clear,Normal
S007,Airport Road,2026-05-08 23:55:00,94,58.8,Low,Rainy,Normal
S007,Airport Road,2026-05-09 00:00:00,91,22.4,Medium,Rainy,Normal
S008,New Boulevard,2026-05-09 00:05:00,54,50.1,Low,Clear,Heavy Traffic
S001,Tirana Center,2026-05-09 00:10:00,59,47.9,Low,Rainy,Normal
S004,Blloku,2026-05-09 00:15:00,71,47.3,Low,Rainy,Normal
S002,Ring Road,2026-05-09 00:20:00,150,40.4,Low,Clear,Normal
S003,Student City,2026-05-09 00:25:00,165,29.2,Medium,Rainy,Normal
S005,Durres Road,2026-05-09 00:30:00,56,60.7,Low,Foggy,Normal
S005,Durres Road,2026-05-09 00:35:00,135,40.3,Low,Rainy,Normal
S003,Student City,2026-05-09 00:40:00,101,47.7,Low,Rainy,Normal
S007,Airport Road,2026-05-09 00:45:00,136,32.0,Medium,Clear,Normal
S006,Zogu i Zi,2026-05-09 00:50:00,92,48.3,Low,Rainy,Heavy Traffic
S005,Durres Road,2026-05-09 00:55:00,103,35.9,Medium,Rainy,Normal
S002,Ring Road,2026-05-09 01:00:00,154,11.7,High,Rainy,Normal
S005,Durres Road,2026-05-09 01:05:00,129,42.4,Low,Clear,Normal
S005,Durres Road,2026-05-09 01:10:00,93,24.3,Medium,Rainy,Normal
S008,New Boulevard,2026-05-09 01:15:00,29,57.6,Low,Foggy,Normal
S006,Zogu i Zi,2026-05-09 01:20:00,146,42.2,Low,Foggy,Normal
S008,New Boulevard,2026-05-09 01:25:00,119,38.2,Low,Cloudy,Normal
S003,Student City,2026-05-09 01:30:00,61,54.8,Low,Cloudy,Normal
S001,Tirana Center,2026-05-09 01:35:00,51,49.6,Low,Foggy,Normal
S004,Blloku,2026-05-09 01:40:00,61,40.4,Low,Clear,Heavy Traffic
S002,Ring Road,2026-05-09 01:45:00,151,36.9,Medium,Rainy,Normal
S003,Student City,2026-05-09 01:50:00,124,36.7,Medium,Foggy,Normal
S005,Durres Road,2026-05-09 01:55:00,146,29.2,Medium,Clear,Normal
S006,Zogu i Zi,2026-05-09 02:00:00,91,36.4,Medium,Clear,Normal
S007,Airport Road,2026-05-09 02:05:00,57,57.1,Low,Cloudy,Normal
S008,New Boulevard,2026-05-09 02:10:00,71,47.7,Low,Rainy,Normal
S002,Ring Road,2026-05-09 02:15:00,102,36.2,Medium,Rainy,Normal
S001,Tirana Center,2026-05-09 02:20:00,106,38.6,Low,Cloudy,Normal
S008,New Boulevard,2026-05-09 02:25:00,31,47.6,Low,Foggy,Normal
S001,Tirana Center,2026-05-09 02:30:00,127,26.5,Medium,Cloudy,Normal
S002,Ring Road,2026-05-09 02:35:00,107,46.0,Low,Clear,Normal
S006,Zogu i Zi,2026-05-09 02:40:00,104,40.1,Low,Foggy,Normal
S005,Durres Road,2026-05-09 02:45:00,92,48.7,Low,Cloudy,Normal
S003,Student City,2026-05-09 02:50:00,104,18.7,High,Cloudy,Roadwork
S002,Ring Road,2026-05-09 02:55:00,85,35.0,Medium,Foggy,Normal
S004,Blloku,2026-05-09 03:00:00,122,22.3,Medium,Foggy,Normal
S001,Tirana Center,2026-05-09 03:05:00,116,27.6,Medium,Rainy,Normal
S001,Tirana Center,2026-05-09 03:10:00,35,55.3,Low,Clear,Normal
S003,Student City,2026-05-09 03:15:00,153,49.3,Medium,Clear,Normal
S004,Blloku,2026-05-09 03:20:00,155,21.0,High,Foggy,Normal
S008,New Boulevard,2026-05-09 03:25:00,119,41.1,Low,Foggy,Heavy Traffic
S001,Tirana Center,2026-05-09 03:30:00,124,36.4,Medium,Rainy,Heavy Traffic
S007,Airport Road,2026-05-09 03:35:00,37,49.2,Low,Foggy,Accident
S004,Blloku,2026-05-09 03:40:00,92,32.3,Medium,Foggy,Roadwork
S007,Airport Road,2026-05-09 03:45:00,103,47.1,Low,Rainy,Normal
S003,Student City,2026-05-09 03:50:00,125,36.5,Medium,Cloudy,Normal
S007,Airport Road,2026-05-09 03:55:00,66,48.4,Low,Foggy,Normal
S002,Ring Road,2026-05-09 04:00:00,69,41.6,Low,Clear,Normal
S005,Durres Road,2026-05-09 04:05:00,107,39.8,Low,Clear,Normal
S005,Durres Road,2026-05-09 04:10:00,149,46.9,Low,Foggy,Normal
S007,Airport Road,2026-05-09 04:15:00,136,43.2,Low,Clear,Normal
S006,Zogu i Zi,2026-05-09 04:20:00,120,35.3,Medium,Foggy,Heavy Traffic
S002,Ring Road,2026-05-09 04:25:00,119,40.0,Low,Rainy,Normal
S007,Airport Road,2026-05-09 04:30:00,41,42.7,Low,Clear,Normal
S003,Student City,2026-05-09 04:35:00,69,37.3,Medium,Foggy,Normal
S006,Zogu i Zi,2026-05-09 04:40:00,90,50.5,Low,Rainy,Accident
S002,Ring Road,2026-05-09 04:45:00,96,52.9,Low,Cloudy,Normal
S005,Durres Road,2026-05-09 04:50:00,64,52.5,Low,Cloudy,Normal
S004,Blloku,2026-05-09 04:55:00,51,52.5,Low,Cloudy,Normal
S008,New Boulevard,2026-05-09 05:00:00,107,45.8,Low,Foggy,Roadwork
S006,Zogu i Zi,2026-05-09 05:05:00,106,28.0,Medium,Foggy,Normal
S002,Ring Road,2026-05-09 05:10:00,133,41.0,Low,Foggy,Normal
S002,Ring Road,2026-05-09 05:15:00,100,44.3,Low,Rainy,Normal
S007,Airport Road,2026-05-09 05:20:00,100,51.5,Low,Foggy,Normal
S005,Durres Road,2026-05-09 05:25:00,131,42.7,Low,Rainy,Normal
S004,Blloku,2026-05-09 05:30:00,103,38.0,Medium,Rainy,Roadwork
S005,Durres Road,2026-05-09 05:35:00,114,51.6,Low,Cloudy,Normal
S002,Ring Road,2026-05-09 05:40:00,80,42.0,Low,Clear,Normal
S002,Ring Road,2026-05-09 05:45:00,78,54.9,Low,Cloudy,Normal
S006,Zogu i Zi,2026-05-09 05:50:00,115,17.8,High,Cloudy,Normal
S005,Durres Road,2026-05-09 05:55:00,144,48.8,Low,Clear,Normal
S007,Airport Road,2026-05-09 06:00:00,62,33.4,Medium,Foggy,Normal
S006,Zogu i Zi,2026-05-09 06:05:00,121,27.6,Medium,Foggy,Normal
S006,Zogu i Zi,2026-05-09 06:10:00,127,27.0,Medium,Foggy,Normal
S005,Durres Road,2026-05-09 06:15:00,184,21.8,High,Clear,Normal
S001,Tirana Center,2026-05-09 06:20:00,136,39.2,Low,Cloudy,Normal
S003,Student City,2026-05-09 06:25:00,76,46.7,Low,Clear,Normal
S007,Airport Road,2026-05-09 06:30:00,115,41.6,Low,Clear,Normal
S001,Tirana Center,2026-05-09 06:35:00,134,37.7,Medium,Rainy,Normal
S007,Airport Road,2026-05-09 06:40:00,69,40.0,Low,Cloudy,Normal
S004,Blloku,2026-05-09 06:45:00,24,49.4,Low,Rainy,Normal
S005,Durres Road,2026-05-09 06:50:00,61,60.6,Low,Foggy,Normal
S002,Ring Road,2026-05-09 06:55:00,107,45.6,Low,Clear,Normal
S005,Durres Road,2026-05-09 07:00:00,257,17.2,High,Clear,Normal
S006,Zogu i Zi,2026-05-09 07:05:00,204,32.0,Medium,Rainy,Heavy Traffic
S005,Durres Road,2026-05-09 07:10:00,255,22.1,High,Rainy,Heavy Traffic
S002,Ring Road,2026-05-09 07:15:00,195,11.5,High,Cloudy,Normal
S002,Ring Road,2026-05-09 07:20:00,169,37.5,Medium,Rainy,Normal
S001,Tirana Center,2026-05-09 07:25:00,163,33.6,Medium,Clear,Normal
S008,New Boulevard,2026-05-09 07:30:00,291,8,High,Clear,Normal
S005,Durres Road,2026-05-09 07:35:00,290,8,High,Clear,Normal
S003,Student City,2026-05-09 07:40:00,248,14.1,High,Clear,Normal
S003,Student City,2026-05-09 07:45:00,180,26.1,Medium,Clear,Normal
S007,Airport Road,2026-05-09 07:50:00,186,40.9,Medium,Cloudy,Normal
S001,Tirana Center,2026-05-09 07:55:00,223,14.9,High,Rainy,Normal
S002,Ring Road,2026-05-09 08:00:00,203,28.6,Medium,Cloudy,Normal
S008,New Boulevard,2026-05-09 08:05:00,241,20.3,High,Cloudy,Normal
S007,Airport Road,2026-05-09 08:10:00,258,8,High,Rainy,Normal
S004,Blloku,2026-05-09 08:15:00,245,24.0,Medium,Rainy,Normal
S006,Zogu i Zi,2026-05-09 08:20:00,209,20.0,High,Foggy,Normal
S005,Durres Road,2026-05-09 08:25:00,219,30.2,Medium,Cloudy,Normal
S004,Blloku,2026-05-09 08:30:00,220,27.6,Medium,Cloudy,Normal
S007,Airport Road,2026-05-09 08:35:00,213,21.3,High,Rainy,Normal
S004,Blloku,2026-05-09 08:40:00,187,11.0,High,Cloudy,Normal
S002,Ring Road,2026-05-09 08:45:00,257,13.0,High,Clear,Normal
S004,Blloku,2026-05-09 08:50:00,199,12.9,High,Clear,Accident
S005,Durres Road,2026-05-09 08:55:00,234,24.2,Medium,Clear,Accident
S006,Zogu i Zi,2026-05-09 09:00:00,249,11.7,High,Rainy,Normal
S004,Blloku,2026-05-09 09:05:00,270,8.9,High,Cloudy,Roadwork
S007,Airport Road,2026-05-09 09:10:00,186,19.9,High,Foggy,Normal
S005,Durres Road,2026-05-09 09:15:00,296,11.7,High,Foggy,Roadwork
S005,Durres Road,2026-05-09 09:20:00,192,40.9,Medium,Foggy,Normal
S005,Durres Road,2026-05-09 09:25:00,238,29.3,Medium,Rainy,Normal
S007,Airport Road,2026-05-09 09:30:00,196,38.3,Medium,Clear,Normal
S001,Tirana Center,2026-05-09 09:35:00,257,10.2,High,Clear,Normal
S001,Tirana Center,2026-05-09 09:40:00,205,20.2,High,Rainy,Normal
S005,Durres Road,2026-05-09 09:45:00,219,18.5,High,Rainy,Accident
S002,Ring Road,2026-05-09 09:50:00,236,8,High,Rainy,Normal
S007,Airport Road,2026-05-09 09:55:00,189,24.4,Medium,Cloudy,Normal
S004,Blloku,2026-05-09 10:00:00,109,48.7,Low,Rainy,Heavy Traffic
S003,Student City,2026-05-09 10:05:00,131,42.7,Low,Cloudy,Normal
S006,Zogu i Zi,2026-05-09 10:10:00,90,32.5,Medium,Clear,Normal
S003,Student City,2026-05-09 10:15:00,103,37.4,Medium,Rainy,Accident
S006,Zogu i Zi,2026-05-09 10:20:00,133,47.9,Low,Foggy,Normal
S001,Tirana Center,2026-05-09 10:25:00,92,30.6,Medium,Foggy,Normal
S002,Ring Road,2026-05-09 10:30:00,100,34.7,Medium,Clear,Normal
S001,Tirana Center,2026-05-09 10:35:00,98,50.2,Low,Foggy,Normal
S003,Student City,2026-05-09 10:40:00,143,33.1,Medium,Cloudy,Normal
S005,Durres Road,2026-05-09 10:45:00,92,42.6,Low,Rainy,Normal
S002,Ring Road,2026-05-09 10:50:00,95,44.3,Low,Cloudy,Heavy Traffic
S005,Durres Road,2026-05-09 10:55:00,54,41.2,Low,Clear,Normal
S003,Student City,2026-05-09 11:00:00,88,34.4,Medium,Rainy,Normal
S002,Ring Road,2026-05-09 11:05:00,89,33.5,Medium,Foggy,Normal
S007,Airport Road,2026-05-09 11:10:00,81,48.0,Low,Foggy,Normal
S004,Blloku,2026-05-09 11:15:00,78,36.3,Medium,Clear,Normal
S004,Blloku,2026-05-09 11:20:00,66,69.3,Low,Clear,Heavy Traffic
S007,Airport Road,2026-05-09 11:25:00,76,62.6,Low,Rainy,Normal
S001,Tirana Center,2026-05-09 11:30:00,125,36.9,Medium,Foggy,Normal
S004,Blloku,2026-05-09 11:35:00,110,43.0,Low,Rainy,Normal
S006,Zogu i Zi,2026-05-09 11:40:00,38,48.9,Low,Clear,Normal
S003,Student City,2026-05-09 11:45:00,87,35.1,Medium,Clear,Normal
S002,Ring Road,2026-05-09 11:50:00,99,46.6,Low,Rainy,Normal
S008,New Boulevard,2026-05-09 11:55:00,138,34.9,Medium,Rainy,Roadwork
S005,Durres Road,2026-05-09 12:00:00,117,37.5,Medium,Rainy,Normal
S003,Student City,2026-05-09 12:05:00,75,38.5,Low,Rainy,Normal
S007,Airport Road,2026-05-09 12:10:00,50,47.0,Low,Clear,Normal
S006,Zogu i Zi,2026-05-09 12:15:00,155,12.4,High,Cloudy,Normal
S006,Zogu i Zi,2026-05-09 12:20:00,163,21.9,High,Clear,Normal
S007,Airport Road,2026-05-09 12:25:00,55,54.6,Low,Clear,Normal
S001,Tirana Center,2026-05-09 12:30:00,95,43.4,Low,Cloudy,Normal
S001,Tirana Center,2026-05-09 12:35:00,94,38.9,Low,Rainy,Normal
S006,Zogu i Zi,2026-05-09 12:40:00,145,38.8,Low,Clear,Normal
S003,Student City,2026-05-09 12:45:00,59,50.4,Low,Rainy,Normal
S004,Blloku,2026-05-09 12:50:00,82,39.1,Low,Rainy,Normal
S007,Airport Road,2026-05-09 12:55:00,68,49.6,Low,Rainy,Normal
S004,Blloku,2026-05-09 13:00:00,89,37.6,Medium,Foggy,Normal
S005,Durres Road,2026-05-09 13:05:00,86,43.5,Low,Foggy,Normal
S008,New Boulevard,2026-05-09 13:10:00,47,60.6,Low,Clear,Normal
S004,Blloku,2026-05-09 13:15:00,25,58.2,Low,Cloudy,Normal
S005,Durres Road,2026-05-09 13:20:00,144,40.1,Low,Rainy,Normal
S001,Tirana Center,2026-05-09 13:25:00,125,43.0,Low,Cloudy,Normal
S008,New Boulevard,2026-05-09 13:30:00,94,23.6,Medium,Rainy,Accident
S001,Tirana Center,2026-05-09 13:35:00,94,44.9,Low,Clear,Normal
S005,Durres Road,2026-05-09 13:40:00,62,48.0,Low,Foggy,Normal
S007,Airport Road,2026-05-09 13:45:00,79,50.3,Low,Foggy,Normal
S006,Zogu i Zi,2026-05-09 13:50:00,124,18.2,High,Foggy,Accident
S002,Ring Road,2026-05-09 13:55:00,81,58.5,Low,Rainy,Heavy Traffic
S007,Airport Road,2026-05-09 14:00:00,85,37.8,Medium,Clear,Normal
S004,Blloku,2026-05-09 14:05:00,93,41.7,Low,Foggy,Normal
S005,Durres Road,2026-05-09 14:10:00,87,56.7,Low,Cloudy,Normal
S001,Tirana Center,2026-05-09 14:15:00,67,47.3,Low,Clear,Normal
S007,Airport Road,2026-05-09 14:20:00,54,47.7,Low,Cloudy,Normal
S005,Durres Road,2026-05-09 14:25:00,125,34.6,Medium,Rainy,Normal
S005,Durres Road,2026-05-09 14:30:00,99,34.2,Medium,Rainy,Normal
S008,New Boulevard,2026-05-09 14:35:00,129,28.9,Medium,Clear,Normal
S004,Blloku,2026-05-09 14:40:00,72,49.0,Low,Cloudy,Normal
S006,Zogu i Zi,2026-05-09 14:45:00,92,50.6,Low,Clear,Normal
S006,Zogu i Zi,2026-05-09 14:50:00,146,28.8,Medium,Clear,Normal
S006,Zogu i Zi,2026-05-09 14:55:00,93,48.4,Low,Foggy,Normal
S007,Airport Road,2026-05-09 15:00:00,117,41.7,Low,Rainy,Normal
S003,Student City,2026-05-09 15:05:00,106,35.5,Medium,Clear,Normal
S004,Blloku,2026-05-09 15:10:00,77,58.5,Low,Rainy,Normal
S002,Ring Road,2026-05-09 15:15:00,83,42.4,Low,Rainy,Normal
S003,Student City,2026-05-09 15:20:00,117,38.2,Low,Rainy,Normal
S006,Zogu i Zi,2026-05-09 15:25:00,116,35.2,Medium,Cloudy,Heavy Traffic
S001,Tirana Center,2026-05-09 15:30:00,119,51.0,Low,Rainy,Normal
S008,New Boulevard,2026-05-09 15:35:00,144,34.5,Medium,Foggy,Normal
S007,Airport Road,2026-05-09 15:40:00,149,36.3,Medium,Cloudy,Normal
S003,Student City,2026-05-09 15:45:00,93,52.9,Low,Cloudy,Normal
S002,Ring Road,2026-05-09 15:50:00,88,41.3,Low,Rainy,Normal
S003,Student City,2026-05-09 15:55:00,142,36.3,Medium,Cloudy,Roadwork
S006,Zogu i Zi,2026-05-09 16:00:00,178,8.4,High,Rainy,Normal
S007,Airport Road,2026-05-09 16:05:00,206,12.0,High,Cloudy,Roadwork
S006,Zogu i Zi,2026-05-09 16:10:00,178,21.6,High,Clear,Normal
S008,New Boulevard,2026-05-09 16:15:00,248,13.3,High,Clear,Normal
S008,New Boulevard,2026-05-09 16:20:00,235,17.6,High,Rainy,Normal
S002,Ring Road,2026-05-09 16:25:00,235,26.9,Medium,Foggy,Normal
S008,New Boulevard,2026-05-09 16:30:00,181,32.9,Medium,Clear,Normal
S002,Ring Road,2026-05-09 16:35:00,197,23.1,Medium,Clear,Normal
S004,Blloku,2026-05-09 16:40:00,269,8,High,Clear,Normal
S006,Zogu i Zi,2026-05-09 16:45:00,253,19.7,High,Foggy,Normal
S008,New Boulevard,2026-05-09 16:50:00,228,26.4,Medium,Foggy,Normal
S001,Tirana Center,2026-05-09 16:55:00,162,31.0,Medium,Clear,Normal
S003,Student City,2026-05-09 17:00:00,251,12.8,High,Foggy,Normal
S002,Ring Road,2026-05-09 17:05:00,151,37.5,Medium,Foggy,Accident
S006,Zogu i Zi,2026-05-09 17:10:00,212,31.1,Medium,Foggy,Normal
S006,Zogu i Zi,2026-05-09 17:15:00,233,22.4,Medium,Clear,Normal
S001,Tirana Center,2026-05-09 17:20:00,220,31.0,Medium,Cloudy,Normal
S006,Zogu i Zi,2026-05-09 17:25:00,201,22.4,Medium,Cloudy,Normal
S008,New Boulevard,2026-05-09 17:30:00,191,8.7,High,Rainy,Normal
S001,Tirana Center,2026-05-09 17:35:00,300,14.7,High,Rainy,Normal
S002,Ring Road,2026-05-09 17:40:00,236,8,High,Foggy,Normal
S003,Student City,2026-05-09 17:45:00,223,22.9,Medium,Rainy,Normal
S005,Durres Road,2026-05-09 17:50:00,148,28.6,Medium,Clear,Normal
S005,Durres Road,2026-05-09 17:55:00,261,8,High,Foggy,Normal
S008,New Boulevard,2026-05-09 18:00:00,185,15.4,High,Foggy,Normal
S007,Airport Road,2026-05-09 18:05:00,259,18.5,High,Clear,Normal
S005,Durres Road,2026-05-09 18:10:00,257,22.8,High,Clear,Normal
S004,Blloku,2026-05-09 18:15:00,172,26.8,Medium,Cloudy,Normal
S006,Zogu i Zi,2026-05-09 18:20:00,220,16.2,High,Clear,Normal
S001,Tirana Center,2026-05-09 18:25:00,204,24.3,Medium,Cloudy,Normal
S007,Airport Road,2026-05-09 18:30:00,223,23.2,Medium,Foggy,Normal
S002,Ring Road,2026-05-09 18:35:00,254,10.0,High,Rainy,Heavy Traffic
S002,Ring Road,2026-05-09 18:40:00,212,30.4,Medium,Cloudy,Normal
S006,Zogu i Zi,2026-05-09 18:45:00,257,19.3,High,Cloudy,Normal
S008,New Boulevard,2026-05-09 18:50:00,238,16.0,High,Cloudy,Normal
S005,Durres Road,2026-05-09 18:55:00,206,22.7,Medium,Clear,Normal
S001,Tirana Center,2026-05-09 19:00:00,99,38.3,Low,Rainy,Normal
S002,Ring Road,2026-05-09 19:05:00,122,43.4,Low,Foggy,Normal
S006,Zogu i Zi,2026-05-09 19:10:00,74,41.3,Low,Rainy,Normal
S006,Zogu i Zi,2026-05-09 19:15:00,103,43.4,Low,Clear,Normal
S001,Tirana Center,2026-05-09 19:20:00,122,43.9,Low,Foggy,Roadwork
S004,Blloku,2026-05-09 19:25:00,166,38.7,Medium,Foggy,Heavy Traffic
S003,Student City,2026-05-09 19:30:00,108,48.6,Low,Foggy,Normal
S004,Blloku,2026-05-09 19:35:00,93,47.8,Low,Clear,Normal
S007,Airport Road,2026-05-09 19:40:00,147,22.7,Medium,Rainy,Normal
S008,New Boulevard,2026-05-09 19:45:00,90,47.7,Low,Rainy,Normal
S004,Blloku,2026-05-09 19:50:00,126,39.9,Low,Rainy,Normal
S008,New Boulevard,2026-05-09 19:55:00,82,45.2,Low,Cloudy,Normal
S007,Airport Road,2026-05-09 20:00:00,118,55.9,Low,Clear,Normal
S001,Tirana Center,2026-05-09 20:05:00,163,13.5,High,Clear,Normal
S001,Tirana Center,2026-05-09 20:10:00,64,44.0,Low,Cloudy,Normal
S003,Student City,2026-05-09 20:15:00,126,34.6,Medium,Clear,Normal
S002,Ring Road,2026-05-09 20:20:00,116,25.1,Medium,Rainy,Normal
S004,Blloku,2026-05-09 20:25:00,120,27.9,Medium,Foggy,Normal
S002,Ring Road,2026-05-09 20:30:00,124,45.8,Low,Cloudy,Normal
S004,Blloku,2026-05-09 20:35:00,110,47.1,Low,Clear,Normal
S006,Zogu i Zi,2026-05-09 20:40:00,106,42.2,Low,Cloudy,Accident
S003,Student City,2026-05-09 20:45:00,63,57.6,Low,Clear,Normal
S003,Student City,2026-05-09 20:50:00,113,38.2,Low,Clear,Normal
S005,Durres Road,2026-05-09 20:55:00,168,14.8,High,Clear,Roadwork
S002,Ring Road,2026-05-09 21:00:00,153,41.8,Medium,Foggy,Normal
S002,Ring Road,2026-05-09 21:05:00,107,35.7,Medium,Cloudy,Normal
S004,Blloku,2026-05-09 21:10:00,157,15.5,High,Foggy,Normal
S002,Ring Road,2026-05-09 21:15:00,108,40.9,Low,Rainy,Normal
S002,Ring Road,2026-05-09 21:20:00,158,45.0,Medium,Rainy,Normal
S002,Ring Road,2026-05-09 21:25:00,73,35.2,Medium,Rainy,Accident
S002,Ring Road,2026-05-09 21:30:00,105,35.6,Medium,Foggy,Heavy Traffic
S002,Ring Road,2026-05-09 21:35:00,69,47.8,Low,Foggy,Normal
S004,Blloku,2026-05-09 21:40:00,99,49.4,Low,Foggy,Normal
S003,Student City,2026-05-09 21:45:00,111,31.8,Medium,Cloudy,Normal
S004,Blloku,2026-05-09 21:50:00,107,33.0,Medium,Clear,Normal
S003,Student City,2026-05-09 21:55:00,94,42.6,Low,Rainy,Normal
S005,Durres Road,2026-05-09 22:00:00,88,40.2,Low,Foggy,Normal
S001,Tirana Center,2026-05-09 22:05:00,92,42.8,Low,Rainy,Normal
S008,New Boulevard,2026-05-09 22:10:00,125,31.4,Medium,Foggy,Normal
S004,Blloku,2026-05-09 22:15:00,118,36.1,Medium,Rainy,Normal
S003,Student City,2026-05-09 22:20:00,60,56.7,Low,Clear,Normal
S007,Airport Road,2026-05-09 22:25:00,73,44.1,Low,Clear,Normal
S007,Airport Road,2026-05-09 22:30:00,53,47.6,Low,Cloudy,Accident
S008,New Boulevard,2026-05-09 22:35:00,121,33.9,Medium,Foggy,Normal
S001,Tirana Center,2026-05-09 22:40:00,83,43.1,Low,Cloudy,Normal
S006,Zogu i Zi,2026-05-09 22:45:00,129,32.8,Medium,Cloudy,Normal
S006,Zogu i Zi,2026-05-09 22:50:00,57,52.3,Low,Cloudy,Normal
S006,Zogu i Zi,2026-05-09 22:55:00,48,44.1,Low,Rainy,Normal
S003,Student City,2026-05-09 23:00:00,78,40.5,Low,Foggy,Normal
S002,Ring Road,2026-05-09 23:05:00,79,47.9,Low,Cloudy,Normal
S007,Airport Road,2026-05-09 23:10:00,60,50.6,Low,Foggy,Normal
S007,Airport Road,2026-05-09 23:15:00,84,54.4,Low,Clear,Normal
S004,Blloku,2026-05-09 23:20:00,125,47.2,Low,Rainy,Normal
S001,Tirana Center,2026-05-09 23:25:00,157,21.9,High,Rainy,Normal
S004,Blloku,2026-05-09 23:30:00,159,27.0,Medium,Rainy,Normal
S001,Tirana Center,2026-05-09 23:35:00,119,42.5,Low,Clear,Normal
S004,Blloku,2026-05-09 23:40:00,115,32.7,Medium,Rainy,Normal
S006,Zogu i Zi,2026-05-09 23:45:00,116,50.6,Low,Clear,Normal
S005,Durres Road,2026-05-09 23:50:00,148,34.2,Medium,Foggy,Normal
S008,New Boulevard,2026-05-09 23:55:00,25,55.8,Low,Cloudy,Normal
S008,New Boulevard,2026-05-10 00:00:00,82,41.1,Low,Cloudy,Normal
S003,Student City,2026-05-10 00:05:00,95,44.8,Low,Foggy,Normal
S007,Airport Road,2026-05-10 00:10:00,53,45.0,Low,Clear,Normal
S004,Blloku,2026-05-10 00:15:00,125,18.5,High,Rainy,Normal
S001,Tirana Center,2026-05-10 00:20:00,42,56.2,Low,Foggy,Normal
S004,Blloku,2026-05-10 00:25:00,148,33.2,Medium,Foggy,Normal
S008,New Boulevard,2026-05-10 00:30:00,102,44.7,Low,Foggy,Normal
S007,Airport Road,2026-05-10 00:35:00,39,47.3,Low,Clear,Roadwork
S008,New Boulevard,2026-05-10 00:40:00,120,50.2,Low,Cloudy,Normal
S004,Blloku,2026-05-10 00:45:00,101,45.1,Low,Rainy,Normal
S001,Tirana Center,2026-05-10 00:50:00,58,38.3,Low,Rainy,Normal
S002,Ring Road,2026-05-10 00:55:00,96,51.4,Low,Rainy,Normal
S008,New Boulevard,2026-05-10 01:00:00,106,26.7,Medium,Clear,Normal
S008,New Boulevard,2026-05-10 01:05:00,114,42.8,Low,Cloudy,Normal
S007,Airport Road,2026-05-10 01:10:00,99,39.1,Low,Clear,Normal
S006,Zogu i Zi,2026-05-10 01:15:00,138,32.0,Medium,Cloudy,Normal
S002,Ring Road,2026-05-10 01:20:00,90,40.3,Low,Rainy,Normal
S004,Blloku,2026-05-10 01:25:00,114,41.7,Low,Cloudy,Normal
S002,Ring Road,2026-05-10 01:30:00,123,28.0,Medium,Foggy,Normal
S002,Ring Road,2026-05-10 01:35:00,87,21.0,High,Clear,Normal
S005,Durres Road,2026-05-10 01:40:00,113,48.3,Low,Cloudy,Normal
S005,Durres Road,2026-05-10 01:45:00,43,59.6,Low,Foggy,Normal
S001,Tirana Center,2026-05-10 01:50:00,119,52.5,Low,Rainy,Normal
S002,Ring Road,2026-05-10 01:55:00,90,38.4,Low,Clear,Normal
S005,Durres Road,2026-05-10 02:00:00,160,39.1,Medium,Cloudy,Normal
S001,Tirana Center,2026-05-10 02:05:00,90,27.1,Medium,Cloudy,Heavy Traffic
S004,Blloku,2026-05-10 02:10:00,86,34.6,Medium,Rainy,Heavy Traffic
S006,Zogu i Zi,2026-05-10 02:15:00,129,34.0,Medium,Foggy,Normal
S008,New Boulevard,2026-05-10 02:20:00,105,38.8,Low,Rainy,Normal
S008,New Boulevard,2026-05-10 02:25:00,131,49.8,Low,Foggy,Normal
S006,Zogu i Zi,2026-05-10 02:30:00,93,60.6,Low,Cloudy,Normal
S004,Blloku,2026-05-10 02:35:00,85,41.9,Low,Rainy,Accident
S003,Student City,2026-05-10 02:40:00,76,42.2,Low,Clear,Normal
S001,Tirana Center,2026-05-10 02:45:00,57,50.8,Low,Rainy,Normal
S006,Zogu i Zi,2026-05-10 02:50:00,137,36.2,Medium,Cloudy,Normal
S008,New Boulevard,2026-05-10 02:55:00,91,46.8,Low,Foggy,Normal
S001,Tirana Center,2026-05-10 03:00:00,66,47.2,Low,Foggy,Normal
S006,Zogu i Zi,2026-05-10 03:05:00,66,58.3,Low,Clear,Heavy Traffic
S006,Zogu i Zi,2026-05-10 03:10:00,87,35.2,Medium,Clear,Normal
S008,New Boulevard,2026-05-10 03:15:00,179,30.6,Medium,Clear,Heavy Traffic
S006,Zogu i Zi,2026-05-10 03:20:00,93,27.5,Medium,Rainy,Normal
S002,Ring Road,2026-05-10 03:25:00,97,42.1,Low,Cloudy,Normal
S002,Ring Road,2026-05-10 03:30:00,89,53.7,Low,Foggy,Normal
S007,Airport Road,2026-05-10 03:35:00,146,32.5,Medium,Clear,Normal
S001,Tirana Center,2026-05-10 03:40:00,63,40.6,Low,Clear,Normal
S004,Blloku,2026-05-10 03:45:00,91,43.7,Low,Foggy,Normal
S004,Blloku,2026-05-10 03:50:00,137,40.8,Low,Rainy,Normal
S008,New Boulevard,2026-05-10 03:55:00,180,32.4,Medium,Rainy,Normal
S004,Blloku,2026-05-10 04:00:00,87,50.4,Low,Rainy,Normal
S001,Tirana Center,2026-05-10 04:05:00,135,56.6,Low,Clear,Normal
S003,Student City,2026-05-10 04:10:00,109,39.8,Low,Clear,Normal
S003,Student City,2026-05-10 04:15:00,110,31.5,Medium,Clear,Normal
S002,Ring Road,2026-05-10 04:20:00,107,50.2,Low,Clear,Heavy Traffic
S005,Durres Road,2026-05-10 04:25:00,123,35.4,Medium,Cloudy,Normal
S006,Zogu i Zi,2026-05-10 04:30:00,57,45.7,Low,Rainy,Normal
S004,Blloku,2026-05-10 04:35:00,123,34.3,Medium,Rainy,Normal
S007,Airport Road,2026-05-10 04:40:00,86,44.4,Low,Clear,Normal
S004,Blloku,2026-05-10 04:45:00,58,38.4,Low,Rainy,Heavy Traffic
S006,Zogu i Zi,2026-05-10 04:50:00,110,45.8,Low,Clear,Normal
S008,New Boulevard,2026-05-10 04:55:00,47,56.7,Low,Foggy,Normal
S006,Zogu i Zi,2026-05-10 05:00:00,96,39.9,Low,Foggy,Normal
S003,Student City,2026-05-10 05:05:00,155,39.9,Medium,Rainy,Normal
S008,New Boulevard,2026-05-10 05:10:00,103,57.1,Low,Foggy,Normal
S005,Durres Road,2026-05-10 05:15:00,138,35.5,Medium,Clear,Heavy Traffic
S006,Zogu i Zi,2026-05-10 05:20:00,120,43.5,Low,Cloudy,Normal
S005,Durres Road,2026-05-10 05:25:00,122,43.0,Low,Clear,Normal
S001,Tirana Center,2026-05-10 05:30:00,74,39.4,Low,Foggy,Normal
S004,Blloku,2026-05-10 05:35:00,20,60.0,Low,Foggy,Normal
S006,Zogu i Zi,2026-05-10 05:40:00,84,53.5,Low,Foggy,Normal
S004,Blloku,2026-05-10 05:45:00,85,45.0,Low,Cloudy,Normal
S002,Ring Road,2026-05-10 05:50:00,78,56.8,Low,Foggy,Normal
S002,Ring Road,2026-05-10 05:55:00,104,39.0,Low,Foggy,Normal
S007,Airport Road,2026-05-10 06:00:00,84,32.4,Medium,Clear,Normal
S001,Tirana Center,2026-05-10 06:05:00,56,47.9,Low,Clear,Heavy Traffic
S002,Ring Road,2026-05-10 06:10:00,121,36.3,Medium,Rainy,Normal
S003,Student City,2026-05-10 06:15:00,45,44.0,Low,Cloudy,Normal
S005,Durres Road,2026-05-10 06:20:00,58,58.4,Low,Clear,Heavy Traffic
S004,Blloku,2026-05-10 06:25:00,69,46.8,Low,Clear,Normal
S004,Blloku,2026-05-10 06:30:00,145,33.3,Medium,Cloudy,Normal
S003,Student City,2026-05-10 06:35:00,94,28.2,Medium,Rainy,Normal
S005,Durres Road,2026-05-10 06:40:00,80,58.7,Low,Rainy,Normal
S002,Ring Road,2026-05-10 06:45:00,74,52.7,Low,Rainy,Normal
S008,New Boulevard,2026-05-10 06:50:00,123,37.3,Medium,Foggy,Roadwork
S008,New Boulevard,2026-05-10 06:55:00,61,27.6,Medium,Foggy,Heavy Traffic
S001,Tirana Center,2026-05-10 07:00:00,224,15.9,High,Cloudy,Normal
S001,Tirana Center,2026-05-10 07:05:00,237,14.6,High,Cloudy,Normal
S007,Airport Road,2026-05-10 07:10:00,171,37.2,Medium,Foggy,Normal
S002,Ring Road,2026-05-10 07:15:00,269,36.5,High,Clear,Normal
S007,Airport Road,2026-05-10 07:20:00,200,37.9,Medium,Clear,Normal
S005,Durres Road,2026-05-10 07:25:00,279,16.2,High,Cloudy,Normal
S005,Durres Road,2026-05-10 07:30:00,213,26.1,Medium,Cloudy,Normal
S002,Ring Road,2026-05-10 07:35:00,183,27.8,Medium,Rainy,Normal
S002,Ring Road,2026-05-10 07:40:00,233,14.9,High,Cloudy,Normal
S008,New Boulevard,2026-05-10 07:45:00,235,30.4,Medium,Rainy,Normal
S007,Airport Road,2026-05-10 07:50:00,172,39.2,Medium,Foggy,Normal
S004,Blloku,2026-05-10 07:55:00,246,14.3,High,Clear,Normal
S001,Tirana Center,2026-05-10 08:00:00,267,15.2,High,Cloudy,Normal
S002,Ring Road,2026-05-10 08:05:00,195,18.8,High,Cloudy,Normal
S004,Blloku,2026-05-10 08:10:00,254,23.4,High,Foggy,Normal
S007,Airport Road,2026-05-10 08:15:00,238,22.8,Medium,Clear,Roadwork
S004,Blloku,2026-05-10 08:20:00,157,35.6,Medium,Rainy,Normal
S008,New Boulevard,2026-05-10 08:25:00,277,8,High,Cloudy,Normal
S001,Tirana Center,2026-05-10 08:30:00,248,13.5,High,Rainy,Normal
S001,Tirana Center,2026-05-10 08:35:00,195,34.6,Medium,Rainy,Normal
S007,Airport Road,2026-05-10 08:40:00,220,17.1,High,Rainy,Normal
S005,Durres Road,2026-05-10 08:45:00,218,9.5,High,Clear,Normal
S006,Zogu i Zi,2026-05-10 08:50:00,203,10.8,High,Cloudy,Normal
S006,Zogu i Zi,2026-05-10 08:55:00,219,27.5,Medium,Rainy,Normal
S007,Airport Road,2026-05-10 09:00:00,206,27.8,Medium,Clear,Heavy Traffic
S002,Ring Road,2026-05-10 09:05:00,223,22.1,Medium,Clear,Normal
S006,Zogu i Zi,2026-05-10 09:10:00,229,17.4,High,Cloudy,Normal
S004,Blloku,2026-05-10 09:15:00,240,10.8,High,Clear,Normal
S005,Durres Road,2026-05-10 09:20:00,155,29.5,Medium,Foggy,Normal
S002,Ring Road,2026-05-10 09:25:00,222,25.5,Medium,Clear,Normal
S007,Airport Road,2026-05-10 09:30:00,210,48.5,Medium,Rainy,Normal
S006,Zogu i Zi,2026-05-10 09:35:00,203,26.3,Medium,Cloudy,Normal
S001,Tirana Center,2026-05-10 09:40:00,153,27.9,Medium,Foggy,Normal
S001,Tirana Center,2026-05-10 09:45:00,180,28.0,Medium,Cloudy,Normal
S004,Blloku,2026-05-10 09:50:00,241,15.2,High,Cloudy,Normal
S008,New Boulevard,2026-05-10 09:55:00,222,12.8,High,Rainy,Normal
S001,Tirana Center,2026-05-10 10:00:00,96,51.6,Low,Foggy,Normal
S007,Airport Road,2026-05-10 10:05:00,136,17.1,High,Foggy,Normal
S004,Blloku,2026-05-10 10:10:00,112,52.4,Low,Cloudy,Normal
S008,New Boulevard,2026-05-10 10:15:00,85,43.3,Low,Clear,Normal
S002,Ring Road,2026-05-10 10:20:00,110,36.7,Medium,Foggy,Heavy Traffic
S005,Durres Road,2026-05-10 10:25:00,128,28.7,Medium,Foggy,Normal
S002,Ring Road,2026-05-10 10:30:00,172,26.2,Medium,Clear,Normal
S007,Airport Road,2026-05-10 10:35:00,52,46.1,Low,Cloudy,Normal
S006,Zogu i Zi,2026-05-10 10:40:00,20,46.4,Low,Clear,Normal
S002,Ring Road,2026-05-10 10:45:00,124,50.3,Low,Rainy,Normal
S008,New Boulevard,2026-05-10 10:50:00,122,32.1,Medium,Cloudy,Normal
S004,Blloku,2026-05-10 10:55:00,130,31.4,Medium,Foggy,Normal
S004,Blloku,2026-05-10 11:00:00,50,52.1,Low,Rainy,Normal
S005,Durres Road,2026-05-10 11:05:00,103,33.1,Medium,Cloudy,Normal
S008,New Boulevard,2026-05-10 11:10:00,156,28.9,Medium,Rainy,Normal
S004,Blloku,2026-05-10 11:15:00,95,61.3,Low,Rainy,Normal
S004,Blloku,2026-05-10 11:20:00,84,46.8,Low,Clear,Normal
S008,New Boulevard,2026-05-10 11:25:00,91,36.0,Medium,Clear,Normal
S001,Tirana Center,2026-05-10 11:30:00,58,50.2,Low,Cloudy,Normal
S004,Blloku,2026-05-10 11:35:00,86,43.5,Low,Foggy,Normal
S006,Zogu i Zi,2026-05-10 11:40:00,107,46.7,Low,Clear,Normal
S006,Zogu i Zi,2026-05-10 11:45:00,78,45.4,Low,Cloudy,Heavy Traffic
S004,Blloku,2026-05-10 11:50:00,111,40.2,Low,Rainy,Normal
S001,Tirana Center,2026-05-10 11:55:00,172,29.1,Medium,Rainy,Normal
S008,New Boulevard,2026-05-10 12:00:00,142,38.7,Low,Cloudy,Heavy Traffic
S005,Durres Road,2026-05-10 12:05:00,151,26.0,Medium,Clear,Normal
S008,New Boulevard,2026-05-10 12:10:00,77,40.4,Low,Foggy,Normal
S001,Tirana Center,2026-05-10 12:15:00,108,48.3,Low,Rainy,Normal
S001,Tirana Center,2026-05-10 12:20:00,84,56.4,Low,Rainy,Normal
S005,Durres Road,2026-05-10 12:25:00,116,41.1,Low,Clear,Normal
S005,Durres Road,2026-05-10 12:30:00,59,42.8,Low,Foggy,Normal
S002,Ring Road,2026-05-10 12:35:00,79,52.0,Low,Foggy,Normal
S007,Airport Road,2026-05-10 12:40:00,106,39.0,Low,Foggy,Normal
S005,Durres Road,2026-05-10 12:45:00,83,38.4,Low,Cloudy,Normal
S002,Ring Road,2026-05-10 12:50:00,171,30.3,Medium,Clear,Normal
S005,Durres Road,2026-05-10 12:55:00,80,30.7,Medium,Foggy,Normal
S007,Airport Road,2026-05-10 13:00:00,54,38.9,Low,Cloudy,Heavy Traffic
S005,Durres Road,2026-05-10 13:05:00,100,46.6,Low,Foggy,Normal
S006,Zogu i Zi,2026-05-10 13:10:00,111,30.8,Medium,Foggy,Normal
S008,New Boulevard,2026-05-10 13:15:00,143,36.2,Medium,Foggy,Normal
S003,Student City,2026-05-10 13:20:00,113,37.7,Medium,Foggy,Normal
S006,Zogu i Zi,2026-05-10 13:25:00,48,61.9,Low,Clear,Normal
S003,Student City,2026-05-10 13:30:00,70,56.5,Low,Cloudy,Normal
S008,New Boulevard,2026-05-10 13:35:00,104,46.2,Low,Cloudy,Normal
S002,Ring Road,2026-05-10 13:40:00,94,29.3,Medium,Cloudy,Normal
S003,Student City,2026-05-10 13:45:00,92,37.9,Medium,Cloudy,Normal
S005,Durres Road,2026-05-10 13:50:00,70,43.0,Low,Cloudy,Normal
S001,Tirana Center,2026-05-10 13:55:00,79,51.0,Low,Cloudy,Normal
S004,Blloku,2026-05-10 14:00:00,128,47.6,Low,Rainy,Normal
S008,New Boulevard,2026-05-10 14:05:00,106,38.1,Low,Clear,Normal
S007,Airport Road,2026-05-10 14:10:00,26,51.3,Low,Rainy,Normal
S003,Student City,2026-05-10 14:15:00,129,44.6,Low,Foggy,Normal
S006,Zogu i Zi,2026-05-10 14:20:00,88,49.9,Low,Cloudy,Normal
S006,Zogu i Zi,2026-05-10 14:25:00,90,43.1,Low,Clear,Normal
S006,Zogu i Zi,2026-05-10 14:30:00,105,30.6,Medium,Foggy,Normal
S008,New Boulevard,2026-05-10 14:35:00,103,36.3,Medium,Clear,Normal
S005,Durres Road,2026-05-10 14:40:00,119,38.2,Low,Foggy,Normal
S005,Durres Road,2026-05-10 14:45:00,87,22.4,Medium,Foggy,Normal
S006,Zogu i Zi,2026-05-10 14:50:00,128,43.6,Low,Foggy,Normal
S003,Student City,2026-05-10 14:55:00,149,19.7,High,Cloudy,Heavy Traffic
S003,Student City,2026-05-10 15:00:00,131,34.8,Medium,Rainy,Normal
S004,Blloku,2026-05-10 15:05:00,103,34.3,Medium,Rainy,Heavy Traffic
S004,Blloku,2026-05-10 15:10:00,128,25.2,Medium,Cloudy,Normal
S005,Durres Road,2026-05-10 15:15:00,111,34.1,Medium,Cloudy,Normal
S003,Student City,2026-05-10 15:20:00,122,12.8,High,Rainy,Normal
S003,Student City,2026-05-10 15:25:00,122,33.9,Medium,Clear,Normal
S001,Tirana Center,2026-05-10 15:30:00,106,52.7,Low,Clear,Normal
S007,Airport Road,2026-05-10 15:35:00,112,42.7,Low,Cloudy,Normal
S004,Blloku,2026-05-10 15:40:00,130,40.2,Low,Rainy,Normal
S005,Durres Road,2026-05-10 15:45:00,94,27.1,Medium,Rainy,Normal
S001,Tirana Center,2026-05-10 15:50:00,136,38.1,Low,Foggy,Normal
S008,New Boulevard,2026-05-10 15:55:00,32,53.9,Low,Cloudy,Normal
S003,Student City,2026-05-10 16:00:00,250,10.4,High,Rainy,Normal
S003,Student City,2026-05-10 16:05:00,228,8.8,High,Foggy,Normal
S005,Durres Road,2026-05-10 16:10:00,204,26.1,Medium,Rainy,Normal
S005,Durres Road,2026-05-10 16:15:00,223,26.5,Medium,Rainy,Normal
S003,Student City,2026-05-10 16:20:00,254,17.4,High,Rainy,Heavy Traffic
S008,New Boulevard,2026-05-10 16:25:00,201,13.4,High,Foggy,Heavy Traffic
S007,Airport Road,2026-05-10 16:30:00,216,21.6,High,Clear,Normal
S008,New Boulevard,2026-05-10 16:35:00,242,30.1,Medium,Cloudy,Normal
S008,New Boulevard,2026-05-10 16:40:00,231,28.8,Medium,Rainy,Normal
S002,Ring Road,2026-05-10 16:45:00,217,27.1,Medium,Clear,Normal
S006,Zogu i Zi,2026-05-10 16:50:00,213,15.1,High,Foggy,Normal
S008,New Boulevard,2026-05-10 16:55:00,228,22.4,Medium,Rainy,Normal
S001,Tirana Center,2026-05-10 17:00:00,311,8,High,Cloudy,Normal
S006,Zogu i Zi,2026-05-10 17:05:00,252,13.3,High,Rainy,Normal
S003,Student City,2026-05-10 17:10:00,202,31.6,Medium,Cloudy,Normal
S005,Durres Road,2026-05-10 17:15:00,264,10.2,High,Rainy,Normal
S003,Student City,2026-05-10 17:20:00,233,17.3,High,Rainy,Normal
S006,Zogu i Zi,2026-05-10 17:25:00,236,13.9,High,Rainy,Normal
S008,New Boulevard,2026-05-10 17:30:00,280,8,High,Clear,Normal
S004,Blloku,2026-05-10 17:35:00,195,26.3,Medium,Foggy,Normal
S008,New Boulevard,2026-05-10 17:40:00,212,35.4,Medium,Rainy,Normal
S008,New Boulevard,2026-05-10 17:45:00,207,27.3,Medium,Cloudy,Normal
S005,Durres Road,2026-05-10 17:50:00,260,8,High,Rainy,Normal
S006,Zogu i Zi,2026-05-10 17:55:00,273,15.4,High,Foggy,Normal
S006,Zogu i Zi,2026-05-10 18:00:00,230,16.3,High,Clear,Normal
S007,Airport Road,2026-05-10 18:05:00,219,22.5,Medium,Rainy,Normal
S002,Ring Road,2026-05-10 18:10:00,202,9.3,High,Clear,Normal
S003,Student City,2026-05-10 18:15:00,219,16.8,High,Rainy,Normal
S002,Ring Road,2026-05-10 18:20:00,237,16.1,High,Clear,Normal
S002,Ring Road,2026-05-10 18:25:00,210,19.8,High,Clear,Normal
S003,Student City,2026-05-10 18:30:00,228,31.8,Medium,Cloudy,Normal
S001,Tirana Center,2026-05-10 18:35:00,230,20.8,High,Rainy,Normal
S005,Durres Road,2026-05-10 18:40:00,260,16.8,High,Rainy,Normal
S008,New Boulevard,2026-05-10 18:45:00,210,36.5,Medium,Rainy,Normal
S001,Tirana Center,2026-05-10 18:50:00,174,31.2,Medium,Cloudy,Normal
S007,Airport Road,2026-05-10 18:55:00,221,31.0,Medium,Rainy,Normal
S003,Student City,2026-05-10 19:00:00,81,42.1,Low,Clear,Normal
S002,Ring Road,2026-05-10 19:05:00,100,38.9,Low,Foggy,Normal
S007,Airport Road,2026-05-10 19:10:00,166,24.6,Medium,Rainy,Normal
S003,Student City,2026-05-10 19:15:00,128,39.4,Low,Rainy,Accident
S005,Durres Road,2026-05-10 19:20:00,82,44.4,Low,Rainy,Normal
S005,Durres Road,2026-05-10 19:25:00,155,42.1,Medium,Clear,Normal
S003,Student City,2026-05-10 19:30:00,120,30.7,Medium,Foggy,Normal
S001,Tirana Center,2026-05-10 19:35:00,95,40.7,Low,Rainy,Normal
S008,New Boulevard,2026-05-10 19:40:00,149,34.9,Medium,Clear,Normal
S002,Ring Road,2026-05-10 19:45:00,126,43.8,Low,Clear,Normal
S004,Blloku,2026-05-10 19:50:00,132,40.4,Low,Cloudy,Normal
S002,Ring Road,2026-05-10 19:55:00,130,46.2,Low,Cloudy,Normal
S006,Zogu i Zi,2026-05-10 20:00:00,106,53.2,Low,Rainy,Normal
S007,Airport Road,2026-05-10 20:05:00,82,56.3,Low,Clear,Normal
S007,Airport Road,2026-05-10 20:10:00,136,15.8,High,Clear,Normal
S007,Airport Road,2026-05-10 20:15:00,71,52.9,Low,Rainy,Normal
S004,Blloku,2026-05-10 20:20:00,82,47.2,Low,Foggy,Normal
S002,Ring Road,2026-05-10 20:25:00,84,34.2,Medium,Clear,Normal
S005,Durres Road,2026-05-10 20:30:00,128,41.8,Low,Foggy,Normal
S001,Tirana Center,2026-05-10 20:35:00,116,28.8,Medium,Cloudy,Normal
S008,New Boulevard,2026-05-10 20:40:00,70,31.8,Medium,Foggy,Heavy Traffic
S004,Blloku,2026-05-10 20:45:00,126,27.8,Medium,Rainy,Normal
S008,New Boulevard,2026-05-10 20:50:00,157,22.6,Medium,Rainy,Normal
S006,Zogu i Zi,2026-05-10 20:55:00,20,53.1,Low,Rainy,Normal
S007,Airport Road,2026-05-10 21:00:00,52,40.8,Low,Cloudy,Normal
S002,Ring Road,2026-05-10 21:05:00,130,47.6,Low,Foggy,Normal
S004,Blloku,2026-05-10 21:10:00,135,20.4,High,Foggy,Normal
S008,New Boulevard,2026-05-10 21:15:00,68,47.3,Low,Cloudy,Normal
S008,New Boulevard,2026-05-10 21:20:00,72,49.6,Low,Clear,Accident
S001,Tirana Center,2026-05-10 21:25:00,110,37.3,Medium,Clear,Normal
S003,Student City,2026-05-10 21:30:00,104,35.8,Medium,Foggy,Normal
S004,Blloku,2026-05-10 21:35:00,103,38.6,Low,Clear,Normal
S007,Airport Road,2026-05-10 21:40:00,68,51.3,Low,Foggy,Normal
S006,Zogu i Zi,2026-05-10 21:45:00,85,45.2,Low,Rainy,Normal
S004,Blloku,2026-05-10 21:50:00,123,37.3,Medium,Clear,Normal
S003,Student City,2026-05-10 21:55:00,141,22.6,Medium,Foggy,Normal
S003,Student City,2026-05-10 22:00:00,110,33.1,Medium,Foggy,Normal
S007,Airport Road,2026-05-10 22:05:00,82,38.5,Low,Foggy,Normal
S002,Ring Road,2026-05-10 22:10:00,89,61.6,Low,Clear,Normal
S001,Tirana Center,2026-05-10 22:15:00,75,41.9,Low,Clear,Normal
S003,Student City,2026-05-10 22:20:00,101,41.0,Low,Foggy,Accident
S002,Ring Road,2026-05-10 22:25:00,73,28.3,Medium,Clear,Normal
S008,New Boulevard,2026-05-10 22:30:00,155,26.8,Medium,Foggy,Roadwork
S004,Blloku,2026-05-10 22:35:00,142,39.2,Low,Rainy,Normal
S002,Ring Road,2026-05-10 22:40:00,152,36.7,Medium,Clear,Accident
S002,Ring Road,2026-05-10 22:45:00,59,62.0,Low,Rainy,Normal
S004,Blloku,2026-05-10 22:50:00,97,69.7,Low,Rainy,Normal
S007,Airport Road,2026-05-10 22:55:00,113,44.7,Low,Cloudy,Normal
S007,Airport Road,2026-05-10 23:00:00,86,45.9,Low,Cloudy,Normal
S004,Blloku,2026-05-10 23:05:00,171,34.3,Medium,Rainy,Normal
S001,Tirana Center,2026-05-10 23:10:00,152,28.8,Medium,Clear,Normal
S008,New Boulevard,2026-05-10 23:15:00,113,28.6,Medium,Rainy,Normal
S008,New Boulevard,2026-05-10 23:20:00,114,37.1,Medium,Rainy,Heavy Traffic
S005,Durres Road,2026-05-10 23:25:00,127,43.3,Low,Rainy,Normal
S004,Blloku,2026-05-10 23:30:00,92,40.1,Low,Foggy,Normal
S003,Student City,2026-05-10 23:35:00,122,36.3,Medium,Cloudy,Normal
S002,Ring Road,2026-05-10 23:40:00,166,40.4,Medium,Clear,Normal
S005,Durres Road,2026-05-10 23:45:00,96,36.3,Medium,Rainy,Roadwork
S007,Airport Road,2026-05-10 23:50:00,69,55.1,Low,Clear,Normal
S002,Ring Road,2026-05-10 23:55:00,121,54.3,Low,Cloudy,Normal
S004,Blloku,2026-05-11 00:00:00,146,32.4,Medium,Cloudy,Normal
S002,Ring Road,2026-05-11 00:05:00,135,43.1,Low,Clear,Normal
S007,Airport Road,2026-05-11 00:10:00,142,50.3,Low,Clear,Heavy Traffic
S007,Airport Road,2026-05-11 00:15:00,137,16.3,High,Foggy,Roadwork
S002,Ring Road,2026-05-11 00:20:00,111,40.4,Low,Rainy,Normal
S007,Airport Road,2026-05-11 00:25:00,81,38.9,Low,Clear,Normal
S006,Zogu i Zi,2026-05-11 00:30:00,62,50.7,Low,Clear,Normal
S007,Airport Road,2026-05-11 00:35:00,109,38.3,Low,Clear,Normal
S008,New Boulevard,2026-05-11 00:40:00,70,49.3,Low,Foggy,Normal
S004,Blloku,2026-05-11 00:45:00,106,37.6,Medium,Clear,Normal
S001,Tirana Center,2026-05-11 00:50:00,92,53.3,Low,Rainy,Normal
S006,Zogu i Zi,2026-05-11 00:55:00,20,57.7,Low,Cloudy,Heavy Traffic
S003,Student City,2026-05-11 01:00:00,77,23.6,Medium,Clear,Normal
S001,Tirana Center,2026-05-11 01:05:00,110,44.6,Low,Foggy,Roadwork
S008,New Boulevard,2026-05-11 01:10:00,41,40.2,Low,Clear,Normal
S001,Tirana Center,2026-05-11 01:15:00,172,33.2,Medium,Cloudy,Normal
S006,Zogu i Zi,2026-05-11 01:20:00,141,28.3,Medium,Rainy,Normal
S003,Student City,2026-05-11 01:25:00,116,35.0,Medium,Foggy,Normal
S006,Zogu i Zi,2026-05-11 01:30:00,111,36.8,Medium,Rainy,Normal
S004,Blloku,2026-05-11 01:35:00,65,36.6,Medium,Cloudy,Normal
S002,Ring Road,2026-05-11 01:40:00,125,44.2,Low,Rainy,Normal
S001,Tirana Center,2026-05-11 01:45:00,99,50.8,Low,Rainy,Normal
S002,Ring Road,2026-05-11 01:50:00,171,41.3,Medium,Clear,Normal
S008,New Boulevard,2026-05-11 01:55:00,119,21.3,High,Cloudy,Normal
S001,Tirana Center,2026-05-11 02:00:00,64,48.8,Low,Cloudy,Normal
S005,Durres Road,2026-05-11 02:05:00,61,32.5,Medium,Rainy,Normal
S007,Airport Road,2026-05-11 02:10:00,57,61.4,Low,Clear,Normal
S006,Zogu i Zi,2026-05-11 02:15:00,163,33.3,Medium,Cloudy,Accident
S004,Blloku,2026-05-11 02:20:00,20,49.0,Low,Rainy,Normal
S003,Student City,2026-05-11 02:25:00,131,31.9,Medium,Foggy,Normal
S002,Ring Road,2026-05-11 02:30:00,64,50.1,Low,Cloudy,Normal
S004,Blloku,2026-05-11 02:35:00,127,43.5,Low,Cloudy,Normal
S008,New Boulevard,2026-05-11 02:40:00,86,12.6,High,Clear,Normal
S005,Durres Road,2026-05-11 02:45:00,96,38.2,Low,Cloudy,Normal
S004,Blloku,2026-05-11 02:50:00,58,41.0,Low,Clear,Normal
S003,Student City,2026-05-11 02:55:00,142,17.3,High,Clear,Accident
S002,Ring Road,2026-05-11 03:00:00,158,15.5,High,Foggy,Normal
S003,Student City,2026-05-11 03:05:00,56,39.2,Low,Clear,Normal
S008,New Boulevard,2026-05-11 03:10:00,112,38.3,Low,Clear,Normal
S003,Student City,2026-05-11 03:15:00,185,16.0,High,Cloudy,Normal
S005,Durres Road,2026-05-11 03:20:00,57,49.9,Low,Foggy,Normal
S003,Student City,2026-05-11 03:25:00,56,47.0,Low,Foggy,Normal
S002,Ring Road,2026-05-11 03:30:00,128,42.6,Low,Rainy,Normal
S004,Blloku,2026-05-11 03:35:00,89,40.1,Low,Cloudy,Normal
S008,New Boulevard,2026-05-11 03:40:00,44,51.7,Low,Clear,Normal
S006,Zogu i Zi,2026-05-11 03:45:00,69,42.4,Low,Foggy,Normal
S002,Ring Road,2026-05-11 03:50:00,42,66.6,Low,Cloudy,Normal
S006,Zogu i Zi,2026-05-11 03:55:00,124,31.8,Medium,Clear,Normal
S007,Airport Road,2026-05-11 04:00:00,118,44.6,Low,Foggy,Normal
S004,Blloku,2026-05-11 04:05:00,97,42.8,Low,Rainy,Roadwork
S005,Durres Road,2026-05-11 04:10:00,49,51.9,Low,Cloudy,Normal
S002,Ring Road,2026-05-11 04:15:00,142,17.7,High,Rainy,Normal
S003,Student City,2026-05-11 04:20:00,170,29.0,Medium,Foggy,Normal
S005,Durres Road,2026-05-11 04:25:00,106,34.6,Medium,Cloudy,Normal
S006,Zogu i Zi,2026-05-11 04:30:00,116,45.7,Low,Clear,Normal
S003,Student City,2026-05-11 04:35:00,146,34.9,Medium,Foggy,Normal
S007,Airport Road,2026-05-11 04:40:00,58,57.7,Low,Rainy,Normal
S002,Ring Road,2026-05-11 04:45:00,112,41.6,Low,Cloudy,Roadwork
S005,Durres Road,2026-05-11 04:50:00,106,52.2,Low,Clear,Normal
S003,Student City,2026-05-11 04:55:00,124,50.1,Low,Cloudy,Normal
S006,Zogu i Zi,2026-05-11 05:00:00,127,36.2,Medium,Clear,Normal
S004,Blloku,2026-05-11 05:05:00,106,35.6,Medium,Clear,Normal
S002,Ring Road,2026-05-11 05:10:00,104,29.3,Medium,Cloudy,Normal
S005,Durres Road,2026-05-11 05:15:00,27,40.4,Low,Cloudy,Normal
S004,Blloku,2026-05-11 05:20:00,84,42.7,Low,Foggy,Normal
S008,New Boulevard,2026-05-11 05:25:00,100,37.3,Medium,Rainy,Heavy Traffic
S007,Airport Road,2026-05-11 05:30:00,124,44.7,Low,Cloudy,Normal
S003,Student City,2026-05-11 05:35:00,67,51.3,Low,Clear,Normal
S002,Ring Road,2026-05-11 05:40:00,134,21.9,High,Clear,Normal
S008,New Boulevard,2026-05-11 05:45:00,170,32.9,Medium,Foggy,Normal
S004,Blloku,2026-05-11 05:50:00,98,33.3,Medium,Rainy,Normal
S008,New Boulevard,2026-05-11 05:55:00,109,50.4,Low,Rainy,Normal
S007,Airport Road,2026-05-11 06:00:00,86,58.9,Low,Clear,Normal
S008,New Boulevard,2026-05-11 06:05:00,78,50.5,Low,Foggy,Normal
S006,Zogu i Zi,2026-05-11 06:10:00,95,36.8,Medium,Clear,Normal
S003,Student City,2026-05-11 06:15:00,56,33.0,Medium,Cloudy,Normal
S007,Airport Road,2026-05-11 06:20:00,134,35.5,Medium,Foggy,Normal
S004,Blloku,2026-05-11 06:25:00,128,29.2,Medium,Foggy,Normal
S003,Student City,2026-05-11 06:30:00,114,33.0,Medium,Foggy,Normal
S001,Tirana Center,2026-05-11 06:35:00,130,47.9,Low,Cloudy,Normal
S004,Blloku,2026-05-11 06:40:00,49,46.6,Low,Rainy,Normal
S005,Durres Road,2026-05-11 06:45:00,108,57.3,Low,Rainy,Normal
S006,Zogu i Zi,2026-05-11 06:50:00,77,28.3,Medium,Rainy,Normal
S007,Airport Road,2026-05-11 06:55:00,133,33.9,Medium,Clear,Heavy Traffic
S004,Blloku,2026-05-11 07:00:00,198,21.4,High,Clear,Normal
S001,Tirana Center,2026-05-11 07:05:00,246,23.2,Medium,Rainy,Normal
S007,Airport Road,2026-05-11 07:10:00,260,23.1,High,Cloudy,Normal
S004,Blloku,2026-05-11 07:15:00,247,12.1,High,Rainy,Normal
S001,Tirana Center,2026-05-11 07:20:00,245,18.7,High,Foggy,Heavy Traffic
S001,Tirana Center,2026-05-11 07:25:00,194,35.7,Medium,Rainy,Normal
S003,Student City,2026-05-11 07:30:00,277,9.5,High,Cloudy,Normal
S003,Student City,2026-05-11 07:35:00,282,16.4,High,Foggy,Normal
S006,Zogu i Zi,2026-05-11 07:40:00,245,38.2,Medium,Foggy,Normal
S001,Tirana Center,2026-05-11 07:45:00,264,18.1,High,Clear,Normal
S004,Blloku,2026-05-11 07:50:00,202,22.3,Medium,Clear,Normal
S003,Student City,2026-05-11 07:55:00,198,30.7,Medium,Clear,Normal
S008,New Boulevard,2026-05-11 08:00:00,242,14.2,High,Clear,Normal
S008,New Boulevard,2026-05-11 08:05:00,186,49.6,Medium,Cloudy,Normal
S007,Airport Road,2026-05-11 08:10:00,222,30.8,Medium,Clear,Heavy Traffic
S005,Durres Road,2026-05-11 08:15:00,205,19.0,High,Foggy,Normal
S004,Blloku,2026-05-11 08:20:00,200,29.3,Medium,Foggy,Normal
S001,Tirana Center,2026-05-11 08:25:00,200,47.7,Medium,Cloudy,Normal
S002,Ring Road,2026-05-11 08:30:00,246,8,High,Foggy,Heavy Traffic
S006,Zogu i Zi,2026-05-11 08:35:00,292,9.4,High,Rainy,Normal
S008,New Boulevard,2026-05-11 08:40:00,190,18.6,High,Cloudy,Heavy Traffic
S007,Airport Road,2026-05-11 08:45:00,190,12.4,High,Cloudy,Normal
S003,Student City,2026-05-11 08:50:00,184,21.6,High,Foggy,Normal
S001,Tirana Center,2026-05-11 08:55:00,254,26.3,High,Rainy,Normal
S004,Blloku,2026-05-11 09:00:00,174,28.3,Medium,Foggy,Normal
S008,New Boulevard,2026-05-11 09:05:00,181,37.3,Medium,Foggy,Normal
S001,Tirana Center,2026-05-11 09:10:00,182,25.1,Medium,Clear,Normal
S005,Durres Road,2026-05-11 09:15:00,197,24.1,Medium,Clear,Normal
S005,Durres Road,2026-05-11 09:20:00,207,23.5,Medium,Clear,Normal
S008,New Boulevard,2026-05-11 09:25:00,223,31.8,Medium,Clear,Normal
S008,New Boulevard,2026-05-11 09:30:00,270,9.0,High,Foggy,Normal
S004,Blloku,2026-05-11 09:35:00,187,38.3,Medium,Rainy,Normal
S005,Durres Road,2026-05-11 09:40:00,251,8,High,Foggy,Normal
S005,Durres Road,2026-05-11 09:45:00,194,15.8,High,Cloudy,Normal
S003,Student City,2026-05-11 09:50:00,239,8,High,Clear,Normal
S006,Zogu i Zi,2026-05-11 09:55:00,235,22.2,Medium,Foggy,Normal
S006,Zogu i Zi,2026-05-11 10:00:00,199,14.6,High,Foggy,Normal
S002,Ring Road,2026-05-11 10:05:00,152,27.4,Medium,Foggy,Normal
S001,Tirana Center,2026-05-11 10:10:00,124,42.1,Low,Rainy,Normal
S005,Durres Road,2026-05-11 10:15:00,76,46.5,Low,Clear,Normal
S001,Tirana Center,2026-05-11 10:20:00,72,55.7,Low,Foggy,Normal
S007,Airport Road,2026-05-11 10:25:00,121,43.9,Low,Foggy,Roadwork
S003,Student City,2026-05-11 10:30:00,108,45.8,Low,Rainy,Heavy Traffic
S002,Ring Road,2026-05-11 10:35:00,79,43.6,Low,Foggy,Normal
S003,Student City,2026-05-11 10:40:00,79,39.1,Low,Clear,Heavy Traffic
S003,Student City,2026-05-11 10:45:00,20,54.3,Low,Foggy,Heavy Traffic
S006,Zogu i Zi,2026-05-11 10:50:00,62,49.3,Low,Clear,Normal
S002,Ring Road,2026-05-11 10:55:00,88,42.7,Low,Foggy,Normal
S004,Blloku,2026-05-11 11:00:00,103,44.0,Low,Foggy,Normal
S007,Airport Road,2026-05-11 11:05:00,116,32.5,Medium,Foggy,Normal
S006,Zogu i Zi,2026-05-11 11:10:00,20,51.8,Low,Rainy,Normal
S006,Zogu i Zi,2026-05-11 11:15:00,101,44.7,Low,Foggy,Normal
S002,Ring Road,2026-05-11 11:20:00,120,49.1,Low,Clear,Normal
S005,Durres Road,2026-05-11 11:25:00,130,27.9,Medium,Rainy,Roadwork
S006,Zogu i Zi,2026-05-11 11:30:00,119,40.3,Low,Cloudy,Normal
S007,Airport Road,2026-05-11 11:35:00,136,34.4,Medium,Rainy,Normal
S004,Blloku,2026-05-11 11:40:00,119,42.5,Low,Cloudy,Normal
S001,Tirana Center,2026-05-11 11:45:00,138,41.6,Low,Foggy,Normal
S001,Tirana Center,2026-05-11 11:50:00,145,25.1,Medium,Clear,Normal
S002,Ring Road,2026-05-11 11:55:00,54,41.9,Low,Cloudy,Normal
S004,Blloku,2026-05-11 12:00:00,88,38.4,Low,Cloudy,Normal
S008,New Boulevard,2026-05-11 12:05:00,121,34.9,Medium,Foggy,Normal
S003,Student City,2026-05-11 12:10:00,80,43.6,Low,Rainy,Normal
S002,Ring Road,2026-05-11 12:15:00,81,47.3,Low,Clear,Normal
S004,Blloku,2026-05-11 12:20:00,163,31.2,Medium,Rainy,Normal
S001,Tirana Center,2026-05-11 12:25:00,77,26.7,Medium,Rainy,Normal
S002,Ring Road,2026-05-11 12:30:00,97,40.0,Low,Rainy,Normal
S003,Student City,2026-05-11 12:35:00,100,43.8,Low,Foggy,Normal
S004,Blloku,2026-05-11 12:40:00,142,26.6,Medium,Foggy,Normal
S007,Airport Road,2026-05-11 12:45:00,141,22.3,Medium,Rainy,Heavy Traffic
S001,Tirana Center,2026-05-11 12:50:00,119,26.3,Medium,Foggy,Normal
S001,Tirana Center,2026-05-11 12:55:00,105,45.3,Low,Foggy,Normal
S006,Zogu i Zi,2026-05-11 13:00:00,127,42.7,Low,Clear,Normal
S008,New Boulevard,2026-05-11 13:05:00,75,65.1,Low,Cloudy,Normal
S002,Ring Road,2026-05-11 13:10:00,109,37.1,Medium,Foggy,Normal
S007,Airport Road,2026-05-11 13:15:00,98,39.8,Low,Cloudy,Normal
S002,Ring Road,2026-05-11 13:20:00,85,32.4,Medium,Clear,Normal
S007,Airport Road,2026-05-11 13:25:00,92,47.4,Low,Rainy,Normal
S003,Student City,2026-05-11 13:30:00,115,38.7,Low,Foggy,Normal
S008,New Boulevard,2026-05-11 13:35:00,50,54.3,Low,Rainy,Normal
S004,Blloku,2026-05-11 13:40:00,145,15.3,High,Clear,Normal
S002,Ring Road,2026-05-11 13:45:00,111,49.1,Low,Rainy,Normal
S002,Ring Road,2026-05-11 13:50:00,106,28.9,Medium,Foggy,Normal
S007,Airport Road,2026-05-11 13:55:00,20,47.2,Low,Cloudy,Normal
S002,Ring Road,2026-05-11 14:00:00,93,39.6,Low,Foggy,Normal
S005,Durres Road,2026-05-11 14:05:00,137,61.9,Low,Foggy,Normal
S006,Zogu i Zi,2026-05-11 14:10:00,100,30.0,Medium,Foggy,Heavy Traffic
S006,Zogu i Zi,2026-05-11 14:15:00,142,36.3,Medium,Foggy,Normal
S003,Student City,2026-05-11 14:20:00,75,49.7,Low,Rainy,Normal
S007,Airport Road,2026-05-11 14:25:00,80,43.9,Low,Foggy,Normal
S005,Durres Road,2026-05-11 14:30:00,87,65.4,Low,Rainy,Normal
S006,Zogu i Zi,2026-05-11 14:35:00,169,24.0,Medium,Clear,Normal
S005,Durres Road,2026-05-11 14:40:00,110,52.7,Low,Rainy,Normal
S004,Blloku,2026-05-11 14:45:00,137,51.5,Low,Cloudy,Normal
S005,Durres Road,2026-05-11 14:50:00,66,31.8,Medium,Rainy,Normal
S004,Blloku,2026-05-11 14:55:00,80,34.8,Medium,Clear,Normal
S004,Blloku,2026-05-11 15:00:00,90,53.0,Low,Clear,Normal
S003,Student City,2026-05-11 15:05:00,111,53.9,Low,Foggy,Roadwork
S001,Tirana Center,2026-05-11 15:10:00,130,39.1,Low,Cloudy,Normal
S004,Blloku,2026-05-11 15:15:00,154,18.2,High,Clear,Accident
S004,Blloku,2026-05-11 15:20:00,84,54.3,Low,Clear,Normal
S003,Student City,2026-05-11 15:25:00,124,42.1,Low,Clear,Normal
S006,Zogu i Zi,2026-05-11 15:30:00,126,52.8,Low,Clear,Normal
S001,Tirana Center,2026-05-11 15:35:00,80,48.0,Low,Foggy,Normal
S001,Tirana Center,2026-05-11 15:40:00,62,62.1,Low,Rainy,Normal
S004,Blloku,2026-05-11 15:45:00,134,33.4,Medium,Clear,Normal
S003,Student City,2026-05-11 15:50:00,109,27.7,Medium,Clear,Normal
S008,New Boulevard,2026-05-11 15:55:00,81,40.9,Low,Rainy,Normal
S001,Tirana Center,2026-05-11 16:00:00,211,18.1,High,Foggy,Normal
S003,Student City,2026-05-11 16:05:00,233,16.8,High,Rainy,Normal
S002,Ring Road,2026-05-11 16:10:00,233,31.8,Medium,Rainy,Normal
S003,Student City,2026-05-11 16:15:00,258,8,High,Cloudy,Normal
S003,Student City,2026-05-11 16:20:00,184,27.8,Medium,Clear,Normal
S002,Ring Road,2026-05-11 16:25:00,139,40.0,Low,Foggy,Normal
S003,Student City,2026-05-11 16:30:00,219,18.3,High,Rainy,Normal
S004,Blloku,2026-05-11 16:35:00,223,12.4,High,Cloudy,Normal
S007,Airport Road,2026-05-11 16:40:00,254,11.9,High,Foggy,Normal
S002,Ring Road,2026-05-11 16:45:00,257,30.4,High,Rainy,Normal
S006,Zogu i Zi,2026-05-11 16:50:00,263,8,High,Foggy,Accident
S008,New Boulevard,2026-05-11 16:55:00,220,22.8,Medium,Rainy,Normal
S005,Durres Road,2026-05-11 17:00:00,243,11.3,High,Clear,Normal
S001,Tirana Center,2026-05-11 17:05:00,266,16.8,High,Cloudy,Normal
S001,Tirana Center,2026-05-11 17:10:00,234,21.1,High,Foggy,Roadwork
S005,Durres Road,2026-05-11 17:15:00,233,21.1,High,Clear,Normal
S001,Tirana Center,2026-05-11 17:20:00,209,20.8,High,Clear,Normal
S003,Student City,2026-05-11 17:25:00,215,12.3,High,Rainy,Normal
S001,Tirana Center,2026-05-11 17:30:00,219,20.1,High,Cloudy,Normal
S003,Student City,2026-05-11 17:35:00,183,28.6,Medium,Rainy,Normal
S005,Durres Road,2026-05-11 17:40:00,268,16.8,High,Foggy,Normal
S008,New Boulevard,2026-05-11 17:45:00,224,25.9,Medium,Cloudy,Normal
S006,Zogu i Zi,2026-05-11 17:50:00,184,29.5,Medium,Clear,Normal
S006,Zogu i Zi,2026-05-11 17:55:00,304,10.8,High,Cloudy,Normal
S008,New Boulevard,2026-05-11 18:00:00,280,8,High,Cloudy,Normal
S003,Student City,2026-05-11 18:05:00,176,31.6,Medium,Cloudy,Normal
S008,New Boulevard,2026-05-11 18:10:00,182,15.1,High,Clear,Normal
S007,Airport Road,2026-05-11 18:15:00,244,13.9,High,Cloudy,Normal
S006,Zogu i Zi,2026-05-11 18:20:00,167,39.9,Medium,Foggy,Normal
S005,Durres Road,2026-05-11 18:25:00,228,20.8,High,Rainy,Normal
S001,Tirana Center,2026-05-11 18:30:00,244,8,High,Cloudy,Normal
S003,Student City,2026-05-11 18:35:00,272,17.0,High,Clear,Normal
S007,Airport Road,2026-05-11 18:40:00,178,31.6,Medium,Cloudy,Roadwork
S004,Blloku,2026-05-11 18:45:00,179,42.6,Medium,Foggy,Roadwork
S002,Ring Road,2026-05-11 18:50:00,195,42.4,Medium,Foggy,Heavy Traffic
S008,New Boulevard,2026-05-11 18:55:00,223,29.8,Medium,Clear,Normal
S001,Tirana Center,2026-05-11 19:00:00,89,42.1,Low,Cloudy,Normal
S007,Airport Road,2026-05-11 19:05:00,134,42.6,Low,Cloudy,Normal
S003,Student City,2026-05-11 19:10:00,110,55.3,Low,Rainy,Normal
S008,New Boulevard,2026-05-11 19:15:00,146,27.3,Medium,Rainy,Normal
S007,Airport Road,2026-05-11 19:20:00,52,51.9,Low,Cloudy,Normal
S001,Tirana Center,2026-05-11 19:25:00,65,50.1,Low,Foggy,Normal
S007,Airport Road,2026-05-11 19:30:00,109,33.1,Medium,Cloudy,Normal
S007,Airport Road,2026-05-11 19:35:00,110,36.6,Medium,Clear,Normal
S004,Blloku,2026-05-11 19:40:00,52,47.9,Low,Rainy,Normal
S006,Zogu i Zi,2026-05-11 19:45:00,175,27.6,Medium,Cloudy,Normal
S003,Student City,2026-05-11 19:50:00,104,25.5,Medium,Rainy,Normal
S003,Student City,2026-05-11 19:55:00,148,28.3,Medium,Rainy,Normal
S008,New Boulevard,2026-05-11 20:00:00,89,37.3,Medium,Cloudy,Normal
S005,Durres Road,2026-05-11 20:05:00,123,32.3,Medium,Clear,Accident
S003,Student City,2026-05-11 20:10:00,72,46.8,Low,Rainy,Normal
S006,Zogu i Zi,2026-05-11 20:15:00,123,33.9,Medium,Foggy,Normal
S001,Tirana Center,2026-05-11 20:20:00,181,33.7,Medium,Rainy,Heavy Traffic
S006,Zogu i Zi,2026-05-11 20:25:00,111,45.6,Low,Cloudy,Normal
S004,Blloku,2026-05-11 20:30:00,45,61.4,Low,Cloudy,Normal
S007,Airport Road,2026-05-11 20:35:00,122,51.7,Low,Cloudy,Normal
S003,Student City,2026-05-11 20:40:00,110,25.5,Medium,Foggy,Roadwork
S008,New Boulevard,2026-05-11 20:45:00,62,45.1,Low,Cloudy,Normal
S003,Student City,2026-05-11 20:50:00,102,34.3,Medium,Cloudy,Normal
S006,Zogu i Zi,2026-05-11 20:55:00,161,36.2,Medium,Foggy,Normal
S007,Airport Road,2026-05-11 21:00:00,127,59.3,Low,Foggy,Normal
S008,New Boulevard,2026-05-11 21:05:00,153,33.7,Medium,Foggy,Heavy Traffic
S001,Tirana Center,2026-05-11 21:10:00,72,42.4,Low,Foggy,Normal
S004,Blloku,2026-05-11 21:15:00,77,58.6,Low,Rainy,Normal
S003,Student City,2026-05-11 21:20:00,147,48.2,Low,Cloudy,Normal
S006,Zogu i Zi,2026-05-11 21:25:00,89,51.7,Low,Rainy,Normal
S007,Airport Road,2026-05-11 21:30:00,106,32.2,Medium,Rainy,Normal
S006,Zogu i Zi,2026-05-11 21:35:00,162,25.5,Medium,Foggy,Normal
S004,Blloku,2026-05-11 21:40:00,87,62.0,Low,Clear,Normal
S001,Tirana Center,2026-05-11 21:45:00,148,30.7,Medium,Cloudy,Normal
S008,New Boulevard,2026-05-11 21:50:00,74,47.8,Low,Rainy,Normal
S002,Ring Road,2026-05-11 21:55:00,87,31.0,Medium,Cloudy,Normal
S006,Zogu i Zi,2026-05-11 22:00:00,74,28.8,Medium,Cloudy,Normal
S005,Durres Road,2026-05-11 22:05:00,127,48.9,Low,Cloudy,Normal
S001,Tirana Center,2026-05-11 22:10:00,64,44.4,Low,Rainy,Normal
S006,Zogu i Zi,2026-05-11 22:15:00,70,64.9,Low,Rainy,Normal
S006,Zogu i Zi,2026-05-11 22:20:00,168,28.1,Medium,Clear,Normal
S004,Blloku,2026-05-11 22:25:00,115,22.9,Medium,Clear,Normal
S006,Zogu i Zi,2026-05-11 22:30:00,101,50.5,Low,Cloudy,Normal
S001,Tirana Center,2026-05-11 22:35:00,109,18.4,High,Foggy,Normal
S003,Student City,2026-05-11 22:40:00,93,52.5,Low,Foggy,Normal
S005,Durres Road,2026-05-11 22:45:00,118,35.7,Medium,Cloudy,Roadwork
S004,Blloku,2026-05-11 22:50:00,187,28.8,Medium,Foggy,Heavy Traffic
S005,Durres Road,2026-05-11 22:55:00,82,47.4,Low,Rainy,Normal
S002,Ring Road,2026-05-11 23:00:00,77,51.5,Low,Cloudy,Normal
S004,Blloku,2026-05-11 23:05:00,83,48.2,Low,Rainy,Normal
S002,Ring Road,2026-05-11 23:10:00,114,28.0,Medium,Foggy,Normal
S005,Durres Road,2026-05-11 23:15:00,102,42.6,Low,Clear,Normal
S004,Blloku,2026-05-11 23:20:00,150,45.3,Low,Rainy,Heavy Traffic
S005,Durres Road,2026-05-11 23:25:00,163,19.7,High,Cloudy,Normal
S002,Ring Road,2026-05-11 23:30:00,109,48.2,Low,Clear,Normal
S002,Ring Road,2026-05-11 23:35:00,119,50.7,Low,Cloudy,Accident
S002,Ring Road,2026-05-11 23:40:00,142,45.8,Low,Clear,Normal
S005,Durres Road,2026-05-11 23:45:00,52,41.6,Low,Cloudy,Normal
S004,Blloku,2026-05-11 23:50:00,176,22.4,Medium,Foggy,Normal
S003,Student City,2026-05-11 23:55:00,104,54.6,Low,Cloudy,Normal
S002,Ring Road,2026-05-12 00:00:00,168,32.3,Medium,Clear,Normal
S008,New Boulevard,2026-05-12 00:05:00,109,41.0,Low,Rainy,Normal
S006,Zogu i Zi,2026-05-12 00:10:00,113,30.2,Medium,Cloudy,Normal
S006,Zogu i Zi,2026-05-12 00:15:00,71,58.1,Low,Cloudy,Normal
S008,New Boulevard,2026-05-12 00:20:00,80,47.6,Low,Cloudy,Normal
S005,Durres Road,2026-05-12 00:25:00,153,46.9,Medium,Cloudy,Normal
S001,Tirana Center,2026-05-12 00:30:00,122,31.2,Medium,Clear,Normal
S002,Ring Road,2026-05-12 00:35:00,129,30.4,Medium,Foggy,Normal
S006,Zogu i Zi,2026-05-12 00:40:00,138,41.5,Low,Cloudy,Normal
S008,New Boulevard,2026-05-12 00:45:00,108,35.1,Medium,Cloudy,Normal
S005,Durres Road,2026-05-12 00:50:00,20,51.9,Low,Clear,Normal
S004,Blloku,2026-05-12 00:55:00,41,52.7,Low,Cloudy,Heavy Traffic
S007,Airport Road,2026-05-12 01:00:00,96,52.1,Low,Foggy,Normal
S008,New Boulevard,2026-05-12 01:05:00,39,52.8,Low,Rainy,Normal
S007,Airport Road,2026-05-12 01:10:00,61,39.9,Low,Rainy,Normal
S008,New Boulevard,2026-05-12 01:15:00,72,34.3,Medium,Foggy,Normal
S001,Tirana Center,2026-05-12 01:20:00,102,39.8,Low,Foggy,Normal
S003,Student City,2026-05-12 01:25:00,99,56.0,Low,Cloudy,Normal
S003,Student City,2026-05-12 01:30:00,124,37.9,Medium,Rainy,Normal
S001,Tirana Center,2026-05-12 01:35:00,94,46.5,Low,Cloudy,Normal
S001,Tirana Center,2026-05-12 01:40:00,102,39.9,Low,Rainy,Normal
S003,Student City,2026-05-12 01:45:00,38,37.8,Medium,Cloudy,Normal
S001,Tirana Center,2026-05-12 01:50:00,129,35.1,Medium,Cloudy,Normal
S007,Airport Road,2026-05-12 01:55:00,55,53.9,Low,Clear,Normal
S003,Student City,2026-05-12 02:00:00,136,42.2,Low,Foggy,Normal
S002,Ring Road,2026-05-12 02:05:00,91,49.2,Low,Clear,Normal
S007,Airport Road,2026-05-12 02:10:00,75,37.3,Medium,Foggy,Heavy Traffic
S008,New Boulevard,2026-05-12 02:15:00,101,43.2,Low,Clear,Normal
S005,Durres Road,2026-05-12 02:20:00,99,46.3,Low,Rainy,Normal
S004,Blloku,2026-05-12 02:25:00,78,45.2,Low,Foggy,Normal
S002,Ring Road,2026-05-12 02:30:00,88,35.9,Medium,Rainy,Normal
S004,Blloku,2026-05-12 02:35:00,70,45.2,Low,Foggy,Normal
S005,Durres Road,2026-05-12 02:40:00,51,56.0,Low,Foggy,Normal
S005,Durres Road,2026-05-12 02:45:00,155,24.8,Medium,Clear,Normal
S008,New Boulevard,2026-05-12 02:50:00,115,30.9,Medium,Clear,Normal
S003,Student City,2026-05-12 02:55:00,96,30.2,Medium,Foggy,Normal
S006,Zogu i Zi,2026-05-12 03:00:00,106,41.0,Low,Foggy,Normal
S008,New Boulevard,2026-05-12 03:05:00,94,37.6,Medium,Cloudy,Normal
S002,Ring Road,2026-05-12 03:10:00,129,45.5,Low,Clear,Heavy Traffic
S005,Durres Road,2026-05-12 03:15:00,134,27.4,Medium,Clear,Heavy Traffic
S006,Zogu i Zi,2026-05-12 03:20:00,196,19.4,High,Rainy,Normal
S008,New Boulevard,2026-05-12 03:25:00,97,42.2,Low,Foggy,Normal
S002,Ring Road,2026-05-12 03:30:00,65,51.2,Low,Cloudy,Normal
S002,Ring Road,2026-05-12 03:35:00,100,32.3,Medium,Foggy,Normal
S002,Ring Road,2026-05-12 03:40:00,158,25.4,Medium,Rainy,Normal
S008,New Boulevard,2026-05-12 03:45:00,99,30.5,Medium,Rainy,Normal
S007,Airport Road,2026-05-12 03:50:00,122,41.9,Low,Rainy,Normal
S006,Zogu i Zi,2026-05-12 03:55:00,96,62.3,Low,Clear,Normal
S008,New Boulevard,2026-05-12 04:00:00,90,46.8,Low,Cloudy,Normal
S006,Zogu i Zi,2026-05-12 04:05:00,102,39.8,Low,Cloudy,Normal
S004,Blloku,2026-05-12 04:10:00,114,25.7,Medium,Rainy,Normal
S007,Airport Road,2026-05-12 04:15:00,153,29.0,Medium,Foggy,Normal
S008,New Boulevard,2026-05-12 04:20:00,167,35.8,Medium,Rainy,Heavy Traffic
S005,Durres Road,2026-05-12 04:25:00,99,46.0,Low,Rainy,Normal
S003,Student City,2026-05-12 04:30:00,132,29.7,Medium,Foggy,Normal
S006,Zogu i Zi,2026-05-12 04:35:00,77,47.5,Low,Cloudy,Normal
S001,Tirana Center,2026-05-12 04:40:00,127,37.8,Medium,Foggy,Normal
S003,Student City,2026-05-12 04:45:00,48,51.3,Low,Cloudy,Normal
S003,Student City,2026-05-12 04:50:00,146,34.9,Medium,Foggy,Normal
S007,Airport Road,2026-05-12 04:55:00,165,22.2,Medium,Cloudy,Normal
S002,Ring Road,2026-05-12 05:00:00,160,53.0,Medium,Cloudy,Normal
S005,Durres Road,2026-05-12 05:05:00,163,28.1,Medium,Clear,Normal
S003,Student City,2026-05-12 05:10:00,163,33.2,Medium,Rainy,Normal
S006,Zogu i Zi,2026-05-12 05:15:00,47,62.3,Low,Cloudy,Normal
S003,Student City,2026-05-12 05:20:00,134,51.2,Low,Cloudy,Normal
S002,Ring Road,2026-05-12 05:25:00,136,42.4,Low,Cloudy,Normal
S007,Airport Road,2026-05-12 05:30:00,99,36.7,Medium,Rainy,Normal
S006,Zogu i Zi,2026-05-12 05:35:00,96,52.9,Low,Clear,Normal
S004,Blloku,2026-05-12 05:40:00,153,36.4,Medium,Foggy,Normal
S008,New Boulevard,2026-05-12 05:45:00,165,41.1,Medium,Cloudy,Normal
S008,New Boulevard,2026-05-12 05:50:00,61,36.4,Medium,Clear,Normal
S008,New Boulevard,2026-05-12 05:55:00,98,41.5,Low,Rainy,Roadwork
S005,Durres Road,2026-05-12 06:00:00,112,58.3,Low,Clear,Normal
S006,Zogu i Zi,2026-05-12 06:05:00,109,50.9,Low,Cloudy,Normal
S005,Durres Road,2026-05-12 06:10:00,61,64.5,Low,Foggy,Normal
S001,Tirana Center,2026-05-12 06:15:00,129,35.6,Medium,Foggy,Normal
S005,Durres Road,2026-05-12 06:20:00,155,24.8,Medium,Cloudy,Normal
S003,Student City,2026-05-12 06:25:00,67,49.1,Low,Clear,Normal
S006,Zogu i Zi,2026-05-12 06:30:00,111,28.4,Medium,Cloudy,Normal
S008,New Boulevard,2026-05-12 06:35:00,112,31.1,Medium,Foggy,Normal
S005,Durres Road,2026-05-12 06:40:00,87,51.7,Low,Foggy,Normal
S006,Zogu i Zi,2026-05-12 06:45:00,100,23.7,Medium,Cloudy,Normal
S007,Airport Road,2026-05-12 06:50:00,160,37.6,Medium,Rainy,Normal
S002,Ring Road,2026-05-12 06:55:00,117,30.0,Medium,Rainy,Normal
S004,Blloku,2026-05-12 07:00:00,222,35.0,Medium,Cloudy,Normal
S006,Zogu i Zi,2026-05-12 07:05:00,201,41.7,Medium,Clear,Normal
S002,Ring Road,2026-05-12 07:10:00,247,18.7,High,Clear,Heavy Traffic
S003,Student City,2026-05-12 07:15:00,186,18.7,High,Clear,Normal
S001,Tirana Center,2026-05-12 07:20:00,201,35.8,Medium,Clear,Normal
S005,Durres Road,2026-05-12 07:25:00,271,14.2,High,Rainy,Normal
S002,Ring Road,2026-05-12 07:30:00,266,26.3,High,Rainy,Normal
S004,Blloku,2026-05-12 07:35:00,262,8,High,Clear,Normal
S003,Student City,2026-05-12 07:40:00,229,21.9,High,Clear,Heavy Traffic
S008,New Boulevard,2026-05-12 07:45:00,200,31.6,Medium,Rainy,Normal
S006,Zogu i Zi,2026-05-12 07:50:00,245,21.9,High,Foggy,Normal
S005,Durres Road,2026-05-12 07:55:00,204,8,High,Foggy,Normal
S008,New Boulevard,2026-05-12 08:00:00,255,10.2,High,Clear,Normal
S004,Blloku,2026-05-12 08:05:00,195,20.3,High,Rainy,Roadwork
S005,Durres Road,2026-05-12 08:10:00,223,13.8,High,Clear,Normal
S003,Student City,2026-05-12 08:15:00,205,22.5,Medium,Rainy,Normal
S008,New Boulevard,2026-05-12 08:20:00,299,8,High,Cloudy,Normal
S002,Ring Road,2026-05-12 08:25:00,255,8,High,Foggy,Normal
S001,Tirana Center,2026-05-12 08:30:00,186,31.0,Medium,Rainy,Normal
S008,New Boulevard,2026-05-12 08:35:00,206,19.9,High,Rainy,Normal
S002,Ring Road,2026-05-12 08:40:00,257,8,High,Rainy,Normal
S004,Blloku,2026-05-12 08:45:00,222,32.5,Medium,Clear,Normal
S003,Student City,2026-05-12 08:50:00,253,16.8,High,Clear,Normal
S006,Zogu i Zi,2026-05-12 08:55:00,173,28.1,Medium,Clear,Normal
S004,Blloku,2026-05-12 09:00:00,243,29.3,Medium,Rainy,Normal
S008,New Boulevard,2026-05-12 09:05:00,253,15.0,High,Cloudy,Roadwork
S007,Airport Road,2026-05-12 09:10:00,263,21.3,High,Cloudy,Normal
S002,Ring Road,2026-05-12 09:15:00,259,19.1,High,Foggy,Normal
S001,Tirana Center,2026-05-12 09:20:00,223,9.1,High,Clear,Normal
S008,New Boulevard,2026-05-12 09:25:00,246,13.3,High,Cloudy,Normal
S002,Ring Road,2026-05-12 09:30:00,216,8,High,Clear,Normal
S004,Blloku,2026-05-12 09:35:00,236,29.0,Medium,Clear,Normal
S006,Zogu i Zi,2026-05-12 09:40:00,245,30.4,Medium,Foggy,Normal
S003,Student City,2026-05-12 09:45:00,262,17.0,High,Clear,Normal
S007,Airport Road,2026-05-12 09:50:00,194,24.9,Medium,Rainy,Normal
S005,Durres Road,2026-05-12 09:55:00,263,8,High,Rainy,Normal
S008,New Boulevard,2026-05-12 10:00:00,123,12.7,High,Clear,Normal
S006,Zogu i Zi,2026-05-12 10:05:00,79,64.0,Low,Clear,Normal
S004,Blloku,2026-05-12 10:10:00,81,50.0,Low,Clear,Normal
S003,Student City,2026-05-12 10:15:00,100,41.8,Low,Foggy,Normal
S006,Zogu i Zi,2026-05-12 10:20:00,59,46.4,Low,Rainy,Normal
S003,Student City,2026-05-12 10:25:00,99,45.1,Low,Rainy,Normal
S005,Durres Road,2026-05-12 10:30:00,144,19.0,High,Foggy,Normal
S004,Blloku,2026-05-12 10:35:00,107,32.9,Medium,Rainy,Normal
S003,Student City,2026-05-12 10:40:00,72,54.8,Low,Cloudy,Normal
S007,Airport Road,2026-05-12 10:45:00,79,66.3,Low,Cloudy,Normal
S003,Student City,2026-05-12 10:50:00,102,41.3,Low,Rainy,Normal
S005,Durres Road,2026-05-12 10:55:00,118,30.2,Medium,Rainy,Normal
S008,New Boulevard,2026-05-12 11:00:00,100,51.4,Low,Rainy,Normal
S005,Durres Road,2026-05-12 11:05:00,81,46.1,Low,Rainy,Normal
S003,Student City,2026-05-12 11:10:00,32,46.3,Low,Rainy,Normal
S005,Durres Road,2026-05-12 11:15:00,83,32.7,Medium,Cloudy,Normal
S006,Zogu i Zi,2026-05-12 11:20:00,100,34.0,Medium,Foggy,Normal
S006,Zogu i Zi,2026-05-12 11:25:00,141,45.1,Low,Cloudy,Normal
S002,Ring Road,2026-05-12 11:30:00,71,39.6,Low,Rainy,Normal
S008,New Boulevard,2026-05-12 11:35:00,86,40.9,Low,Cloudy,Normal
S007,Airport Road,2026-05-12 11:40:00,121,40.1,Low,Rainy,Normal
S003,Student City,2026-05-12 11:45:00,173,18.4,High,Clear,Normal
S003,Student City,2026-05-12 11:50:00,85,40.6,Low,Rainy,Heavy Traffic
S003,Student City,2026-05-12 11:55:00,118,43.8,Low,Cloudy,Normal
S007,Airport Road,2026-05-12 12:00:00,69,46.8,Low,Foggy,Normal
S001,Tirana Center,2026-05-12 12:05:00,108,42.9,Low,Rainy,Normal
S007,Airport Road,2026-05-12 12:10:00,165,37.2,Medium,Foggy,Normal
S002,Ring Road,2026-05-12 12:15:00,83,50.0,Low,Clear,Heavy Traffic
S004,Blloku,2026-05-12 12:20:00,91,27.7,Medium,Foggy,Normal
S006,Zogu i Zi,2026-05-12 12:25:00,80,45.2,Low,Cloudy,Normal
S003,Student City,2026-05-12 12:30:00,98,25.2,Medium,Clear,Normal
S006,Zogu i Zi,2026-05-12 12:35:00,105,25.3,Medium,Cloudy,Roadwork
S001,Tirana Center,2026-05-12 12:40:00,94,42.5,Low,Clear,Normal
S008,New Boulevard,2026-05-12 12:45:00,123,47.2,Low,Foggy,Normal
S003,Student City,2026-05-12 12:50:00,164,32.0,Medium,Clear,Normal
S001,Tirana Center,2026-05-12 12:55:00,128,34.0,Medium,Rainy,Normal
S002,Ring Road,2026-05-12 13:00:00,146,21.6,High,Foggy,Normal
S001,Tirana Center,2026-05-12 13:05:00,44,60.8,Low,Foggy,Normal
S002,Ring Road,2026-05-12 13:10:00,120,40.9,Low,Foggy,Normal
S003,Student City,2026-05-12 13:15:00,113,30.1,Medium,Rainy,Normal
S008,New Boulevard,2026-05-12 13:20:00,68,37.8,Medium,Foggy,Heavy Traffic
S005,Durres Road,2026-05-12 13:25:00,106,37.4,Medium,Cloudy,Normal
S001,Tirana Center,2026-05-12 13:30:00,80,40.1,Low,Cloudy,Normal
S008,New Boulevard,2026-05-12 13:35:00,39,62.1,Low,Foggy,Roadwork
S008,New Boulevard,2026-05-12 13:40:00,102,40.2,Low,Foggy,Normal
S005,Durres Road,2026-05-12 13:45:00,77,51.4,Low,Rainy,Normal
S007,Airport Road,2026-05-12 13:50:00,119,42.5,Low,Clear,Normal
S003,Student City,2026-05-12 13:55:00,34,58.7,Low,Cloudy,Normal
S005,Durres Road,2026-05-12 14:00:00,64,50.6,Low,Cloudy,Heavy Traffic
S005,Durres Road,2026-05-12 14:05:00,76,48.9,Low,Rainy,Normal
S006,Zogu i Zi,2026-05-12 14:10:00,20,49.5,Low,Cloudy,Normal
S007,Airport Road,2026-05-12 14:15:00,124,29.0,Medium,Rainy,Heavy Traffic
S004,Blloku,2026-05-12 14:20:00,107,28.2,Medium,Cloudy,Normal
S003,Student City,2026-05-12 14:25:00,83,41.1,Low,Rainy,Normal
S004,Blloku,2026-05-12 14:30:00,121,36.1,Medium,Cloudy,Normal
S007,Airport Road,2026-05-12 14:35:00,137,31.6,Medium,Cloudy,Normal
S004,Blloku,2026-05-12 14:40:00,69,38.0,Medium,Clear,Normal
S002,Ring Road,2026-05-12 14:45:00,66,71.7,Low,Clear,Normal
S008,New Boulevard,2026-05-12 14:50:00,84,51.1,Low,Foggy,Normal
S004,Blloku,2026-05-12 14:55:00,122,48.7,Low,Cloudy,Normal
S005,Durres Road,2026-05-12 15:00:00,84,45.3,Low,Foggy,Normal
S006,Zogu i Zi,2026-05-12 15:05:00,39,44.3,Low,Foggy,Normal
S006,Zogu i Zi,2026-05-12 15:10:00,20,69.9,Low,Foggy,Normal
S007,Airport Road,2026-05-12 15:15:00,52,46.5,Low,Foggy,Roadwork
S006,Zogu i Zi,2026-05-12 15:20:00,77,31.3,Medium,Clear,Normal
S002,Ring Road,2026-05-12 15:25:00,95,39.8,Low,Rainy,Normal
S007,Airport Road,2026-05-12 15:30:00,88,41.5,Low,Foggy,Normal
S002,Ring Road,2026-05-12 15:35:00,113,38.4,Low,Foggy,Normal
S004,Blloku,2026-05-12 15:40:00,125,36.7,Medium,Foggy,Normal
S008,New Boulevard,2026-05-12 15:45:00,55,48.9,Low,Foggy,Normal
S006,Zogu i Zi,2026-05-12 15:50:00,91,28.7,Medium,Rainy,Normal
S004,Blloku,2026-05-12 15:55:00,122,39.5,Low,Clear,Normal
S005,Durres Road,2026-05-12 16:00:00,213,39.3,Medium,Foggy,Normal
S004,Blloku,2026-05-12 16:05:00,237,51.1,Medium,Foggy,Normal
S008,New Boulevard,2026-05-12 16:10:00,260,34.9,High,Foggy,Accident
S002,Ring Road,2026-05-12 16:15:00,224,35.4,Medium,Foggy,Normal
S007,Airport Road,2026-05-12 16:20:00,263,13.4,High,Clear,Normal
S003,Student City,2026-05-12 16:25:00,214,19.8,High,Rainy,Normal
S006,Zogu i Zi,2026-05-12 16:30:00,209,31.6,Medium,Rainy,Heavy Traffic
S007,Airport Road,2026-05-12 16:35:00,182,22.7,Medium,Rainy,Normal
S006,Zogu i Zi,2026-05-12 16:40:00,235,17.5,High,Cloudy,Normal
S005,Durres Road,2026-05-12 16:45:00,226,22.4,Medium,Rainy,Roadwork
S005,Durres Road,2026-05-12 16:50:00,243,17.8,High,Cloudy,Normal
S004,Blloku,2026-05-12 16:55:00,222,19.2,High,Cloudy,Normal
S008,New Boulevard,2026-05-12 17:00:00,179,37.9,Medium,Clear,Normal
S003,Student City,2026-05-12 17:05:00,226,17.0,High,Cloudy,Normal
S003,Student City,2026-05-12 17:10:00,292,8,High,Clear,Normal
S008,New Boulevard,2026-05-12 17:15:00,231,12.7,High,Rainy,Normal
S005,Durres Road,2026-05-12 17:20:00,243,14.3,High,Rainy,Normal
S006,Zogu i Zi,2026-05-12 17:25:00,218,8,High,Clear,Normal
S001,Tirana Center,2026-05-12 17:30:00,170,41.4,Medium,Cloudy,Normal
S003,Student City,2026-05-12 17:35:00,200,20.5,High,Rainy,Heavy Traffic
S003,Student City,2026-05-12 17:40:00,254,8,High,Cloudy,Normal
S001,Tirana Center,2026-05-12 17:45:00,207,25.7,Medium,Foggy,Heavy Traffic
S001,Tirana Center,2026-05-12 17:50:00,172,10.1,High,Rainy,Normal
S004,Blloku,2026-05-12 17:55:00,287,11.3,High,Clear,Normal
S003,Student City,2026-05-12 18:00:00,141,48.9,Low,Clear,Normal
S008,New Boulevard,2026-05-12 18:05:00,256,22.9,High,Rainy,Normal
S001,Tirana Center,2026-05-12 18:10:00,250,14.2,High,Cloudy,Normal
S001,Tirana Center,2026-05-12 18:15:00,191,18.7,High,Clear,Normal
S003,Student City,2026-05-12 18:20:00,275,16.6,High,Clear,Normal
S004,Blloku,2026-05-12 18:25:00,213,33.6,Medium,Foggy,Accident
S001,Tirana Center,2026-05-12 18:30:00,232,17.4,High,Clear,Heavy Traffic
S003,Student City,2026-05-12 18:35:00,151,23.0,Medium,Cloudy,Normal
S007,Airport Road,2026-05-12 18:40:00,177,44.8,Medium,Clear,Normal
S006,Zogu i Zi,2026-05-12 18:45:00,212,31.4,Medium,Rainy,Heavy Traffic
S008,New Boulevard,2026-05-12 18:50:00,235,22.6,Medium,Foggy,Normal
S002,Ring Road,2026-05-12 18:55:00,236,20.8,High,Cloudy,Normal
S005,Durres Road,2026-05-12 19:00:00,112,64.8,Low,Cloudy,Roadwork
S007,Airport Road,2026-05-12 19:05:00,158,29.4,Medium,Clear,Normal
S007,Airport Road,2026-05-12 19:10:00,127,54.7,Low,Foggy,Normal
S006,Zogu i Zi,2026-05-12 19:15:00,85,29.5,Medium,Cloudy,Normal
S002,Ring Road,2026-05-12 19:20:00,117,29.9,Medium,Cloudy,Normal
S006,Zogu i Zi,2026-05-12 19:25:00,151,38.5,Medium,Rainy,Normal
S002,Ring Road,2026-05-12 19:30:00,162,31.8,Medium,Clear,Normal
S005,Durres Road,2026-05-12 19:35:00,98,45.6,Low,Rainy,Normal
S004,Blloku,2026-05-12 19:40:00,104,51.9,Low,Foggy,Roadwork
S005,Durres Road,2026-05-12 19:45:00,72,53.7,Low,Cloudy,Normal
S004,Blloku,2026-05-12 19:50:00,106,31.2,Medium,Foggy,Normal
S001,Tirana Center,2026-05-12 19:55:00,178,25.6,Medium,Rainy,Normal
S004,Blloku,2026-05-12 20:00:00,84,42.6,Low,Clear,Normal
S004,Blloku,2026-05-12 20:05:00,104,40.5,Low,Cloudy,Normal
S008,New Boulevard,2026-05-12 20:10:00,100,41.3,Low,Foggy,Normal
S008,New Boulevard,2026-05-12 20:15:00,106,42.5,Low,Cloudy,Accident
S004,Blloku,2026-05-12 20:20:00,70,54.1,Low,Rainy,Roadwork
S001,Tirana Center,2026-05-12 20:25:00,117,46.6,Low,Rainy,Normal
S007,Airport Road,2026-05-12 20:30:00,141,42.5,Low,Foggy,Normal
S007,Airport Road,2026-05-12 20:35:00,126,34.0,Medium,Rainy,Normal
S007,Airport Road,2026-05-12 20:40:00,91,34.7,Medium,Foggy,Normal
S002,Ring Road,2026-05-12 20:45:00,82,44.0,Low,Clear,Normal
S008,New Boulevard,2026-05-12 20:50:00,99,46.4,Low,Cloudy,Normal
S006,Zogu i Zi,2026-05-12 20:55:00,131,13.5,High,Clear,Normal
S008,New Boulevard,2026-05-12 21:00:00,83,48.1,Low,Cloudy,Normal
S008,New Boulevard,2026-05-12 21:05:00,105,44.5,Low,Cloudy,Normal
S004,Blloku,2026-05-12 21:10:00,155,31.0,Medium,Clear,Normal
S003,Student City,2026-05-12 21:15:00,134,41.6,Low,Foggy,Normal
S003,Student City,2026-05-12 21:20:00,44,48.3,Low,Clear,Normal
S007,Airport Road,2026-05-12 21:25:00,102,38.0,Medium,Cloudy,Normal
S005,Durres Road,2026-05-12 21:30:00,68,49.3,Low,Clear,Normal
S001,Tirana Center,2026-05-12 21:35:00,104,32.8,Medium,Cloudy,Normal
S002,Ring Road,2026-05-12 21:40:00,123,50.2,Low,Rainy,Normal
S001,Tirana Center,2026-05-12 21:45:00,128,30.8,Medium,Cloudy,Normal
S005,Durres Road,2026-05-12 21:50:00,97,37.0,Medium,Rainy,Normal
S005,Durres Road,2026-05-12 21:55:00,105,43.5,Low,Cloudy,Roadwork
S005,Durres Road,2026-05-12 22:00:00,114,37.0,Medium,Clear,Normal
S003,Student City,2026-05-12 22:05:00,121,57.3,Low,Rainy,Roadwork
S003,Student City,2026-05-12 22:10:00,175,44.7,Medium,Foggy,Normal
S001,Tirana Center,2026-05-12 22:15:00,126,41.2,Low,Cloudy,Normal
S008,New Boulevard,2026-05-12 22:20:00,88,40.8,Low,Rainy,Normal
S004,Blloku,2026-05-12 22:25:00,114,41.7,Low,Foggy,Normal
S003,Student City,2026-05-12 22:30:00,108,27.1,Medium,Clear,Normal
S006,Zogu i Zi,2026-05-12 22:35:00,114,38.7,Low,Clear,Accident
S005,Durres Road,2026-05-12 22:40:00,122,40.3,Low,Clear,Heavy Traffic
S007,Airport Road,2026-05-12 22:45:00,138,32.4,Medium,Rainy,Heavy Traffic
S002,Ring Road,2026-05-12 22:50:00,69,39.6,Low,Clear,Normal
S002,Ring Road,2026-05-12 22:55:00,92,46.5,Low,Foggy,Normal
S003,Student City,2026-05-12 23:00:00,86,53.7,Low,Foggy,Normal
S001,Tirana Center,2026-05-12 23:05:00,93,54.4,Low,Cloudy,Normal
S003,Student City,2026-05-12 23:10:00,96,44.0,Low,Clear,Normal
S008,New Boulevard,2026-05-12 23:15:00,173,14.3,High,Cloudy,Normal
S004,Blloku,2026-05-12 23:20:00,55,40.3,Low,Cloudy,Normal
S001,Tirana Center,2026-05-12 23:25:00,173,35.6,Medium,Rainy,Normal
S001,Tirana Center,2026-05-12 23:30:00,120,43.8,Low,Rainy,Normal
S005,Durres Road,2026-05-12 23:35:00,102,40.1,Low,Rainy,Normal
S005,Durres Road,2026-05-12 23:40:00,59,54.3,Low,Cloudy,Normal
S005,Durres Road,2026-05-12 23:45:00,138,36.4,Medium,Rainy,Normal
S003,Student City,2026-05-12 23:50:00,126,52.7,Low,Foggy,Normal
S006,Zogu i Zi,2026-05-12 23:55:00,67,63.6,Low,Foggy,Normal
S007,Airport Road,2026-05-13 00:00:00,65,57.8,Low,Rainy,Normal
S006,Zogu i Zi,2026-05-13 00:05:00,149,27.1,Medium,Foggy,Normal
S008,New Boulevard,2026-05-13 00:10:00,157,43.1,Medium,Rainy,Normal
S002,Ring Road,2026-05-13 00:15:00,89,33.9,Medium,Cloudy,Normal
S007,Airport Road,2026-05-13 00:20:00,159,34.4,Medium,Cloudy,Roadwork
S008,New Boulevard,2026-05-13 00:25:00,128,31.8,Medium,Clear,Normal
S004,Blloku,2026-05-13 00:30:00,133,45.2,Low,Clear,Normal
S003,Student City,2026-05-13 00:35:00,56,48.0,Low,Rainy,Normal
S003,Student City,2026-05-13 00:40:00,121,50.9,Low,Clear,Roadwork
S004,Blloku,2026-05-13 00:45:00,87,32.0,Medium,Clear,Normal
S005,Durres Road,2026-05-13 00:50:00,99,39.3,Low,Cloudy,Normal
S007,Airport Road,2026-05-13 00:55:00,123,37.6,Medium,Rainy,Normal
S003,Student City,2026-05-13 01:00:00,76,46.4,Low,Clear,Normal
S004,Blloku,2026-05-13 01:05:00,72,51.4,Low,Foggy,Heavy Traffic
S002,Ring Road,2026-05-13 01:10:00,117,41.0,Low,Foggy,Normal
S007,Airport Road,2026-05-13 01:15:00,184,22.8,Medium,Rainy,Normal
S003,Student City,2026-05-13 01:20:00,124,36.7,Medium,Rainy,Normal
S004,Blloku,2026-05-13 01:25:00,92,54.9,Low,Cloudy,Normal
S001,Tirana Center,2026-05-13 01:30:00,120,29.7,Medium,Cloudy,Roadwork
S005,Durres Road,2026-05-13 01:35:00,109,50.8,Low,Clear,Normal
S007,Airport Road,2026-05-13 01:40:00,91,55.9,Low,Rainy,Roadwork
S005,Durres Road,2026-05-13 01:45:00,92,29.1,Medium,Clear,Heavy Traffic
S006,Zogu i Zi,2026-05-13 01:50:00,81,46.2,Low,Cloudy,Heavy Traffic
S008,New Boulevard,2026-05-13 01:55:00,170,31.7,Medium,Foggy,Normal
S001,Tirana Center,2026-05-13 02:00:00,107,44.9,Low,Foggy,Normal
S005,Durres Road,2026-05-13 02:05:00,93,19.3,High,Rainy,Heavy Traffic
S002,Ring Road,2026-05-13 02:10:00,102,31.7,Medium,Rainy,Normal
S005,Durres Road,2026-05-13 02:15:00,133,30.6,Medium,Rainy,Accident
S003,Student City,2026-05-13 02:20:00,58,65.5,Low,Rainy,Normal
S007,Airport Road,2026-05-13 02:25:00,131,27.9,Medium,Rainy,Normal
S002,Ring Road,2026-05-13 02:30:00,54,53.6,Low,Cloudy,Normal
S008,New Boulevard,2026-05-13 02:35:00,84,53.0,Low,Cloudy,Heavy Traffic
S002,Ring Road,2026-05-13 02:40:00,80,45.4,Low,Foggy,Normal
S005,Durres Road,2026-05-13 02:45:00,123,53.8,Low,Clear,Normal
S007,Airport Road,2026-05-13 02:50:00,77,43.9,Low,Cloudy,Normal
S008,New Boulevard,2026-05-13 02:55:00,154,29.5,Medium,Foggy,Normal
S004,Blloku,2026-05-13 03:00:00,140,47.2,Low,Cloudy,Normal
S003,Student City,2026-05-13 03:05:00,110,46.0,Low,Foggy,Heavy Traffic
S005,Durres Road,2026-05-13 03:10:00,112,49.0,Low,Cloudy,Heavy Traffic
S005,Durres Road,2026-05-13 03:15:00,141,38.7,Low,Rainy,Normal
S001,Tirana Center,2026-05-13 03:20:00,90,44.5,Low,Clear,Normal
S007,Airport Road,2026-05-13 03:25:00,74,32.3,Medium,Foggy,Normal
S001,Tirana Center,2026-05-13 03:30:00,95,42.4,Low,Clear,Normal
S005,Durres Road,2026-05-13 03:35:00,61,45.9,Low,Clear,Accident
S006,Zogu i Zi,2026-05-13 03:40:00,98,28.6,Medium,Cloudy,Normal
S007,Airport Road,2026-05-13 03:45:00,73,61.8,Low,Rainy,Heavy Traffic
S001,Tirana Center,2026-05-13 03:50:00,124,36.9,Medium,Cloudy,Normal
S008,New Boulevard,2026-05-13 03:55:00,130,26.1,Medium,Clear,Normal
S004,Blloku,2026-05-13 04:00:00,129,44.7,Low,Rainy,Accident
S006,Zogu i Zi,2026-05-13 04:05:00,127,48.8,Low,Rainy,Heavy Traffic
S008,New Boulevard,2026-05-13 04:10:00,142,32.3,Medium,Foggy,Normal
S005,Durres Road,2026-05-13 04:15:00,92,41.4,Low,Clear,Normal
S006,Zogu i Zi,2026-05-13 04:20:00,85,32.5,Medium,Rainy,Normal
S003,Student City,2026-05-13 04:25:00,85,44.6,Low,Clear,Normal
S001,Tirana Center,2026-05-13 04:30:00,115,21.5,High,Clear,Normal
S002,Ring Road,2026-05-13 04:35:00,77,44.8,Low,Cloudy,Normal
S008,New Boulevard,2026-05-13 04:40:00,96,48.4,Low,Cloudy,Roadwork
S002,Ring Road,2026-05-13 04:45:00,107,35.3,Medium,Clear,Normal
S005,Durres Road,2026-05-13 04:50:00,84,41.4,Low,Rainy,Heavy Traffic
S001,Tirana Center,2026-05-13 04:55:00,137,35.6,Medium,Foggy,Heavy Traffic
S008,New Boulevard,2026-05-13 05:00:00,93,55.2,Low,Rainy,Normal
S002,Ring Road,2026-05-13 05:05:00,129,46.8,Low,Clear,Normal
S001,Tirana Center,2026-05-13 05:10:00,155,41.1,Medium,Foggy,Roadwork
S001,Tirana Center,2026-05-13 05:15:00,107,48.4,Low,Clear,Heavy Traffic
S005,Durres Road,2026-05-13 05:20:00,97,36.9,Medium,Clear,Normal
S004,Blloku,2026-05-13 05:25:00,143,35.7,Medium,Rainy,Normal
S008,New Boulevard,2026-05-13 05:30:00,134,32.2,Medium,Rainy,Normal
S004,Blloku,2026-05-13 05:35:00,35,49.8,Low,Clear,Normal
S004,Blloku,2026-05-13 05:40:00,133,34.4,Medium,Cloudy,Normal
S005,Durres Road,2026-05-13 05:45:00,122,32.1,Medium,Cloudy,Normal
S008,New Boulevard,2026-05-13 05:50:00,134,39.2,Low,Rainy,Normal
S005,Durres Road,2026-05-13 05:55:00,64,68.4,Low,Rainy,Normal
S006,Zogu i Zi,2026-05-13 06:00:00,120,44.9,Low,Cloudy,Normal
S004,Blloku,2026-05-13 06:05:00,107,25.1,Medium,Clear,Normal
S005,Durres Road,2026-05-13 06:10:00,129,16.1,High,Foggy,Normal
S001,Tirana Center,2026-05-13 06:15:00,159,39.9,Medium,Rainy,Normal
S004,Blloku,2026-05-13 06:20:00,153,41.0,Medium,Cloudy,Normal
S002,Ring Road,2026-05-13 06:25:00,105,45.7,Low,Cloudy,Normal
S002,Ring Road,2026-05-13 06:30:00,30,52.2,Low,Rainy,Normal
S007,Airport Road,2026-05-13 06:35:00,82,53.5,Low,Clear,Normal
S006,Zogu i Zi,2026-05-13 06:40:00,93,47.4,Low,Clear,Normal
S008,New Boulevard,2026-05-13 06:45:00,73,44.1,Low,Clear,Normal
S007,Airport Road,2026-05-13 06:50:00,113,45.8,Low,Foggy,Normal
S005,Durres Road,2026-05-13 06:55:00,73,46.8,Low,Foggy,Normal
S005,Durres Road,2026-05-13 07:00:00,241,15.7,High,Foggy,Normal
S003,Student City,2026-05-13 07:05:00,134,22.2,Medium,Foggy,Normal
S002,Ring Road,2026-05-13 07:10:00,149,39.9,Low,Rainy,Normal
S007,Airport Road,2026-05-13 07:15:00,292,8,High,Clear,Normal
S004,Blloku,2026-05-13 07:20:00,262,8.1,High,Cloudy,Normal
S006,Zogu i Zi,2026-05-13 07:25:00,191,27.7,Medium,Cloudy,Normal
S007,Airport Road,2026-05-13 07:30:00,283,8,High,Cloudy,Normal
S006,Zogu i Zi,2026-05-13 07:35:00,221,21.3,High,Foggy,Normal
S003,Student City,2026-05-13 07:40:00,286,13.1,High,Foggy,Normal
S001,Tirana Center,2026-05-13 07:45:00,288,8,High,Foggy,Normal
S004,Blloku,2026-05-13 07:50:00,204,25.1,Medium,Foggy,Normal
S007,Airport Road,2026-05-13 07:55:00,267,8,High,Clear,Normal
S002,Ring Road,2026-05-13 08:00:00,227,15.9,High,Foggy,Normal
S003,Student City,2026-05-13 08:05:00,237,35.6,Medium,Foggy,Heavy Traffic
S003,Student City,2026-05-13 08:10:00,135,31.9,Medium,Cloudy,Accident
S002,Ring Road,2026-05-13 08:15:00,196,24.3,Medium,Foggy,Normal
S005,Durres Road,2026-05-13 08:20:00,234,16.6,High,Clear,Normal
S008,New Boulevard,2026-05-13 08:25:00,193,34.5,Medium,Cloudy,Normal
S004,Blloku,2026-05-13 08:30:00,278,8,High,Clear,Normal
S005,Durres Road,2026-05-13 08:35:00,205,32.4,Medium,Rainy,Normal
S002,Ring Road,2026-05-13 08:40:00,157,40.7,Medium,Foggy,Normal
S008,New Boulevard,2026-05-13 08:45:00,174,19.5,High,Rainy,Normal
S002,Ring Road,2026-05-13 08:50:00,256,25.1,High,Rainy,Normal
S007,Airport Road,2026-05-13 08:55:00,158,45.4,Medium,Foggy,Normal
S008,New Boulevard,2026-05-13 09:00:00,188,24.2,Medium,Foggy,Normal
S007,Airport Road,2026-05-13 09:05:00,283,14.0,High,Rainy,Normal
S005,Durres Road,2026-05-13 09:10:00,233,22.7,Medium,Rainy,Normal
S004,Blloku,2026-05-13 09:15:00,218,16.8,High,Clear,Normal
S006,Zogu i Zi,2026-05-13 09:20:00,260,12.4,High,Rainy,Roadwork
S006,Zogu i Zi,2026-05-13 09:25:00,246,13.0,High,Rainy,Normal
S001,Tirana Center,2026-05-13 09:30:00,198,20.5,High,Cloudy,Normal
S005,Durres Road,2026-05-13 09:35:00,171,33.4,Medium,Rainy,Normal
S006,Zogu i Zi,2026-05-13 09:40:00,217,17.8,High,Cloudy,Normal
S005,Durres Road,2026-05-13 09:45:00,189,14.2,High,Cloudy,Normal
S008,New Boulevard,2026-05-13 09:50:00,139,24.4,Medium,Cloudy,Normal
S008,New Boulevard,2026-05-13 09:55:00,223,8,High,Rainy,Normal
S007,Airport Road,2026-05-13 10:00:00,52,48.4,Low,Foggy,Normal
S002,Ring Road,2026-05-13 10:05:00,173,29.9,Medium,Clear,Roadwork
S002,Ring Road,2026-05-13 10:10:00,118,47.7,Low,Rainy,Normal
S007,Airport Road,2026-05-13 10:15:00,104,43.7,Low,Cloudy,Normal
S004,Blloku,2026-05-13 10:20:00,75,37.2,Medium,Clear,Heavy Traffic
S002,Ring Road,2026-05-13 10:25:00,125,56.8,Low,Clear,Normal
S001,Tirana Center,2026-05-13 10:30:00,52,52.8,Low,Cloudy,Heavy Traffic
S002,Ring Road,2026-05-13 10:35:00,78,33.2,Medium,Rainy,Roadwork
S006,Zogu i Zi,2026-05-13 10:40:00,81,42.0,Low,Foggy,Normal
S005,Durres Road,2026-05-13 10:45:00,100,45.2,Low,Foggy,Normal
S001,Tirana Center,2026-05-13 10:50:00,98,36.4,Medium,Clear,Heavy Traffic
S006,Zogu i Zi,2026-05-13 10:55:00,119,17.6,High,Foggy,Heavy Traffic
S002,Ring Road,2026-05-13 11:00:00,68,58.6,Low,Cloudy,Normal
S004,Blloku,2026-05-13 11:05:00,148,25.7,Medium,Foggy,Accident
S002,Ring Road,2026-05-13 11:10:00,113,50.6,Low,Foggy,Normal
S005,Durres Road,2026-05-13 11:15:00,68,44.3,Low,Foggy,Heavy Traffic
S001,Tirana Center,2026-05-13 11:20:00,83,47.8,Low,Foggy,Normal
S001,Tirana Center,2026-05-13 11:25:00,57,49.7,Low,Cloudy,Normal
S001,Tirana Center,2026-05-13 11:30:00,89,52.5,Low,Clear,Normal
S008,New Boulevard,2026-05-13 11:35:00,119,41.9,Low,Cloudy,Heavy Traffic
S004,Blloku,2026-05-13 11:40:00,116,30.5,Medium,Clear,Normal
S005,Durres Road,2026-05-13 11:45:00,90,39.4,Low,Foggy,Normal
S006,Zogu i Zi,2026-05-13 11:50:00,20,60.3,Low,Clear,Normal
S006,Zogu i Zi,2026-05-13 11:55:00,106,26.2,Medium,Rainy,Normal
S006,Zogu i Zi,2026-05-13 12:00:00,150,23.0,Medium,Cloudy,Normal
S007,Airport Road,2026-05-13 12:05:00,72,30.2,Medium,Foggy,Normal
S007,Airport Road,2026-05-13 12:10:00,77,47.1,Low,Rainy,Normal
S007,Airport Road,2026-05-13 12:15:00,73,38.5,Low,Cloudy,Accident
S007,Airport Road,2026-05-13 12:20:00,94,40.2,Low,Foggy,Normal
S003,Student City,2026-05-13 12:25:00,127,18.2,High,Clear,Roadwork
S004,Blloku,2026-05-13 12:30:00,131,32.5,Medium,Clear,Normal
S007,Airport Road,2026-05-13 12:35:00,75,39.8,Low,Cloudy,Normal
S007,Airport Road,2026-05-13 12:40:00,142,37.6,Medium,Clear,Normal
S006,Zogu i Zi,2026-05-13 12:45:00,134,57.3,Low,Rainy,Normal
S008,New Boulevard,2026-05-13 12:50:00,142,54.9,Low,Clear,Normal
S002,Ring Road,2026-05-13 12:55:00,46,58.4,Low,Rainy,Heavy Traffic
S008,New Boulevard,2026-05-13 13:00:00,101,55.2,Low,Clear,Normal
S003,Student City,2026-05-13 13:05:00,120,38.8,Low,Cloudy,Normal
S005,Durres Road,2026-05-13 13:10:00,97,34.0,Medium,Rainy,Normal
S008,New Boulevard,2026-05-13 13:15:00,61,60.0,Low,Cloudy,Normal
S007,Airport Road,2026-05-13 13:20:00,116,37.7,Medium,Cloudy,Normal
S007,Airport Road,2026-05-13 13:25:00,54,43.3,Low,Cloudy,Normal
S007,Airport Road,2026-05-13 13:30:00,65,20.7,High,Foggy,Normal
S004,Blloku,2026-05-13 13:35:00,128,31.3,Medium,Cloudy,Normal
S007,Airport Road,2026-05-13 13:40:00,113,45.5,Low,Rainy,Normal
S004,Blloku,2026-05-13 13:45:00,225,20.3,High,Rainy,Heavy Traffic
S004,Blloku,2026-05-13 13:50:00,132,23.2,Medium,Clear,Heavy Traffic
S005,Durres Road,2026-05-13 13:55:00,101,56.6,Low,Cloudy,Normal
S001,Tirana Center,2026-05-13 14:00:00,122,29.8,Medium,Cloudy,Heavy Traffic
S005,Durres Road,2026-05-13 14:05:00,73,49.4,Low,Clear,Normal
S007,Airport Road,2026-05-13 14:10:00,48,49.7,Low,Foggy,Normal
S006,Zogu i Zi,2026-05-13 14:15:00,122,26.0,Medium,Cloudy,Normal
S003,Student City,2026-05-13 14:20:00,78,40.5,Low,Cloudy,Normal
S008,New Boulevard,2026-05-13 14:25:00,96,51.2,Low,Cloudy,Normal
S008,New Boulevard,2026-05-13 14:30:00,112,38.1,Low,Clear,Normal
S008,New Boulevard,2026-05-13 14:35:00,85,62.6,Low,Rainy,Normal
S006,Zogu i Zi,2026-05-13 14:40:00,149,31.0,Medium,Rainy,Normal
S008,New Boulevard,2026-05-13 14:45:00,123,44.1,Low,Cloudy,Normal
S004,Blloku,2026-05-13 14:50:00,89,32.1,Medium,Cloudy,Normal
S005,Durres Road,2026-05-13 14:55:00,124,37.5,Medium,Cloudy,Normal
S006,Zogu i Zi,2026-05-13 15:00:00,77,44.6,Low,Clear,Normal
S007,Airport Road,2026-05-13 15:05:00,126,49.0,Low,Clear,Accident
S003,Student City,2026-05-13 15:10:00,142,36.2,Medium,Cloudy,Normal
S008,New Boulevard,2026-05-13 15:15:00,103,23.1,Medium,Foggy,Normal
S005,Durres Road,2026-05-13 15:20:00,85,49.3,Low,Rainy,Normal
S007,Airport Road,2026-05-13 15:25:00,74,44.2,Low,Cloudy,Normal
S001,Tirana Center,2026-05-13 15:30:00,134,25.0,Medium,Cloudy,Normal
S007,Airport Road,2026-05-13 15:35:00,109,39.2,Low,Cloudy,Heavy Traffic
S004,Blloku,2026-05-13 15:40:00,84,47.3,Low,Rainy,Heavy Traffic
S005,Durres Road,2026-05-13 15:45:00,58,51.9,Low,Clear,Normal
S002,Ring Road,2026-05-13 15:50:00,100,46.9,Low,Clear,Normal
S008,New Boulevard,2026-05-13 15:55:00,159,34.6,Medium,Rainy,Normal
S001,Tirana Center,2026-05-13 16:00:00,206,23.2,Medium,Rainy,Normal
S008,New Boulevard,2026-05-13 16:05:00,193,36.3,Medium,Foggy,Normal
S008,New Boulevard,2026-05-13 16:10:00,188,26.5,Medium,Clear,Normal
S008,New Boulevard,2026-05-13 16:15:00,203,18.2,High,Rainy,Normal
S001,Tirana Center,2026-05-13 16:20:00,239,21.2,High,Clear,Normal
S002,Ring Road,2026-05-13 16:25:00,245,23.4,Medium,Foggy,Normal
S002,Ring Road,2026-05-13 16:30:00,239,25.8,Medium,Foggy,Normal
S002,Ring Road,2026-05-13 16:35:00,188,30.6,Medium,Foggy,Normal
S007,Airport Road,2026-05-13 16:40:00,241,26.0,Medium,Foggy,Normal
S001,Tirana Center,2026-05-13 16:45:00,267,14.8,High,Foggy,Normal
S008,New Boulevard,2026-05-13 16:50:00,250,21.3,High,Rainy,Normal
S006,Zogu i Zi,2026-05-13 16:55:00,250,27.1,Medium,Foggy,Normal
S007,Airport Road,2026-05-13 17:00:00,231,23.1,Medium,Cloudy,Normal
S007,Airport Road,2026-05-13 17:05:00,198,37.9,Medium,Cloudy,Heavy Traffic
S005,Durres Road,2026-05-13 17:10:00,208,12.0,High,Cloudy,Normal
S002,Ring Road,2026-05-13 17:15:00,249,19.7,High,Rainy,Normal
S001,Tirana Center,2026-05-13 17:20:00,182,29.9,Medium,Clear,Roadwork
S006,Zogu i Zi,2026-05-13 17:25:00,246,8.0,High,Rainy,Normal
S004,Blloku,2026-05-13 17:30:00,258,19.0,High,Clear,Heavy Traffic
S002,Ring Road,2026-05-13 17:35:00,212,21.4,High,Cloudy,Normal
S003,Student City,2026-05-13 17:40:00,204,29.3,Medium,Rainy,Heavy Traffic
S006,Zogu i Zi,2026-05-13 17:45:00,219,18.0,High,Rainy,Heavy Traffic
S003,Student City,2026-05-13 17:50:00,161,28.4,Medium,Rainy,Normal
S001,Tirana Center,2026-05-13 17:55:00,187,43.9,Medium,Cloudy,Normal
S008,New Boulevard,2026-05-13 18:00:00,181,22.1,Medium,Foggy,Normal
S001,Tirana Center,2026-05-13 18:05:00,215,8,High,Clear,Normal
S001,Tirana Center,2026-05-13 18:10:00,188,23.2,Medium,Clear,Normal
S003,Student City,2026-05-13 18:15:00,251,9.4,High,Foggy,Normal
S008,New Boulevard,2026-05-13 18:20:00,218,26.3,Medium,Rainy,Normal
S004,Blloku,2026-05-13 18:25:00,219,26.2,Medium,Rainy,Normal
S001,Tirana Center,2026-05-13 18:30:00,227,8,High,Clear,Normal
S005,Durres Road,2026-05-13 18:35:00,162,41.3,Medium,Rainy,Normal
S001,Tirana Center,2026-05-13 18:40:00,278,15.1,High,Foggy,Heavy Traffic
S008,New Boulevard,2026-05-13 18:45:00,190,25.1,Medium,Cloudy,Normal
S006,Zogu i Zi,2026-05-13 18:50:00,230,19.5,High,Rainy,Normal
S005,Durres Road,2026-05-13 18:55:00,219,22.6,Medium,Clear,Normal
S003,Student City,2026-05-13 19:00:00,57,50.6,Low,Clear,Normal
S001,Tirana Center,2026-05-13 19:05:00,140,31.5,Medium,Foggy,Normal
S004,Blloku,2026-05-13 19:10:00,132,38.8,Low,Clear,Normal
S004,Blloku,2026-05-13 19:15:00,67,55.3,Low,Cloudy,Heavy Traffic
S002,Ring Road,2026-05-13 19:20:00,88,43.4,Low,Clear,Normal
S005,Durres Road,2026-05-13 19:25:00,144,31.0,Medium,Clear,Normal
S005,Durres Road,2026-05-13 19:30:00,97,35.2,Medium,Rainy,Normal
S004,Blloku,2026-05-13 19:35:00,90,32.8,Medium,Foggy,Normal
S005,Durres Road,2026-05-13 19:40:00,108,34.5,Medium,Cloudy,Normal
S001,Tirana Center,2026-05-13 19:45:00,146,50.4,Low,Rainy,Normal
S004,Blloku,2026-05-13 19:50:00,55,61.1,Low,Rainy,Normal
S006,Zogu i Zi,2026-05-13 19:55:00,79,35.8,Medium,Rainy,Normal
S002,Ring Road,2026-05-13 20:00:00,181,39.1,Medium,Foggy,Normal
S006,Zogu i Zi,2026-05-13 20:05:00,75,50.0,Low,Clear,Normal
S007,Airport Road,2026-05-13 20:10:00,71,59.1,Low,Cloudy,Normal
S003,Student City,2026-05-13 20:15:00,114,26.0,Medium,Cloudy,Normal
S001,Tirana Center,2026-05-13 20:20:00,122,14.5,High,Rainy,Normal
S003,Student City,2026-05-13 20:25:00,111,53.8,Low,Foggy,Normal
S003,Student City,2026-05-13 20:30:00,86,36.2,Medium,Clear,Roadwork
S007,Airport Road,2026-05-13 20:35:00,119,35.1,Medium,Foggy,Normal
S005,Durres Road,2026-05-13 20:40:00,40,50.8,Low,Rainy,Normal
S007,Airport Road,2026-05-13 20:45:00,116,46.3,Low,Clear,Accident
S003,Student City,2026-05-13 20:50:00,175,21.6,High,Foggy,Normal
S006,Zogu i Zi,2026-05-13 20:55:00,116,51.9,Low,Foggy,Roadwork
S004,Blloku,2026-05-13 21:00:00,68,35.0,Medium,Rainy,Normal
S006,Zogu i Zi,2026-05-13 21:05:00,23,65.5,Low,Clear,Normal
S002,Ring Road,2026-05-13 21:10:00,129,38.0,Medium,Cloudy,Normal
S001,Tirana Center,2026-05-13 21:15:00,129,15.3,High,Foggy,Normal
S008,New Boulevard,2026-05-13 21:20:00,101,47.7,Low,Foggy,Normal
S001,Tirana Center,2026-05-13 21:25:00,78,45.8,Low,Cloudy,Normal
S004,Blloku,2026-05-13 21:30:00,141,44.7,Low,Cloudy,Normal
S002,Ring Road,2026-05-13 21:35:00,88,44.1,Low,Clear,Normal
S001,Tirana Center,2026-05-13 21:40:00,84,30.7,Medium,Cloudy,Normal
S002,Ring Road,2026-05-13 21:45:00,127,47.3,Low,Foggy,Normal
S006,Zogu i Zi,2026-05-13 21:50:00,145,23.1,Medium,Cloudy,Normal
S004,Blloku,2026-05-13 21:55:00,109,22.6,Medium,Foggy,Normal
S006,Zogu i Zi,2026-05-13 22:00:00,52,50.5,Low,Rainy,Normal
S002,Ring Road,2026-05-13 22:05:00,105,20.0,High,Clear,Normal
S002,Ring Road,2026-05-13 22:10:00,99,38.4,Low,Cloudy,Normal
S005,Durres Road,2026-05-13 22:15:00,74,44.1,Low,Cloudy,Normal
S008,New Boulevard,2026-05-13 22:20:00,40,42.3,Low,Clear,Normal
S007,Airport Road,2026-05-13 22:25:00,136,31.7,Medium,Foggy,Normal
S004,Blloku,2026-05-13 22:30:00,122,35.3,Medium,Rainy,Normal
S008,New Boulevard,2026-05-13 22:35:00,74,51.8,Low,Cloudy,Roadwork
S003,Student City,2026-05-13 22:40:00,87,53.0,Low,Clear,Normal
S007,Airport Road,2026-05-13 22:45:00,132,30.5,Medium,Clear,Normal
S005,Durres Road,2026-05-13 22:50:00,167,30.5,Medium,Foggy,Normal
S004,Blloku,2026-05-13 22:55:00,118,32.5,Medium,Foggy,Normal
S002,Ring Road,2026-05-13 23:00:00,128,37.3,Medium,Rainy,Normal
S003,Student City,2026-05-13 23:05:00,95,46.4,Low,Clear,Normal
S008,New Boulevard,2026-05-13 23:10:00,133,46.3,Low,Cloudy,Normal
S005,Durres Road,2026-05-13 23:15:00,83,52.0,Low,Foggy,Normal
S003,Student City,2026-05-13 23:20:00,81,46.5,Low,Cloudy,Normal
S008,New Boulevard,2026-05-13 23:25:00,47,45.8,Low,Rainy,Roadwork
S005,Durres Road,2026-05-13 23:30:00,107,33.6,Medium,Clear,Normal
S002,Ring Road,2026-05-13 23:35:00,75,53.5,Low,Rainy,Normal
S004,Blloku,2026-05-13 23:40:00,134,30.0,Medium,Foggy,Normal
S001,Tirana Center,2026-05-13 23:45:00,135,53.0,Low,Rainy,Normal
S008,New Boulevard,2026-05-13 23:50:00,64,59.9,Low,Foggy,Normal
S005,Durres Road,2026-05-13 23:55:00,150,28.0,Medium,Cloudy,Normal
S004,Blloku,2026-05-14 00:00:00,116,44.1,Low,Foggy,Normal
S005,Durres Road,2026-05-14 00:05:00,85,51.8,Low,Cloudy,Roadwork
S004,Blloku,2026-05-14 00:10:00,79,39.6,Low,Rainy,Normal
S002,Ring Road,2026-05-14 00:15:00,170,36.8,Medium,Cloudy,Accident
S005,Durres Road,2026-05-14 00:20:00,60,42.7,Low,Clear,Normal
S004,Blloku,2026-05-14 00:25:00,110,39.0,Low,Foggy,Normal
S004,Blloku,2026-05-14 00:30:00,83,43.9,Low,Foggy,Normal
S005,Durres Road,2026-05-14 00:35:00,111,44.9,Low,Rainy,Normal
S007,Airport Road,2026-05-14 00:40:00,98,32.9,Medium,Cloudy,Normal
S005,Durres Road,2026-05-14 00:45:00,87,33.3,Medium,Foggy,Roadwork
S006,Zogu i Zi,2026-05-14 00:50:00,97,43.2,Low,Foggy,Heavy Traffic
S001,Tirana Center,2026-05-14 00:55:00,85,57.1,Low,Clear,Normal
S005,Durres Road,2026-05-14 01:00:00,111,46.9,Low,Foggy,Normal
S008,New Boulevard,2026-05-14 01:05:00,102,40.1,Low,Foggy,Normal
S008,New Boulevard,2026-05-14 01:10:00,49,71.0,Low,Foggy,Accident
S003,Student City,2026-05-14 01:15:00,115,44.9,Low,Clear,Normal
S001,Tirana Center,2026-05-14 01:20:00,117,44.5,Low,Foggy,Normal
S006,Zogu i Zi,2026-05-14 01:25:00,115,43.7,Low,Foggy,Normal
S004,Blloku,2026-05-14 01:30:00,144,34.1,Medium,Clear,Normal
S002,Ring Road,2026-05-14 01:35:00,59,44.7,Low,Rainy,Heavy Traffic
S006,Zogu i Zi,2026-05-14 01:40:00,80,65.7,Low,Foggy,Normal
S004,Blloku,2026-05-14 01:45:00,110,54.4,Low,Cloudy,Normal
S003,Student City,2026-05-14 01:50:00,98,34.1,Medium,Foggy,Normal
S004,Blloku,2026-05-14 01:55:00,176,24.6,Medium,Clear,Normal
S006,Zogu i Zi,2026-05-14 02:00:00,126,44.3,Low,Cloudy,Normal
S006,Zogu i Zi,2026-05-14 02:05:00,33,59.0,Low,Cloudy,Normal
S002,Ring Road,2026-05-14 02:10:00,121,43.7,Low,Foggy,Normal
S006,Zogu i Zi,2026-05-14 02:15:00,170,40.2,Medium,Cloudy,Roadwork
S001,Tirana Center,2026-05-14 02:20:00,125,21.0,High,Rainy,Roadwork
S001,Tirana Center,2026-05-14 02:25:00,186,31.0,Medium,Cloudy,Normal
S001,Tirana Center,2026-05-14 02:30:00,100,50.4,Low,Rainy,Heavy Traffic
S002,Ring Road,2026-05-14 02:35:00,129,36.3,Medium,Rainy,Normal
S008,New Boulevard,2026-05-14 02:40:00,110,33.8,Medium,Rainy,Normal
S002,Ring Road,2026-05-14 02:45:00,100,21.4,High,Foggy,Normal
S005,Durres Road,2026-05-14 02:50:00,118,44.3,Low,Clear,Normal
S004,Blloku,2026-05-14 02:55:00,87,44.6,Low,Cloudy,Normal
S002,Ring Road,2026-05-14 03:00:00,124,45.3,Low,Cloudy,Normal
S005,Durres Road,2026-05-14 03:05:00,52,35.1,Medium,Clear,Normal
S004,Blloku,2026-05-14 03:10:00,85,47.6,Low,Foggy,Normal
S005,Durres Road,2026-05-14 03:15:00,162,34.4,Medium,Cloudy,Normal
S002,Ring Road,2026-05-14 03:20:00,121,27.7,Medium,Rainy,Normal
S001,Tirana Center,2026-05-14 03:25:00,146,40.0,Low,Cloudy,Normal
S003,Student City,2026-05-14 03:30:00,115,37.2,Medium,Rainy,Normal
S008,New Boulevard,2026-05-14 03:35:00,125,27.5,Medium,Foggy,Roadwork
S004,Blloku,2026-05-14 03:40:00,110,48.1,Low,Foggy,Normal
S001,Tirana Center,2026-05-14 03:45:00,73,48.6,Low,Foggy,Normal
S008,New Boulevard,2026-05-14 03:50:00,148,25.3,Medium,Clear,Normal
S003,Student City,2026-05-14 03:55:00,97,40.6,Low,Clear,Normal
S003,Student City,2026-05-14 04:00:00,65,36.5,Medium,Rainy,Normal
S002,Ring Road,2026-05-14 04:05:00,87,44.6,Low,Cloudy,Heavy Traffic
S001,Tirana Center,2026-05-14 04:10:00,22,53.1,Low,Cloudy,Roadwork
S001,Tirana Center,2026-05-14 04:15:00,75,63.1,Low,Foggy,Normal
S004,Blloku,2026-05-14 04:20:00,85,41.4,Low,Rainy,Normal
S001,Tirana Center,2026-05-14 04:25:00,121,28.6,Medium,Clear,Normal
S001,Tirana Center,2026-05-14 04:30:00,60,63.2,Low,Clear,Normal
S007,Airport Road,2026-05-14 04:35:00,59,56.1,Low,Rainy,Normal
S003,Student City,2026-05-14 04:40:00,146,26.1,Medium,Cloudy,Normal
S001,Tirana Center,2026-05-14 04:45:00,86,49.2,Low,Clear,Normal
S003,Student City,2026-05-14 04:50:00,114,36.7,Medium,Foggy,Normal
S003,Student City,2026-05-14 04:55:00,97,43.5,Low,Cloudy,Heavy Traffic
S008,New Boulevard,2026-05-14 05:00:00,80,36.1,Medium,Cloudy,Normal
S003,Student City,2026-05-14 05:05:00,123,47.7,Low,Rainy,Normal
S007,Airport Road,2026-05-14 05:10:00,58,43.1,Low,Rainy,Normal
S006,Zogu i Zi,2026-05-14 05:15:00,70,53.7,Low,Clear,Accident
S006,Zogu i Zi,2026-05-14 05:20:00,106,53.3,Low,Foggy,Heavy Traffic
S007,Airport Road,2026-05-14 05:25:00,54,45.3,Low,Clear,Normal
S008,New Boulevard,2026-05-14 05:30:00,107,40.1,Low,Cloudy,Normal
S003,Student City,2026-05-14 05:35:00,94,32.3,Medium,Foggy,Normal
S002,Ring Road,2026-05-14 05:40:00,98,52.4,Low,Clear,Normal
S001,Tirana Center,2026-05-14 05:45:00,70,48.3,Low,Rainy,Heavy Traffic
S001,Tirana Center,2026-05-14 05:50:00,144,38.8,Low,Clear,Normal
S006,Zogu i Zi,2026-05-14 05:55:00,88,42.1,Low,Rainy,Normal
S005,Durres Road,2026-05-14 06:00:00,166,21.3,High,Rainy,Heavy Traffic
S005,Durres Road,2026-05-14 06:05:00,197,25.5,Medium,Clear,Normal
S003,Student City,2026-05-14 06:10:00,143,22.0,Medium,Clear,Normal
S005,Durres Road,2026-05-14 06:15:00,88,49.2,Low,Clear,Normal
S008,New Boulevard,2026-05-14 06:20:00,114,52.3,Low,Clear,Normal
S002,Ring Road,2026-05-14 06:25:00,129,34.1,Medium,Cloudy,Heavy Traffic
S003,Student City,2026-05-14 06:30:00,135,34.5,Medium,Foggy,Normal
S001,Tirana Center,2026-05-14 06:35:00,59,42.7,Low,Clear,Normal
S008,New Boulevard,2026-05-14 06:40:00,121,34.9,Medium,Cloudy,Normal
S007,Airport Road,2026-05-14 06:45:00,38,47.4,Low,Foggy,Heavy Traffic
S007,Airport Road,2026-05-14 06:50:00,102,40.0,Low,Cloudy,Normal
S001,Tirana Center,2026-05-14 06:55:00,133,37.8,Medium,Clear,Normal
S001,Tirana Center,2026-05-14 07:00:00,190,32.1,Medium,Cloudy,Normal
S001,Tirana Center,2026-05-14 07:05:00,173,31.3,Medium,Clear,Normal
S003,Student City,2026-05-14 07:10:00,247,8,High,Foggy,Normal
S008,New Boulevard,2026-05-14 07:15:00,249,21.6,High,Foggy,Roadwork
S005,Durres Road,2026-05-14 07:20:00,223,22.1,Medium,Cloudy,Accident
S006,Zogu i Zi,2026-05-14 07:25:00,226,17.1,High,Cloudy,Normal
S002,Ring Road,2026-05-14 07:30:00,202,27.8,Medium,Cloudy,Normal
S004,Blloku,2026-05-14 07:35:00,214,19.6,High,Clear,Normal
S006,Zogu i Zi,2026-05-14 07:40:00,139,26.9,Medium,Rainy,Normal
S005,Durres Road,2026-05-14 07:45:00,230,17.1,High,Foggy,Normal
S005,Durres Road,2026-05-14 07:50:00,169,24.3,Medium,Foggy,Normal
S004,Blloku,2026-05-14 07:55:00,189,30.2,Medium,Rainy,Normal
S003,Student City,2026-05-14 08:00:00,196,42.4,Medium,Cloudy,Normal
S006,Zogu i Zi,2026-05-14 08:05:00,217,28.2,Medium,Clear,Normal
S002,Ring Road,2026-05-14 08:10:00,225,38.6,Medium,Foggy,Normal
S006,Zogu i Zi,2026-05-14 08:15:00,199,33.3,Medium,Cloudy,Normal
S005,Durres Road,2026-05-14 08:20:00,217,26.5,Medium,Cloudy,Roadwork
S005,Durres Road,2026-05-14 08:25:00,214,16.1,High,Foggy,Normal
S006,Zogu i Zi,2026-05-14 08:30:00,194,37.8,Medium,Cloudy,Normal
S006,Zogu i Zi,2026-05-14 08:35:00,256,9.5,High,Clear,Normal
S007,Airport Road,2026-05-14 08:40:00,244,8,High,Cloudy,Normal
S006,Zogu i Zi,2026-05-14 08:45:00,217,23.1,Medium,Rainy,Normal
S001,Tirana Center,2026-05-14 08:50:00,222,12.4,High,Clear,Normal
S006,Zogu i Zi,2026-05-14 08:55:00,261,16.2,High,Clear,Normal
S003,Student City,2026-05-14 09:00:00,207,10.6,High,Clear,Normal
S006,Zogu i Zi,2026-05-14 09:05:00,196,20.0,High,Rainy,Normal
S006,Zogu i Zi,2026-05-14 09:10:00,178,29.2,Medium,Rainy,Normal
S003,Student City,2026-05-14 09:15:00,230,25.0,Medium,Rainy,Roadwork
S004,Blloku,2026-05-14 09:20:00,238,11.2,High,Clear,Heavy Traffic
S004,Blloku,2026-05-14 09:25:00,211,27.3,Medium,Cloudy,Normal
S002,Ring Road,2026-05-14 09:30:00,311,8,High,Rainy,Normal
S008,New Boulevard,2026-05-14 09:35:00,183,26.8,Medium,Rainy,Normal
S008,New Boulevard,2026-05-14 09:40:00,262,8,High,Cloudy,Heavy Traffic
S007,Airport Road,2026-05-14 09:45:00,331,8,High,Foggy,Normal
S008,New Boulevard,2026-05-14 09:50:00,145,41.1,Low,Foggy,Normal
S007,Airport Road,2026-05-14 09:55:00,234,18.3,High,Cloudy,Normal
S008,New Boulevard,2026-05-14 10:00:00,92,40.8,Low,Foggy,Normal
S003,Student City,2026-05-14 10:05:00,135,27.4,Medium,Rainy,Normal
S006,Zogu i Zi,2026-05-14 10:10:00,93,39.8,Low,Cloudy,Normal
S001,Tirana Center,2026-05-14 10:15:00,123,49.0,Low,Cloudy,Normal
S004,Blloku,2026-05-14 10:20:00,130,45.0,Low,Rainy,Normal
S001,Tirana Center,2026-05-14 10:25:00,119,30.0,Medium,Rainy,Normal
S001,Tirana Center,2026-05-14 10:30:00,144,17.7,High,Rainy,Normal
S004,Blloku,2026-05-14 10:35:00,92,57.5,Low,Cloudy,Normal
S004,Blloku,2026-05-14 10:40:00,98,41.6,Low,Foggy,Normal
S005,Durres Road,2026-05-14 10:45:00,65,47.0,Low,Rainy,Normal
S001,Tirana Center,2026-05-14 10:50:00,75,45.7,Low,Rainy,Normal
S008,New Boulevard,2026-05-14 10:55:00,104,34.2,Medium,Foggy,Normal
S001,Tirana Center,2026-05-14 11:00:00,64,46.1,Low,Cloudy,Normal
S007,Airport Road,2026-05-14 11:05:00,128,37.4,Medium,Cloudy,Normal
S007,Airport Road,2026-05-14 11:10:00,118,29.2,Medium,Clear,Heavy Traffic
S007,Airport Road,2026-05-14 11:15:00,77,54.9,Low,Foggy,Normal
S003,Student City,2026-05-14 11:20:00,153,26.4,Medium,Rainy,Normal
S002,Ring Road,2026-05-14 11:25:00,96,41.9,Low,Foggy,Normal
S005,Durres Road,2026-05-14 11:30:00,140,34.5,Medium,Foggy,Normal
S008,New Boulevard,2026-05-14 11:35:00,67,45.2,Low,Clear,Normal
S006,Zogu i Zi,2026-05-14 11:40:00,143,31.9,Medium,Foggy,Normal
S003,Student City,2026-05-14 11:45:00,91,47.7,Low,Clear,Normal
S005,Durres Road,2026-05-14 11:50:00,118,27.0,Medium,Cloudy,Normal
S007,Airport Road,2026-05-14 11:55:00,38,68.3,Low,Foggy,Normal
S004,Blloku,2026-05-14 12:00:00,131,41.4,Low,Rainy,Normal
S006,Zogu i Zi,2026-05-14 12:05:00,68,38.5,Low,Rainy,Normal
S005,Durres Road,2026-05-14 12:10:00,147,30.9,Medium,Cloudy,Normal
S003,Student City,2026-05-14 12:15:00,78,45.1,Low,Rainy,Normal
S003,Student City,2026-05-14 12:20:00,142,26.8,Medium,Cloudy,Normal
S003,Student City,2026-05-14 12:25:00,44,42.9,Low,Rainy,Normal
S006,Zogu i Zi,2026-05-14 12:30:00,135,21.7,High,Cloudy,Normal
S008,New Boulevard,2026-05-14 12:35:00,129,25.3,Medium,Rainy,Normal
S007,Airport Road,2026-05-14 12:40:00,101,40.6,Low,Clear,Normal
S007,Airport Road,2026-05-14 12:45:00,146,30.4,Medium,Cloudy,Normal
S001,Tirana Center,2026-05-14 12:50:00,95,37.7,Medium,Clear,Normal
S007,Airport Road,2026-05-14 12:55:00,118,26.2,Medium,Foggy,Normal
S003,Student City,2026-05-14 13:00:00,112,37.3,Medium,Clear,Normal
S008,New Boulevard,2026-05-14 13:05:00,72,51.1,Low,Cloudy,Normal
S001,Tirana Center,2026-05-14 13:10:00,91,37.3,Medium,Foggy,Heavy Traffic
S008,New Boulevard,2026-05-14 13:15:00,95,29.9,Medium,Foggy,Normal
S006,Zogu i Zi,2026-05-14 13:20:00,104,48.4,Low,Cloudy,Normal
S004,Blloku,2026-05-14 13:25:00,144,47.7,Low,Rainy,Normal
S007,Airport Road,2026-05-14 13:30:00,171,42.7,Medium,Clear,Normal
S006,Zogu i Zi,2026-05-14 13:35:00,137,39.6,Low,Clear,Normal
S001,Tirana Center,2026-05-14 13:40:00,131,32.9,Medium,Foggy,Normal
S004,Blloku,2026-05-14 13:45:00,133,35.0,Medium,Rainy,Normal
S005,Durres Road,2026-05-14 13:50:00,173,22.6,Medium,Rainy,Normal
S006,Zogu i Zi,2026-05-14 13:55:00,87,52.3,Low,Foggy,Roadwork
S003,Student City,2026-05-14 14:00:00,50,48.4,Low,Rainy,Normal
S001,Tirana Center,2026-05-14 14:05:00,81,42.3,Low,Rainy,Normal
S005,Durres Road,2026-05-14 14:10:00,110,40.3,Low,Foggy,Normal
S001,Tirana Center,2026-05-14 14:15:00,126,48.3,Low,Rainy,Normal
S008,New Boulevard,2026-05-14 14:20:00,106,38.3,Low,Clear,Normal
S003,Student City,2026-05-14 14:25:00,120,41.1,Low,Clear,Normal
S002,Ring Road,2026-05-14 14:30:00,102,41.3,Low,Foggy,Normal
S007,Airport Road,2026-05-14 14:35:00,118,39.4,Low,Foggy,Normal
S008,New Boulevard,2026-05-14 14:40:00,119,39.9,Low,Foggy,Normal
S008,New Boulevard,2026-05-14 14:45:00,53,44.5,Low,Cloudy,Normal
S002,Ring Road,2026-05-14 14:50:00,113,19.6,High,Rainy,Normal
S001,Tirana Center,2026-05-14 14:55:00,68,27.6,Medium,Foggy,Normal
S005,Durres Road,2026-05-14 15:00:00,64,59.0,Low,Clear,Normal
S005,Durres Road,2026-05-14 15:05:00,139,29.0,Medium,Cloudy,Normal
S006,Zogu i Zi,2026-05-14 15:10:00,77,39.8,Low,Foggy,Normal
S005,Durres Road,2026-05-14 15:15:00,88,36.0,Medium,Foggy,Normal
S002,Ring Road,2026-05-14 15:20:00,52,57.2,Low,Cloudy,Normal
S008,New Boulevard,2026-05-14 15:25:00,153,47.9,Medium,Rainy,Normal
S002,Ring Road,2026-05-14 15:30:00,126,49.2,Low,Cloudy,Normal
S001,Tirana Center,2026-05-14 15:35:00,60,42.5,Low,Foggy,Normal
S003,Student City,2026-05-14 15:40:00,132,20.4,High,Cloudy,Normal
S008,New Boulevard,2026-05-14 15:45:00,122,47.3,Low,Foggy,Normal
S005,Durres Road,2026-05-14 15:50:00,125,44.6,Low,Cloudy,Normal
S006,Zogu i Zi,2026-05-14 15:55:00,55,32.9,Medium,Rainy,Normal
S003,Student City,2026-05-14 16:00:00,185,30.6,Medium,Clear,Normal
S001,Tirana Center,2026-05-14 16:05:00,229,22.7,Medium,Clear,Normal
S001,Tirana Center,2026-05-14 16:10:00,293,8,High,Rainy,Heavy Traffic
S003,Student City,2026-05-14 16:15:00,234,28.6,Medium,Cloudy,Normal
S002,Ring Road,2026-05-14 16:20:00,194,20.4,High,Cloudy,Normal
S006,Zogu i Zi,2026-05-14 16:25:00,167,17.0,High,Foggy,Normal
S004,Blloku,2026-05-14 16:30:00,182,18.4,High,Rainy,Normal
S004,Blloku,2026-05-14 16:35:00,210,30.9,Medium,Clear,Normal
S007,Airport Road,2026-05-14 16:40:00,248,20.3,High,Foggy,Normal
S006,Zogu i Zi,2026-05-14 16:45:00,184,28.6,Medium,Clear,Normal
S008,New Boulevard,2026-05-14 16:50:00,266,19.5,High,Cloudy,Heavy Traffic
S001,Tirana Center,2026-05-14 16:55:00,267,17.4,High,Clear,Normal
S004,Blloku,2026-05-14 17:00:00,241,23.0,Medium,Cloudy,Normal
S008,New Boulevard,2026-05-14 17:05:00,250,14.1,High,Foggy,Normal
S005,Durres Road,2026-05-14 17:10:00,179,12.6,High,Rainy,Accident
S008,New Boulevard,2026-05-14 17:15:00,206,33.8,Medium,Cloudy,Normal
S008,New Boulevard,2026-05-14 17:20:00,271,15.5,High,Cloudy,Normal
S003,Student City,2026-05-14 17:25:00,152,34.1,Medium,Clear,Normal
S007,Airport Road,2026-05-14 17:30:00,174,33.1,Medium,Clear,Normal
S008,New Boulevard,2026-05-14 17:35:00,215,24.5,Medium,Clear,Normal
S008,New Boulevard,2026-05-14 17:40:00,120,34.2,Medium,Rainy,Normal
S004,Blloku,2026-05-14 17:45:00,239,10.7,High,Foggy,Normal
S002,Ring Road,2026-05-14 17:50:00,225,34.1,Medium,Rainy,Normal
S005,Durres Road,2026-05-14 17:55:00,218,25.4,Medium,Foggy,Roadwork
S004,Blloku,2026-05-14 18:00:00,232,24.5,Medium,Cloudy,Normal
S002,Ring Road,2026-05-14 18:05:00,238,8,High,Foggy,Normal
S005,Durres Road,2026-05-14 18:10:00,272,8,High,Cloudy,Normal
S008,New Boulevard,2026-05-14 18:15:00,232,8,High,Rainy,Normal
S008,New Boulevard,2026-05-14 18:20:00,245,15.1,High,Foggy,Normal
S003,Student City,2026-05-14 18:25:00,275,13.1,High,Rainy,Normal
S007,Airport Road,2026-05-14 18:30:00,225,28.0,Medium,Foggy,Normal
S006,Zogu i Zi,2026-05-14 18:35:00,201,37.2,Medium,Foggy,Normal
S005,Durres Road,2026-05-14 18:40:00,215,28.0,Medium,Rainy,Normal
S002,Ring Road,2026-05-14 18:45:00,230,17.5,High,Rainy,Normal
S007,Airport Road,2026-05-14 18:50:00,216,31.5,Medium,Foggy,Heavy Traffic
S002,Ring Road,2026-05-14 18:55:00,237,14.5,High,Clear,Normal
S003,Student City,2026-05-14 19:00:00,47,49.6,Low,Rainy,Normal
S006,Zogu i Zi,2026-05-14 19:05:00,98,45.8,Low,Rainy,Normal
S004,Blloku,2026-05-14 19:10:00,104,44.0,Low,Cloudy,Normal
S005,Durres Road,2026-05-14 19:15:00,41,58.0,Low,Rainy,Normal
S003,Student City,2026-05-14 19:20:00,99,46.2,Low,Rainy,Heavy Traffic
S004,Blloku,2026-05-14 19:25:00,68,58.1,Low,Cloudy,Normal
S003,Student City,2026-05-14 19:30:00,166,38.4,Medium,Clear,Normal
S005,Durres Road,2026-05-14 19:35:00,148,29.0,Medium,Clear,Normal
S007,Airport Road,2026-05-14 19:40:00,171,18.1,High,Clear,Normal
S002,Ring Road,2026-05-14 19:45:00,133,28.2,Medium,Foggy,Normal
S001,Tirana Center,2026-05-14 19:50:00,84,58.5,Low,Rainy,Normal
S003,Student City,2026-05-14 19:55:00,92,51.3,Low,Clear,Normal
S006,Zogu i Zi,2026-05-14 20:00:00,191,44.6,Medium,Rainy,Normal
S008,New Boulevard,2026-05-14 20:05:00,55,50.3,Low,Rainy,Normal
S001,Tirana Center,2026-05-14 20:10:00,68,36.0,Medium,Clear,Normal
S005,Durres Road,2026-05-14 20:15:00,61,39.8,Low,Foggy,Normal
S007,Airport Road,2026-05-14 20:20:00,105,35.3,Medium,Cloudy,Normal
S007,Airport Road,2026-05-14 20:25:00,66,47.7,Low,Foggy,Normal
S002,Ring Road,2026-05-14 20:30:00,136,36.8,Medium,Cloudy,Normal
S007,Airport Road,2026-05-14 20:35:00,113,27.5,Medium,Rainy,Heavy Traffic
S006,Zogu i Zi,2026-05-14 20:40:00,90,51.4,Low,Foggy,Normal
S006,Zogu i Zi,2026-05-14 20:45:00,141,34.8,Medium,Cloudy,Normal
S001,Tirana Center,2026-05-14 20:50:00,20,65.2,Low,Rainy,Normal
S001,Tirana Center,2026-05-14 20:55:00,116,34.2,Medium,Cloudy,Normal
S003,Student City,2026-05-14 21:00:00,88,44.3,Low,Rainy,Normal
S001,Tirana Center,2026-05-14 21:05:00,77,51.0,Low,Foggy,Normal
S007,Airport Road,2026-05-14 21:10:00,140,32.0,Medium,Cloudy,Normal
S007,Airport Road,2026-05-14 21:15:00,202,34.9,Medium,Foggy,Normal
S002,Ring Road,2026-05-14 21:20:00,72,28.4,Medium,Foggy,Normal
S004,Blloku,2026-05-14 21:25:00,143,41.3,Low,Cloudy,Normal
S008,New Boulevard,2026-05-14 21:30:00,132,49.2,Low,Foggy,Heavy Traffic
S008,New Boulevard,2026-05-14 21:35:00,90,40.2,Low,Clear,Normal
S002,Ring Road,2026-05-14 21:40:00,159,36.8,Medium,Cloudy,Normal
S008,New Boulevard,2026-05-14 21:45:00,86,35.5,Medium,Clear,Normal
S004,Blloku,2026-05-14 21:50:00,125,23.9,Medium,Rainy,Normal
S001,Tirana Center,2026-05-14 21:55:00,172,29.2,Medium,Foggy,Normal
S004,Blloku,2026-05-14 22:00:00,164,45.7,Medium,Foggy,Normal
S007,Airport Road,2026-05-14 22:05:00,58,63.6,Low,Clear,Normal
S003,Student City,2026-05-14 22:10:00,86,55.0,Low,Foggy,Roadwork
S008,New Boulevard,2026-05-14 22:15:00,114,45.9,Low,Rainy,Normal
S004,Blloku,2026-05-14 22:20:00,95,34.7,Medium,Foggy,Normal
S002,Ring Road,2026-05-14 22:25:00,124,43.9,Low,Foggy,Normal
S001,Tirana Center,2026-05-14 22:30:00,144,37.0,Medium,Clear,Normal
S003,Student City,2026-05-14 22:35:00,134,30.4,Medium,Clear,Accident
S003,Student City,2026-05-14 22:40:00,81,52.7,Low,Cloudy,Normal
S007,Airport Road,2026-05-14 22:45:00,20,51.8,Low,Cloudy,Normal
S001,Tirana Center,2026-05-14 22:50:00,42,60.2,Low,Rainy,Normal
S004,Blloku,2026-05-14 22:55:00,95,49.3,Low,Foggy,Normal
S007,Airport Road,2026-05-14 23:00:00,121,38.0,Low,Clear,Normal
S001,Tirana Center,2026-05-14 23:05:00,29,65.1,Low,Foggy,Normal
S007,Airport Road,2026-05-14 23:10:00,112,28.4,Medium,Rainy,Normal
S002,Ring Road,2026-05-14 23:15:00,108,40.9,Low,Cloudy,Normal
S004,Blloku,2026-05-14 23:20:00,118,56.5,Low,Foggy,Normal
S007,Airport Road,2026-05-14 23:25:00,66,51.8,Low,Rainy,Normal
S001,Tirana Center,2026-05-14 23:30:00,90,53.4,Low,Clear,Normal
S005,Durres Road,2026-05-14 23:35:00,80,42.1,Low,Cloudy,Normal
S001,Tirana Center,2026-05-14 23:40:00,97,47.7,Low,Rainy,Accident
S007,Airport Road,2026-05-14 23:45:00,131,22.4,Medium,Clear,Normal
S006,Zogu i Zi,2026-05-14 23:50:00,142,51.1,Low,Clear,Normal
S008,New Boulevard,2026-05-14 23:55:00,108,33.9,Medium,Clear,Normal
S008,New Boulevard,2026-05-15 00:00:00,79,35.3,Medium,Foggy,Normal
S001,Tirana Center,2026-05-15 00:05:00,81,43.5,Low,Rainy,Normal
S007,Airport Road,2026-05-15 00:10:00,127,35.8,Medium,Rainy,Heavy Traffic
S004,Blloku,2026-05-15 00:15:00,155,42.3,Medium,Clear,Normal
S006,Zogu i Zi,2026-05-15 00:20:00,98,51.1,Low,Foggy,Normal
S002,Ring Road,2026-05-15 00:25:00,62,50.8,Low,Foggy,Normal
S002,Ring Road,2026-05-15 00:30:00,108,47.4,Low,Foggy,Normal
S008,New Boulevard,2026-05-15 00:35:00,118,24.0,Medium,Cloudy,Normal
S003,Student City,2026-05-15 00:40:00,83,34.2,Medium,Rainy,Normal
S004,Blloku,2026-05-15 00:45:00,144,14.5,High,Cloudy,Normal
S005,Durres Road,2026-05-15 00:50:00,67,63.2,Low,Rainy,Normal
S006,Zogu i Zi,2026-05-15 00:55:00,103,39.7,Low,Rainy,Heavy Traffic
S006,Zogu i Zi,2026-05-15 01:00:00,94,46.4,Low,Cloudy,Normal
S003,Student City,2026-05-15 01:05:00,104,45.2,Low,Foggy,Roadwork
S005,Durres Road,2026-05-15 01:10:00,116,45.5,Low,Clear,Normal
S002,Ring Road,2026-05-15 01:15:00,43,55.3,Low,Rainy,Normal
S002,Ring Road,2026-05-15 01:20:00,84,53.4,Low,Foggy,Normal
S001,Tirana Center,2026-05-15 01:25:00,128,35.2,Medium,Clear,Normal
S006,Zogu i Zi,2026-05-15 01:30:00,94,49.2,Low,Rainy,Normal
S005,Durres Road,2026-05-15 01:35:00,89,44.4,Low,Cloudy,Normal
S007,Airport Road,2026-05-15 01:40:00,187,38.4,Medium,Rainy,Normal
S006,Zogu i Zi,2026-05-15 01:45:00,150,45.6,Low,Cloudy,Normal
S004,Blloku,2026-05-15 01:50:00,95,27.8,Medium,Foggy,Normal
S005,Durres Road,2026-05-15 01:55:00,63,63.0,Low,Clear,Normal
S003,Student City,2026-05-15 02:00:00,88,38.1,Low,Clear,Normal
S005,Durres Road,2026-05-15 02:05:00,93,53.5,Low,Clear,Normal
S007,Airport Road,2026-05-15 02:10:00,119,18.7,High,Rainy,Normal
S003,Student City,2026-05-15 02:15:00,65,49.3,Low,Clear,Normal
S004,Blloku,2026-05-15 02:20:00,119,45.0,Low,Cloudy,Normal
S006,Zogu i Zi,2026-05-15 02:25:00,96,30.5,Medium,Cloudy,Normal
S003,Student City,2026-05-15 02:30:00,152,15.1,High,Clear,Accident
S002,Ring Road,2026-05-15 02:35:00,75,37.5,Medium,Foggy,Normal
S002,Ring Road,2026-05-15 02:40:00,114,35.6,Medium,Clear,Normal
S006,Zogu i Zi,2026-05-15 02:45:00,138,23.7,Medium,Foggy,Normal
S007,Airport Road,2026-05-15 02:50:00,125,37.3,Medium,Foggy,Normal
S005,Durres Road,2026-05-15 02:55:00,153,34.9,Medium,Cloudy,Normal
S002,Ring Road,2026-05-15 03:00:00,132,35.7,Medium,Cloudy,Normal
S008,New Boulevard,2026-05-15 03:05:00,141,30.0,Medium,Rainy,Normal
S002,Ring Road,2026-05-15 03:10:00,112,49.4,Low,Rainy,Normal
S008,New Boulevard,2026-05-15 03:15:00,48,38.1,Low,Rainy,Normal
S007,Airport Road,2026-05-15 03:20:00,107,26.5,Medium,Rainy,Normal
S007,Airport Road,2026-05-15 03:25:00,100,43.6,Low,Rainy,Normal
S003,Student City,2026-05-15 03:30:00,127,34.4,Medium,Cloudy,Normal
S005,Durres Road,2026-05-15 03:35:00,117,55.8,Low,Cloudy,Normal
S006,Zogu i Zi,2026-05-15 03:40:00,119,29.3,Medium,Rainy,Normal
S001,Tirana Center,2026-05-15 03:45:00,128,45.1,Low,Cloudy,Normal
S006,Zogu i Zi,2026-05-15 03:50:00,106,27.0,Medium,Foggy,Roadwork
S003,Student City,2026-05-15 03:55:00,147,27.0,Medium,Rainy,Normal
S006,Zogu i Zi,2026-05-15 04:00:00,150,33.9,Medium,Rainy,Normal
S006,Zogu i Zi,2026-05-15 04:05:00,125,40.4,Low,Clear,Normal
S001,Tirana Center,2026-05-15 04:10:00,117,35.4,Medium,Clear,Normal
S008,New Boulevard,2026-05-15 04:15:00,108,54.8,Low,Cloudy,Normal
S001,Tirana Center,2026-05-15 04:20:00,121,48.3,Low,Cloudy,Normal
S001,Tirana Center,2026-05-15 04:25:00,167,35.8,Medium,Foggy,Roadwork
S005,Durres Road,2026-05-15 04:30:00,99,44.5,Low,Rainy,Normal
S007,Airport Road,2026-05-15 04:35:00,131,36.6,Medium,Clear,Normal
S006,Zogu i Zi,2026-05-15 04:40:00,101,47.3,Low,Cloudy,Roadwork
S004,Blloku,2026-05-15 04:45:00,93,45.4,Low,Clear,Normal
S001,Tirana Center,2026-05-15 04:50:00,88,39.8,Low,Clear,Normal
S007,Airport Road,2026-05-15 04:55:00,92,40.4,Low,Rainy,Normal
S003,Student City,2026-05-15 05:00:00,88,27.5,Medium,Rainy,Normal
S006,Zogu i Zi,2026-05-15 05:05:00,139,32.7,Medium,Clear,Normal
S006,Zogu i Zi,2026-05-15 05:10:00,123,37.5,Medium,Cloudy,Normal
S006,Zogu i Zi,2026-05-15 05:15:00,113,41.1,Low,Clear,Heavy Traffic
S006,Zogu i Zi,2026-05-15 05:20:00,84,45.8,Low,Clear,Normal
S005,Durres Road,2026-05-15 05:25:00,147,51.2,Low,Foggy,Heavy Traffic
S003,Student City,2026-05-15 05:30:00,95,54.8,Low,Rainy,Normal
S008,New Boulevard,2026-05-15 05:35:00,55,45.1,Low,Foggy,Normal
S003,Student City,2026-05-15 05:40:00,129,35.5,Medium,Foggy,Normal
S005,Durres Road,2026-05-15 05:45:00,124,39.4,Low,Cloudy,Normal
S003,Student City,2026-05-15 05:50:00,151,37.4,Medium,Rainy,Normal
S003,Student City,2026-05-15 05:55:00,85,34.6,Medium,Clear,Normal
S005,Durres Road,2026-05-15 06:00:00,54,49.1,Low,Foggy,Normal
S006,Zogu i Zi,2026-05-15 06:05:00,117,24.2,Medium,Clear,Normal
S007,Airport Road,2026-05-15 06:10:00,146,38.4,Low,Cloudy,Normal
S008,New Boulevard,2026-05-15 06:15:00,130,36.3,Medium,Clear,Normal
S003,Student City,2026-05-15 06:20:00,88,43.0,Low,Cloudy,Normal
S008,New Boulevard,2026-05-15 06:25:00,140,42.2,Low,Clear,Normal
S003,Student City,2026-05-15 06:30:00,20,53.9,Low,Foggy,Normal
S001,Tirana Center,2026-05-15 06:35:00,145,36.5,Medium,Clear,Normal
S006,Zogu i Zi,2026-05-15 06:40:00,35,43.4,Low,Cloudy,Normal
S007,Airport Road,2026-05-15 06:45:00,84,38.0,Medium,Foggy,Normal
S002,Ring Road,2026-05-15 06:50:00,129,28.5,Medium,Foggy,Normal
S008,New Boulevard,2026-05-15 06:55:00,137,35.9,Medium,Rainy,Normal
S001,Tirana Center,2026-05-15 07:00:00,243,30.8,Medium,Rainy,Normal
S005,Durres Road,2026-05-15 07:05:00,233,29.3,Medium,Cloudy,Normal
S004,Blloku,2026-05-15 07:10:00,239,21.5,High,Clear,Normal
S001,Tirana Center,2026-05-15 07:15:00,156,32.1,Medium,Cloudy,Normal
S007,Airport Road,2026-05-15 07:20:00,233,32.2,Medium,Cloudy,Normal
S005,Durres Road,2026-05-15 07:25:00,287,10.0,High,Cloudy,Heavy Traffic
S004,Blloku,2026-05-15 07:30:00,230,32.8,Medium,Foggy,Accident
S001,Tirana Center,2026-05-15 07:35:00,299,8,High,Foggy,Normal
S005,Durres Road,2026-05-15 07:40:00,208,42.6,Medium,Cloudy,Accident
S005,Durres Road,2026-05-15 07:45:00,241,33.1,Medium,Foggy,Normal
S002,Ring Road,2026-05-15 07:50:00,247,17.7,High,Foggy,Normal
S004,Blloku,2026-05-15 07:55:00,230,18.0,High,Cloudy,Normal
S004,Blloku,2026-05-15 08:00:00,275,13.7,High,Cloudy,Normal
S001,Tirana Center,2026-05-15 08:05:00,282,8,High,Foggy,Normal
S004,Blloku,2026-05-15 08:10:00,266,8,High,Clear,Normal
S002,Ring Road,2026-05-15 08:15:00,165,29.0,Medium,Cloudy,Normal
S003,Student City,2026-05-15 08:20:00,220,14.0,High,Rainy,Heavy Traffic
S001,Tirana Center,2026-05-15 08:25:00,194,27.5,Medium,Foggy,Normal
S007,Airport Road,2026-05-15 08:30:00,272,8,High,Clear,Normal
S008,New Boulevard,2026-05-15 08:35:00,257,16.0,High,Foggy,Normal
S001,Tirana Center,2026-05-15 08:40:00,235,36.9,Medium,Cloudy,Roadwork
S007,Airport Road,2026-05-15 08:45:00,249,9.8,High,Clear,Normal
S001,Tirana Center,2026-05-15 08:50:00,201,20.3,High,Clear,Normal
S007,Airport Road,2026-05-15 08:55:00,232,28.7,Medium,Cloudy,Normal
S005,Durres Road,2026-05-15 09:00:00,239,34.0,Medium,Cloudy,Normal
S004,Blloku,2026-05-15 09:05:00,160,36.5,Medium,Cloudy,Roadwork
S006,Zogu i Zi,2026-05-15 09:10:00,266,22.6,High,Foggy,Normal
S003,Student City,2026-05-15 09:15:00,215,21.7,High,Clear,Normal
S004,Blloku,2026-05-15 09:20:00,218,19.8,High,Rainy,Normal
S003,Student City,2026-05-15 09:25:00,221,17.0,High,Foggy,Heavy Traffic
S008,New Boulevard,2026-05-15 09:30:00,240,19.8,High,Cloudy,Normal
S007,Airport Road,2026-05-15 09:35:00,276,11.6,High,Foggy,Normal
S007,Airport Road,2026-05-15 09:40:00,263,8,High,Cloudy,Normal
S002,Ring Road,2026-05-15 09:45:00,271,27.3,High,Rainy,Normal
S002,Ring Road,2026-05-15 09:50:00,208,11.1,High,Rainy,Normal
S007,Airport Road,2026-05-15 09:55:00,261,14.3,High,Cloudy,Normal
S006,Zogu i Zi,2026-05-15 10:00:00,46,38.5,Low,Foggy,Normal
S006,Zogu i Zi,2026-05-15 10:05:00,165,35.2,Medium,Foggy,Normal
S001,Tirana Center,2026-05-15 10:10:00,124,31.8,Medium,Cloudy,Normal
S004,Blloku,2026-05-15 10:15:00,52,61.1,Low,Foggy,Normal
S005,Durres Road,2026-05-15 10:20:00,116,37.8,Medium,Foggy,Normal
S001,Tirana Center,2026-05-15 10:25:00,83,54.7,Low,Foggy,Normal
S003,Student City,2026-05-15 10:30:00,87,43.5,Low,Rainy,Normal
S003,Student City,2026-05-15 10:35:00,95,36.5,Medium,Rainy,Normal
S006,Zogu i Zi,2026-05-15 10:40:00,148,35.6,Medium,Clear,Roadwork
S007,Airport Road,2026-05-15 10:45:00,115,49.5,Low,Cloudy,Normal
S004,Blloku,2026-05-15 10:50:00,110,29.5,Medium,Rainy,Normal
S008,New Boulevard,2026-05-15 10:55:00,109,47.2,Low,Cloudy,Normal
S002,Ring Road,2026-05-15 11:00:00,85,35.1,Medium,Rainy,Normal
S004,Blloku,2026-05-15 11:05:00,166,26.0,Medium,Rainy,Normal
S003,Student City,2026-05-15 11:10:00,70,63.1,Low,Cloudy,Normal
S002,Ring Road,2026-05-15 11:15:00,67,49.5,Low,Foggy,Normal
S001,Tirana Center,2026-05-15 11:20:00,116,48.5,Low,Cloudy,Normal
S003,Student City,2026-05-15 11:25:00,68,37.5,Medium,Cloudy,Normal
S001,Tirana Center,2026-05-15 11:30:00,142,38.6,Low,Clear,Normal
S004,Blloku,2026-05-15 11:35:00,146,49.1,Low,Rainy,Normal
S004,Blloku,2026-05-15 11:40:00,89,45.3,Low,Cloudy,Normal
S004,Blloku,2026-05-15 11:45:00,40,35.0,Medium,Foggy,Normal
S002,Ring Road,2026-05-15 11:50:00,113,38.6,Low,Clear,Normal
S002,Ring Road,2026-05-15 11:55:00,132,30.7,Medium,Rainy,Normal
S004,Blloku,2026-05-15 12:00:00,73,44.3,Low,Foggy,Normal
S002,Ring Road,2026-05-15 12:05:00,24,53.8,Low,Foggy,Normal
S002,Ring Road,2026-05-15 12:10:00,116,52.1,Low,Clear,Normal
S008,New Boulevard,2026-05-15 12:15:00,110,42.0,Low,Clear,Normal
S007,Airport Road,2026-05-15 12:20:00,160,34.6,Medium,Foggy,Normal
S001,Tirana Center,2026-05-15 12:25:00,96,45.8,Low,Cloudy,Normal
S006,Zogu i Zi,2026-05-15 12:30:00,91,41.8,Low,Clear,Normal
S005,Durres Road,2026-05-15 12:35:00,141,40.3,Low,Rainy,Normal
S002,Ring Road,2026-05-15 12:40:00,87,48.5,Low,Cloudy,Normal
S008,New Boulevard,2026-05-15 12:45:00,81,42.7,Low,Clear,Normal
S006,Zogu i Zi,2026-05-15 12:50:00,81,34.9,Medium,Foggy,Normal
S001,Tirana Center,2026-05-15 12:55:00,119,23.3,Medium,Clear,Heavy Traffic
S006,Zogu i Zi,2026-05-15 13:00:00,125,19.3,High,Foggy,Normal
S008,New Boulevard,2026-05-15 13:05:00,64,46.1,Low,Clear,Normal
S004,Blloku,2026-05-15 13:10:00,77,35.2,Medium,Rainy,Normal
S004,Blloku,2026-05-15 13:15:00,118,42.1,Low,Foggy,Normal
S007,Airport Road,2026-05-15 13:20:00,70,51.9,Low,Clear,Normal
S006,Zogu i Zi,2026-05-15 13:25:00,199,33.7,Medium,Rainy,Normal
S006,Zogu i Zi,2026-05-15 13:30:00,199,22.2,Medium,Cloudy,Normal
S003,Student City,2026-05-15 13:35:00,144,23.8,Medium,Clear,Normal
S004,Blloku,2026-05-15 13:40:00,45,48.7,Low,Clear,Normal
S005,Durres Road,2026-05-15 13:45:00,110,43.5,Low,Rainy,Normal
S001,Tirana Center,2026-05-15 13:50:00,79,38.3,Low,Clear,Normal
S006,Zogu i Zi,2026-05-15 13:55:00,117,41.0,Low,Clear,Normal
S001,Tirana Center,2026-05-15 14:00:00,49,42.3,Low,Clear,Normal
S008,New Boulevard,2026-05-15 14:05:00,121,16.0,High,Rainy,Normal
S007,Airport Road,2026-05-15 14:10:00,160,24.5,Medium,Rainy,Normal
S008,New Boulevard,2026-05-15 14:15:00,175,29.3,Medium,Foggy,Normal
S003,Student City,2026-05-15 14:20:00,93,44.7,Low,Cloudy,Normal
S007,Airport Road,2026-05-15 14:25:00,86,50.0,Low,Cloudy,Normal
S005,Durres Road,2026-05-15 14:30:00,139,32.0,Medium,Clear,Normal
S004,Blloku,2026-05-15 14:35:00,115,41.4,Low,Rainy,Heavy Traffic
S007,Airport Road,2026-05-15 14:40:00,141,18.0,High,Foggy,Normal
S001,Tirana Center,2026-05-15 14:45:00,131,22.6,Medium,Rainy,Accident
S002,Ring Road,2026-05-15 14:50:00,123,30.4,Medium,Clear,Normal
S006,Zogu i Zi,2026-05-15 14:55:00,134,42.0,Low,Clear,Accident
S003,Student City,2026-05-15 15:00:00,115,36.5,Medium,Clear,Normal
S003,Student City,2026-05-15 15:05:00,113,43.7,Low,Cloudy,Normal
S005,Durres Road,2026-05-15 15:10:00,44,48.7,Low,Clear,Heavy Traffic
S001,Tirana Center,2026-05-15 15:15:00,124,41.0,Low,Cloudy,Normal
S001,Tirana Center,2026-05-15 15:20:00,74,62.1,Low,Foggy,Accident
S001,Tirana Center,2026-05-15 15:25:00,211,34.5,Medium,Clear,Heavy Traffic
S002,Ring Road,2026-05-15 15:30:00,101,52.2,Low,Rainy,Normal
S003,Student City,2026-05-15 15:35:00,102,40.5,Low,Cloudy,Normal
S004,Blloku,2026-05-15 15:40:00,95,49.3,Low,Cloudy,Roadwork
S002,Ring Road,2026-05-15 15:45:00,101,51.8,Low,Cloudy,Normal
S004,Blloku,2026-05-15 15:50:00,40,56.6,Low,Rainy,Normal
S003,Student City,2026-05-15 15:55:00,130,45.4,Low,Clear,Normal
S007,Airport Road,2026-05-15 16:00:00,210,23.5,Medium,Foggy,Normal
S008,New Boulevard,2026-05-15 16:05:00,221,9.6,High,Cloudy,Normal
S007,Airport Road,2026-05-15 16:10:00,187,13.3,High,Rainy,Normal
S001,Tirana Center,2026-05-15 16:15:00,170,26.5,Medium,Clear,Heavy Traffic
S002,Ring Road,2026-05-15 16:20:00,203,12.3,High,Rainy,Normal
S008,New Boulevard,2026-05-15 16:25:00,225,14.3,High,Foggy,Roadwork
S006,Zogu i Zi,2026-05-15 16:30:00,244,10.8,High,Rainy,Normal
S006,Zogu i Zi,2026-05-15 16:35:00,217,13.7,High,Cloudy,Normal
S007,Airport Road,2026-05-15 16:40:00,215,8.9,High,Clear,Normal
S002,Ring Road,2026-05-15 16:45:00,232,17.6,High,Cloudy,Normal
S008,New Boulevard,2026-05-15 16:50:00,237,18.5,High,Rainy,Normal
S007,Airport Road,2026-05-15 16:55:00,244,18.5,High,Clear,Normal
S006,Zogu i Zi,2026-05-15 17:00:00,229,25.6,Medium,Clear,Normal
S004,Blloku,2026-05-15 17:05:00,237,8.2,High,Foggy,Normal
S001,Tirana Center,2026-05-15 17:10:00,292,11.0,High,Cloudy,Normal
S001,Tirana Center,2026-05-15 17:15:00,195,25.7,Medium,Foggy,Normal
S002,Ring Road,2026-05-15 17:20:00,208,29.2,Medium,Cloudy,Normal
S001,Tirana Center,2026-05-15 17:25:00,165,18.2,High,Foggy,Normal
S001,Tirana Center,2026-05-15 17:30:00,257,14.9,High,Rainy,Normal
S006,Zogu i Zi,2026-05-15 17:35:00,222,12.8,High,Rainy,Normal
S004,Blloku,2026-05-15 17:40:00,233,16.1,High,Cloudy,Normal
S005,Durres Road,2026-05-15 17:45:00,233,22.1,Medium,Cloudy,Normal
S007,Airport Road,2026-05-15 17:50:00,228,12.6,High,Cloudy,Normal
S007,Airport Road,2026-05-15 17:55:00,212,28.0,Medium,Cloudy,Normal
S005,Durres Road,2026-05-15 18:00:00,222,30.1,Medium,Clear,Accident
S004,Blloku,2026-05-15 18:05:00,206,22.4,Medium,Cloudy,Normal
S001,Tirana Center,2026-05-15 18:10:00,239,25.5,Medium,Clear,Normal
S006,Zogu i Zi,2026-05-15 18:15:00,184,29.3,Medium,Clear,Normal
S007,Airport Road,2026-05-15 18:20:00,253,10.4,High,Foggy,Normal
S001,Tirana Center,2026-05-15 18:25:00,242,19.7,High,Foggy,Normal
S001,Tirana Center,2026-05-15 18:30:00,252,8.1,High,Foggy,Normal
S003,Student City,2026-05-15 18:35:00,238,25.4,Medium,Rainy,Normal
S005,Durres Road,2026-05-15 18:40:00,200,21.3,High,Clear,Normal
S007,Airport Road,2026-05-15 18:45:00,261,8,High,Rainy,Accident
S006,Zogu i Zi,2026-05-15 18:50:00,245,22.3,Medium,Rainy,Normal
S004,Blloku,2026-05-15 18:55:00,199,35.2,Medium,Cloudy,Normal
S008,New Boulevard,2026-05-15 19:00:00,60,50.0,Low,Cloudy,Normal
S004,Blloku,2026-05-15 19:05:00,68,60.4,Low,Foggy,Accident
S003,Student City,2026-05-15 19:10:00,97,27.3,Medium,Foggy,Normal
S007,Airport Road,2026-05-15 19:15:00,95,31.2,Medium,Cloudy,Normal
S005,Durres Road,2026-05-15 19:20:00,119,24.7,Medium,Foggy,Normal
S005,Durres Road,2026-05-15 19:25:00,62,47.3,Low,Cloudy,Normal
S007,Airport Road,2026-05-15 19:30:00,130,40.5,Low,Cloudy,Normal
S003,Student City,2026-05-15 19:35:00,88,52.1,Low,Clear,Heavy Traffic
S008,New Boulevard,2026-05-15 19:40:00,96,46.4,Low,Foggy,Normal
S006,Zogu i Zi,2026-05-15 19:45:00,76,32.5,Medium,Foggy,Normal
S006,Zogu i Zi,2026-05-15 19:50:00,54,33.8,Medium,Cloudy,Normal
S006,Zogu i Zi,2026-05-15 19:55:00,142,31.9,Medium,Cloudy,Normal
S007,Airport Road,2026-05-15 20:00:00,67,45.1,Low,Foggy,Normal
S006,Zogu i Zi,2026-05-15 20:05:00,110,32.5,Medium,Rainy,Normal
S005,Durres Road,2026-05-15 20:10:00,125,24.4,Medium,Rainy,Normal
S001,Tirana Center,2026-05-15 20:15:00,78,44.2,Low,Clear,Normal
S005,Durres Road,2026-05-15 20:20:00,23,46.5,Low,Clear,Heavy Traffic
S008,New Boulevard,2026-05-15 20:25:00,123,37.4,Medium,Cloudy,Normal
S001,Tirana Center,2026-05-15 20:30:00,113,35.1,Medium,Cloudy,Normal
S007,Airport Road,2026-05-15 20:35:00,120,51.5,Low,Clear,Normal
S007,Airport Road,2026-05-15 20:40:00,75,52.9,Low,Foggy,Normal
S005,Durres Road,2026-05-15 20:45:00,103,27.9,Medium,Clear,Accident
S004,Blloku,2026-05-15 20:50:00,140,42.0,Low,Cloudy,Heavy Traffic
S007,Airport Road,2026-05-15 20:55:00,90,38.7,Low,Rainy,Normal
S003,Student City,2026-05-15 21:00:00,125,36.9,Medium,Clear,Normal
S008,New Boulevard,2026-05-15 21:05:00,107,25.5,Medium,Clear,Normal
S001,Tirana Center,2026-05-15 21:10:00,49,52.3,Low,Clear,Normal
S008,New Boulevard,2026-05-15 21:15:00,86,43.4,Low,Clear,Normal
S005,Durres Road,2026-05-15 21:20:00,133,36.3,Medium,Rainy,Normal
S003,Student City,2026-05-15 21:25:00,120,44.7,Low,Foggy,Normal
S007,Airport Road,2026-05-15 21:30:00,48,50.3,Low,Foggy,Normal
S001,Tirana Center,2026-05-15 21:35:00,116,50.4,Low,Rainy,Normal
S008,New Boulevard,2026-05-15 21:40:00,142,24.3,Medium,Foggy,Normal
S006,Zogu i Zi,2026-05-15 21:45:00,75,50.4,Low,Foggy,Normal
S004,Blloku,2026-05-15 21:50:00,94,23.7,Medium,Clear,Normal
S004,Blloku,2026-05-15 21:55:00,72,43.1,Low,Foggy,Normal
S008,New Boulevard,2026-05-15 22:00:00,59,47.4,Low,Rainy,Normal
S001,Tirana Center,2026-05-15 22:05:00,154,35.3,Medium,Foggy,Normal
S001,Tirana Center,2026-05-15 22:10:00,121,31.3,Medium,Clear,Heavy Traffic
S005,Durres Road,2026-05-15 22:15:00,112,30.9,Medium,Clear,Normal
S008,New Boulevard,2026-05-15 22:20:00,80,46.0,Low,Clear,Normal
S008,New Boulevard,2026-05-15 22:25:00,126,30.4,Medium,Rainy,Normal
S006,Zogu i Zi,2026-05-15 22:30:00,38,66.7,Low,Foggy,Normal
S007,Airport Road,2026-05-15 22:35:00,142,30.3,Medium,Clear,Normal
S002,Ring Road,2026-05-15 22:40:00,143,30.2,Medium,Clear,Heavy Traffic
S006,Zogu i Zi,2026-05-15 22:45:00,89,42.0,Low,Cloudy,Normal
S002,Ring Road,2026-05-15 22:50:00,76,36.3,Medium,Foggy,Normal
S002,Ring Road,2026-05-15 22:55:00,119,40.7,Low,Foggy,Normal
S001,Tirana Center,2026-05-15 23:00:00,103,38.7,Low,Clear,Normal
S002,Ring Road,2026-05-15 23:05:00,137,48.2,Low,Clear,Roadwork
S003,Student City,2026-05-15 23:10:00,125,46.2,Low,Cloudy,Heavy Traffic
S006,Zogu i Zi,2026-05-15 23:15:00,122,28.9,Medium,Foggy,Normal
S007,Airport Road,2026-05-15 23:20:00,99,42.6,Low,Cloudy,Normal
S007,Airport Road,2026-05-15 23:25:00,117,50.8,Low,Clear,Normal
S006,Zogu i Zi,2026-05-15 23:30:00,150,35.7,Medium,Rainy,Normal
S004,Blloku,2026-05-15 23:35:00,39,48.2,Low,Rainy,Normal
S005,Durres Road,2026-05-15 23:40:00,106,47.1,Low,Cloudy,Normal
S008,New Boulevard,2026-05-15 23:45:00,113,39.6,Low,Rainy,Normal
S005,Durres Road,2026-05-15 23:50:00,125,36.4,Medium,Rainy,Heavy Traffic
S003,Student City,2026-05-15 23:55:00,105,45.8,Low,Rainy,Normal
S003,Student City,2026-05-16 00:00:00,128,29.8,Medium,Cloudy,Normal
S003,Student City,2026-05-16 00:05:00,78,32.0,Medium,Cloudy,Roadwork
S007,Airport Road,2026-05-16 00:10:00,149,17.9,High,Clear,Normal
S002,Ring Road,2026-05-16 00:15:00,121,43.1,Low,Rainy,Normal
S001,Tirana Center,2026-05-16 00:20:00,128,25.6,Medium,Clear,Normal
S006,Zogu i Zi,2026-05-16 00:25:00,111,32.8,Medium,Foggy,Normal
S006,Zogu i Zi,2026-05-16 00:30:00,58,41.6,Low,Clear,Heavy Traffic
S002,Ring Road,2026-05-16 00:35:00,88,49.2,Low,Foggy,Normal
S001,Tirana Center,2026-05-16 00:40:00,105,37.8,Medium,Foggy,Normal
S004,Blloku,2026-05-16 00:45:00,133,32.6,Medium,Cloudy,Normal
S003,Student City,2026-05-16 00:50:00,180,39.1,Medium,Foggy,Normal
S001,Tirana Center,2026-05-16 00:55:00,128,33.6,Medium,Cloudy,Normal
S001,Tirana Center,2026-05-16 01:00:00,67,44.7,Low,Foggy,Normal
S008,New Boulevard,2026-05-16 01:05:00,98,47.4,Low,Clear,Normal
S001,Tirana Center,2026-05-16 01:10:00,105,64.0,Low,Clear,Normal
S004,Blloku,2026-05-16 01:15:00,103,40.5,Low,Cloudy,Normal
S003,Student City,2026-05-16 01:20:00,101,23.4,Medium,Rainy,Normal
S001,Tirana Center,2026-05-16 01:25:00,72,45.4,Low,Clear,Normal
S003,Student City,2026-05-16 01:30:00,84,43.1,Low,Clear,Normal
S002,Ring Road,2026-05-16 01:35:00,102,41.1,Low,Foggy,Normal
S003,Student City,2026-05-16 01:40:00,144,28.9,Medium,Rainy,Heavy Traffic
S005,Durres Road,2026-05-16 01:45:00,104,43.3,Low,Foggy,Normal
S005,Durres Road,2026-05-16 01:50:00,73,46.0,Low,Foggy,Normal
S006,Zogu i Zi,2026-05-16 01:55:00,81,37.6,Medium,Cloudy,Normal
S002,Ring Road,2026-05-16 02:00:00,106,27.2,Medium,Cloudy,Normal
S002,Ring Road,2026-05-16 02:05:00,80,30.3,Medium,Foggy,Normal
S004,Blloku,2026-05-16 02:10:00,46,43.1,Low,Cloudy,Heavy Traffic
S002,Ring Road,2026-05-16 02:15:00,78,46.1,Low,Clear,Normal
S004,Blloku,2026-05-16 02:20:00,123,26.5,Medium,Foggy,Normal
S004,Blloku,2026-05-16 02:25:00,85,25.8,Medium,Cloudy,Normal
S004,Blloku,2026-05-16 02:30:00,124,35.4,Medium,Foggy,Normal
S008,New Boulevard,2026-05-16 02:35:00,149,39.7,Low,Clear,Normal
S004,Blloku,2026-05-16 02:40:00,82,50.3,Low,Foggy,Normal
S007,Airport Road,2026-05-16 02:45:00,186,26.2,Medium,Rainy,Normal
S002,Ring Road,2026-05-16 02:50:00,83,50.0,Low,Cloudy,Normal
S007,Airport Road,2026-05-16 02:55:00,144,21.6,High,Cloudy,Normal
S007,Airport Road,2026-05-16 03:00:00,187,31.6,Medium,Cloudy,Normal
S002,Ring Road,2026-05-16 03:05:00,172,16.9,High,Cloudy,Normal
S002,Ring Road,2026-05-16 03:10:00,20,51.9,Low,Foggy,Normal
S008,New Boulevard,2026-05-16 03:15:00,136,51.8,Low,Rainy,Normal
S003,Student City,2026-05-16 03:20:00,93,52.4,Low,Clear,Normal
S002,Ring Road,2026-05-16 03:25:00,80,48.5,Low,Rainy,Normal
S007,Airport Road,2026-05-16 03:30:00,47,62.5,Low,Cloudy,Normal
S005,Durres Road,2026-05-16 03:35:00,131,29.4,Medium,Rainy,Normal
S001,Tirana Center,2026-05-16 03:40:00,132,42.1,Low,Clear,Normal
S007,Airport Road,2026-05-16 03:45:00,106,38.3,Low,Clear,Normal
S002,Ring Road,2026-05-16 03:50:00,73,51.6,Low,Cloudy,Normal
S005,Durres Road,2026-05-16 03:55:00,135,34.2,Medium,Foggy,Normal
S007,Airport Road,2026-05-16 04:00:00,157,28.6,Medium,Clear,Normal
S003,Student City,2026-05-16 04:05:00,103,48.3,Low,Rainy,Normal
S003,Student City,2026-05-16 04:10:00,99,41.2,Low,Foggy,Normal
S001,Tirana Center,2026-05-16 04:15:00,44,55.1,Low,Cloudy,Roadwork
S006,Zogu i Zi,2026-05-16 04:20:00,58,32.4,Medium,Clear,Normal
S007,Airport Road,2026-05-16 04:25:00,70,41.5,Low,Foggy,Normal
S004,Blloku,2026-05-16 04:30:00,116,35.2,Medium,Clear,Normal
S001,Tirana Center,2026-05-16 04:35:00,101,44.0,Low,Foggy,Roadwork
S007,Airport Road,2026-05-16 04:40:00,203,31.6,Medium,Rainy,Normal
S001,Tirana Center,2026-05-16 04:45:00,98,31.8,Medium,Foggy,Normal
S002,Ring Road,2026-05-16 04:50:00,117,44.5,Low,Foggy,Normal
S002,Ring Road,2026-05-16 04:55:00,56,53.6,Low,Rainy,Normal
S005,Durres Road,2026-05-16 05:00:00,155,36.8,Medium,Clear,Normal
S001,Tirana Center,2026-05-16 05:05:00,104,40.6,Low,Foggy,Normal
S003,Student City,2026-05-16 05:10:00,99,44.0,Low,Clear,Normal
S008,New Boulevard,2026-05-16 05:15:00,134,37.5,Medium,Rainy,Normal
S007,Airport Road,2026-05-16 05:20:00,132,27.3,Medium,Rainy,Normal
S008,New Boulevard,2026-05-16 05:25:00,119,29.7,Medium,Rainy,Normal
S003,Student City,2026-05-16 05:30:00,78,50.4,Low,Clear,Normal
S002,Ring Road,2026-05-16 05:35:00,35,44.6,Low,Rainy,Normal
S007,Airport Road,2026-05-16 05:40:00,100,44.1,Low,Rainy,Normal
S005,Durres Road,2026-05-16 05:45:00,73,30.3,Medium,Clear,Heavy Traffic
S003,Student City,2026-05-16 05:50:00,109,56.3,Low,Clear,Normal
S005,Durres Road,2026-05-16 05:55:00,99,51.3,Low,Cloudy,Normal
S004,Blloku,2026-05-16 06:00:00,152,47.2,Medium,Cloudy,Normal
S004,Blloku,2026-05-16 06:05:00,165,9.6,High,Rainy,Roadwork
S005,Durres Road,2026-05-16 06:10:00,112,28.4,Medium,Clear,Normal
S008,New Boulevard,2026-05-16 06:15:00,97,53.7,Low,Cloudy,Heavy Traffic
S008,New Boulevard,2026-05-16 06:20:00,89,45.7,Low,Cloudy,Normal
S006,Zogu i Zi,2026-05-16 06:25:00,149,26.5,Medium,Rainy,Normal
S007,Airport Road,2026-05-16 06:30:00,81,35.6,Medium,Clear,Normal
S005,Durres Road,2026-05-16 06:35:00,78,46.9,Low,Rainy,Normal
S007,Airport Road,2026-05-16 06:40:00,69,47.1,Low,Rainy,Normal
S007,Airport Road,2026-05-16 06:45:00,125,36.8,Medium,Foggy,Normal
S008,New Boulevard,2026-05-16 06:50:00,58,59.1,Low,Foggy,Normal
S005,Durres Road,2026-05-16 06:55:00,56,45.2,Low,Clear,Accident
S006,Zogu i Zi,2026-05-16 07:00:00,200,39.1,Medium,Rainy,Accident
S001,Tirana Center,2026-05-16 07:05:00,232,13.0,High,Foggy,Normal
S008,New Boulevard,2026-05-16 07:10:00,199,12.9,High,Cloudy,Normal
S003,Student City,2026-05-16 07:15:00,158,30.1,Medium,Cloudy,Normal
S003,Student City,2026-05-16 07:20:00,222,24.7,Medium,Foggy,Normal
S005,Durres Road,2026-05-16 07:25:00,181,18.8,High,Foggy,Normal
S002,Ring Road,2026-05-16 07:30:00,243,9.4,High,Rainy,Normal
S002,Ring Road,2026-05-16 07:35:00,233,28.9,Medium,Rainy,Normal
S001,Tirana Center,2026-05-16 07:40:00,214,19.3,High,Foggy,Heavy Traffic
S008,New Boulevard,2026-05-16 07:45:00,199,15.9,High,Clear,Normal
S003,Student City,2026-05-16 07:50:00,221,10.7,High,Clear,Normal
S002,Ring Road,2026-05-16 07:55:00,160,39.5,Medium,Rainy,Normal
S001,Tirana Center,2026-05-16 08:00:00,224,21.8,High,Cloudy,Normal
S007,Airport Road,2026-05-16 08:05:00,183,30.7,Medium,Foggy,Normal
S005,Durres Road,2026-05-16 08:10:00,169,29.9,Medium,Clear,Normal
S002,Ring Road,2026-05-16 08:15:00,162,20.5,High,Clear,Normal
S007,Airport Road,2026-05-16 08:20:00,259,24.7,High,Cloudy,Normal
S006,Zogu i Zi,2026-05-16 08:25:00,225,12.6,High,Foggy,Normal
S001,Tirana Center,2026-05-16 08:30:00,179,23.8,Medium,Cloudy,Normal
S008,New Boulevard,2026-05-16 08:35:00,267,19.6,High,Clear,Normal
S004,Blloku,2026-05-16 08:40:00,167,24.2,Medium,Foggy,Normal
S001,Tirana Center,2026-05-16 08:45:00,286,8,High,Foggy,Normal
S002,Ring Road,2026-05-16 08:50:00,243,17.5,High,Clear,Heavy Traffic
S008,New Boulevard,2026-05-16 08:55:00,216,8.3,High,Rainy,Normal
S002,Ring Road,2026-05-16 09:00:00,219,9.0,High,Foggy,Normal
S007,Airport Road,2026-05-16 09:05:00,207,26.9,Medium,Clear,Normal
S001,Tirana Center,2026-05-16 09:10:00,271,8,High,Cloudy,Heavy Traffic
S002,Ring Road,2026-05-16 09:15:00,196,31.0,Medium,Clear,Heavy Traffic
S003,Student City,2026-05-16 09:20:00,142,38.0,Medium,Clear,Heavy Traffic
S008,New Boulevard,2026-05-16 09:25:00,270,31.0,High,Rainy,Normal
S002,Ring Road,2026-05-16 09:30:00,163,30.3,Medium,Clear,Heavy Traffic
S004,Blloku,2026-05-16 09:35:00,257,26.3,High,Clear,Roadwork
S007,Airport Road,2026-05-16 09:40:00,280,10.5,High,Cloudy,Normal
S005,Durres Road,2026-05-16 09:45:00,226,12.8,High,Clear,Normal
S004,Blloku,2026-05-16 09:50:00,250,8,High,Rainy,Roadwork
S002,Ring Road,2026-05-16 09:55:00,260,18.2,High,Rainy,Heavy Traffic
S004,Blloku,2026-05-16 10:00:00,109,36.1,Medium,Rainy,Normal
S008,New Boulevard,2026-05-16 10:05:00,74,47.7,Low,Clear,Normal
S006,Zogu i Zi,2026-05-16 10:10:00,157,43.5,Medium,Clear,Normal
S003,Student City,2026-05-16 10:15:00,78,45.1,Low,Rainy,Heavy Traffic
S003,Student City,2026-05-16 10:20:00,113,38.9,Low,Foggy,Normal
S001,Tirana Center,2026-05-16 10:25:00,89,41.2,Low,Rainy,Normal
S001,Tirana Center,2026-05-16 10:30:00,101,41.1,Low,Rainy,Normal
S005,Durres Road,2026-05-16 10:35:00,101,15.3,High,Cloudy,Normal
S003,Student City,2026-05-16 10:40:00,74,56.0,Low,Clear,Normal
S008,New Boulevard,2026-05-16 10:45:00,126,24.5,Medium,Rainy,Heavy Traffic
S003,Student City,2026-05-16 10:50:00,90,40.1,Low,Foggy,Normal
S003,Student City,2026-05-16 10:55:00,85,39.0,Low,Rainy,Normal
S006,Zogu i Zi,2026-05-16 11:00:00,160,31.8,Medium,Rainy,Normal
S006,Zogu i Zi,2026-05-16 11:05:00,149,36.9,Medium,Rainy,Normal
S001,Tirana Center,2026-05-16 11:10:00,65,45.5,Low,Rainy,Normal
S007,Airport Road,2026-05-16 11:15:00,70,61.5,Low,Clear,Normal
S006,Zogu i Zi,2026-05-16 11:20:00,93,36.8,Medium,Clear,Heavy Traffic
S006,Zogu i Zi,2026-05-16 11:25:00,133,26.8,Medium,Cloudy,Normal
S008,New Boulevard,2026-05-16 11:30:00,150,23.4,Medium,Rainy,Heavy Traffic
S001,Tirana Center,2026-05-16 11:35:00,140,33.1,Medium,Rainy,Normal
S003,Student City,2026-05-16 11:40:00,93,47.3,Low,Cloudy,Normal
S007,Airport Road,2026-05-16 11:45:00,84,39.3,Low,Clear,Accident
S002,Ring Road,2026-05-16 11:50:00,38,46.7,Low,Rainy,Normal
S006,Zogu i Zi,2026-05-16 11:55:00,76,46.9,Low,Clear,Normal
S002,Ring Road,2026-05-16 12:00:00,86,42.7,Low,Rainy,Normal
S002,Ring Road,2026-05-16 12:05:00,144,23.3,Medium,Cloudy,Normal
S008,New Boulevard,2026-05-16 12:10:00,76,54.4,Low,Clear,Normal
S007,Airport Road,2026-05-16 12:15:00,57,38.8,Low,Foggy,Roadwork
S006,Zogu i Zi,2026-05-16 12:20:00,59,35.2,Medium,Foggy,Normal
S002,Ring Road,2026-05-16 12:25:00,79,38.4,Low,Rainy,Normal
S005,Durres Road,2026-05-16 12:30:00,76,51.8,Low,Clear,Normal
S002,Ring Road,2026-05-16 12:35:00,61,48.1,Low,Foggy,Normal
S008,New Boulevard,2026-05-16 12:40:00,42,61.9,Low,Rainy,Normal
S002,Ring Road,2026-05-16 12:45:00,120,35.5,Medium,Clear,Normal
S007,Airport Road,2026-05-16 12:50:00,83,37.3,Medium,Cloudy,Normal
S004,Blloku,2026-05-16 12:55:00,151,24.5,Medium,Clear,Normal
S003,Student City,2026-05-16 13:00:00,62,41.7,Low,Foggy,Normal
S007,Airport Road,2026-05-16 13:05:00,84,56.8,Low,Cloudy,Normal
S007,Airport Road,2026-05-16 13:10:00,154,19.1,High,Rainy,Accident
S001,Tirana Center,2026-05-16 13:15:00,112,32.4,Medium,Cloudy,Normal
S004,Blloku,2026-05-16 13:20:00,58,48.3,Low,Rainy,Heavy Traffic
S007,Airport Road,2026-05-16 13:25:00,97,62.5,Low,Foggy,Normal
S004,Blloku,2026-05-16 13:30:00,117,45.4,Low,Clear,Normal
S005,Durres Road,2026-05-16 13:35:00,106,26.4,Medium,Cloudy,Normal
S007,Airport Road,2026-05-16 13:40:00,55,59.8,Low,Foggy,Normal
S006,Zogu i Zi,2026-05-16 13:45:00,179,30.2,Medium,Rainy,Normal
S007,Airport Road,2026-05-16 13:50:00,66,49.6,Low,Cloudy,Normal
S002,Ring Road,2026-05-16 13:55:00,68,45.6,Low,Foggy,Normal
S008,New Boulevard,2026-05-16 14:00:00,148,20.3,High,Clear,Normal
S005,Durres Road,2026-05-16 14:05:00,158,38.8,Medium,Cloudy,Normal
S002,Ring Road,2026-05-16 14:10:00,75,52.7,Low,Cloudy,Roadwork
S008,New Boulevard,2026-05-16 14:15:00,111,36.9,Medium,Rainy,Normal
S003,Student City,2026-05-16 14:20:00,148,20.6,High,Foggy,Normal
S004,Blloku,2026-05-16 14:25:00,72,39.6,Low,Foggy,Normal
S007,Airport Road,2026-05-16 14:30:00,183,17.6,High,Cloudy,Normal
S007,Airport Road,2026-05-16 14:35:00,170,28.0,Medium,Clear,Normal
S004,Blloku,2026-05-16 14:40:00,127,33.5,Medium,Clear,Normal
S003,Student City,2026-05-16 14:45:00,141,21.0,High,Foggy,Normal
S001,Tirana Center,2026-05-16 14:50:00,125,32.0,Medium,Foggy,Normal
S005,Durres Road,2026-05-16 14:55:00,127,40.1,Low,Rainy,Normal
S002,Ring Road,2026-05-16 15:00:00,92,45.6,Low,Rainy,Normal
S007,Airport Road,2026-05-16 15:05:00,60,57.2,Low,Cloudy,Accident
S006,Zogu i Zi,2026-05-16 15:10:00,90,35.8,Medium,Rainy,Normal
S007,Airport Road,2026-05-16 15:15:00,91,51.6,Low,Rainy,Normal
S001,Tirana Center,2026-05-16 15:20:00,38,54.4,Low,Foggy,Normal
S003,Student City,2026-05-16 15:25:00,33,52.7,Low,Clear,Normal
S008,New Boulevard,2026-05-16 15:30:00,88,35.4,Medium,Foggy,Normal
S001,Tirana Center,2026-05-16 15:35:00,90,50.3,Low,Clear,Normal
S004,Blloku,2026-05-16 15:40:00,127,39.3,Low,Foggy,Normal
S005,Durres Road,2026-05-16 15:45:00,97,47.5,Low,Clear,Normal
S006,Zogu i Zi,2026-05-16 15:50:00,86,50.2,Low,Foggy,Normal
S004,Blloku,2026-05-16 15:55:00,125,32.7,Medium,Rainy,Normal
S008,New Boulevard,2026-05-16 16:00:00,259,8,High,Clear,Normal
S005,Durres Road,2026-05-16 16:05:00,221,26.3,Medium,Cloudy,Normal
S005,Durres Road,2026-05-16 16:10:00,204,29.0,Medium,Foggy,Normal
S003,Student City,2026-05-16 16:15:00,185,37.3,Medium,Cloudy,Normal
S001,Tirana Center,2026-05-16 16:20:00,227,16.7,High,Rainy,Normal
S008,New Boulevard,2026-05-16 16:25:00,196,26.1,Medium,Cloudy,Normal
S008,New Boulevard,2026-05-16 16:30:00,256,20.6,High,Cloudy,Normal
S008,New Boulevard,2026-05-16 16:35:00,189,13.2,High,Clear,Normal
S004,Blloku,2026-05-16 16:40:00,173,43.2,Medium,Rainy,Normal
S007,Airport Road,2026-05-16 16:45:00,203,21.1,High,Cloudy,Roadwork
S002,Ring Road,2026-05-16 16:50:00,256,9.6,High,Cloudy,Normal
S007,Airport Road,2026-05-16 16:55:00,249,9.4,High,Cloudy,Normal
S005,Durres Road,2026-05-16 17:00:00,233,25.2,Medium,Cloudy,Heavy Traffic
S003,Student City,2026-05-16 17:05:00,148,55.7,Low,Rainy,Normal
S006,Zogu i Zi,2026-05-16 17:10:00,193,11.4,High,Cloudy,Normal
S007,Airport Road,2026-05-16 17:15:00,231,30.3,Medium,Cloudy,Normal
S001,Tirana Center,2026-05-16 17:20:00,221,8,High,Clear,Normal
S005,Durres Road,2026-05-16 17:25:00,161,32.9,Medium,Cloudy,Normal
S002,Ring Road,2026-05-16 17:30:00,226,29.4,Medium,Cloudy,Normal
S007,Airport Road,2026-05-16 17:35:00,178,18.4,High,Clear,Normal
S008,New Boulevard,2026-05-16 17:40:00,185,44.3,Medium,Cloudy,Normal
S001,Tirana Center,2026-05-16 17:45:00,244,9.0,High,Clear,Normal
S008,New Boulevard,2026-05-16 17:50:00,230,26.5,Medium,Foggy,Normal
S002,Ring Road,2026-05-16 17:55:00,227,20.5,High,Foggy,Normal
S003,Student City,2026-05-16 18:00:00,285,16.9,High,Foggy,Normal
S006,Zogu i Zi,2026-05-16 18:05:00,200,22.1,Medium,Rainy,Normal
S008,New Boulevard,2026-05-16 18:10:00,219,39.2,Medium,Rainy,Normal
S006,Zogu i Zi,2026-05-16 18:15:00,221,37.4,Medium,Clear,Normal
S007,Airport Road,2026-05-16 18:20:00,243,14.7,High,Cloudy,Normal
S006,Zogu i Zi,2026-05-16 18:25:00,180,20.9,High,Clear,Normal
S006,Zogu i Zi,2026-05-16 18:30:00,213,16.4,High,Foggy,Normal
S003,Student City,2026-05-16 18:35:00,211,26.7,Medium,Foggy,Heavy Traffic
S003,Student City,2026-05-16 18:40:00,215,22.1,Medium,Cloudy,Normal
S004,Blloku,2026-05-16 18:45:00,190,8.4,High,Cloudy,Normal
S001,Tirana Center,2026-05-16 18:50:00,196,29.1,Medium,Clear,Normal
S003,Student City,2026-05-16 18:55:00,175,14.4,High,Foggy,Normal
S005,Durres Road,2026-05-16 19:00:00,105,51.3,Low,Cloudy,Normal
S008,New Boulevard,2026-05-16 19:05:00,84,42.0,Low,Clear,Normal
S002,Ring Road,2026-05-16 19:10:00,165,22.9,Medium,Foggy,Heavy Traffic
S008,New Boulevard,2026-05-16 19:15:00,110,48.3,Low,Rainy,Normal
S005,Durres Road,2026-05-16 19:20:00,58,38.6,Low,Cloudy,Normal
S004,Blloku,2026-05-16 19:25:00,84,56.1,Low,Cloudy,Normal
S008,New Boulevard,2026-05-16 19:30:00,110,50.9,Low,Rainy,Normal
S003,Student City,2026-05-16 19:35:00,91,34.8,Medium,Rainy,Accident
S006,Zogu i Zi,2026-05-16 19:40:00,188,32.5,Medium,Foggy,Normal
S001,Tirana Center,2026-05-16 19:45:00,132,40.9,Low,Cloudy,Normal
S006,Zogu i Zi,2026-05-16 19:50:00,96,36.1,Medium,Cloudy,Normal
S003,Student City,2026-05-16 19:55:00,140,41.9,Low,Clear,Heavy Traffic
S007,Airport Road,2026-05-16 20:00:00,92,33.7,Medium,Cloudy,Normal
S004,Blloku,2026-05-16 20:05:00,61,41.2,Low,Foggy,Normal
S001,Tirana Center,2026-05-16 20:10:00,139,23.4,Medium,Clear,Normal
S007,Airport Road,2026-05-16 20:15:00,63,31.8,Medium,Cloudy,Normal
S001,Tirana Center,2026-05-16 20:20:00,86,70.1,Low,Clear,Heavy Traffic
S008,New Boulevard,2026-05-16 20:25:00,62,54.0,Low,Cloudy,Normal
S005,Durres Road,2026-05-16 20:30:00,70,40.2,Low,Rainy,Normal
S001,Tirana Center,2026-05-16 20:35:00,140,43.0,Low,Foggy,Normal
S005,Durres Road,2026-05-16 20:40:00,28,68.5,Low,Rainy,Normal
S001,Tirana Center,2026-05-16 20:45:00,58,49.2,Low,Foggy,Normal
S005,Durres Road,2026-05-16 20:50:00,77,51.3,Low,Clear,Normal
S001,Tirana Center,2026-05-16 20:55:00,137,34.5,Medium,Clear,Normal
S001,Tirana Center,2026-05-16 21:00:00,101,44.4,Low,Cloudy,Normal
S001,Tirana Center,2026-05-16 21:05:00,72,40.5,Low,Foggy,Accident
S002,Ring Road,2026-05-16 21:10:00,119,51.5,Low,Cloudy,Normal
S006,Zogu i Zi,2026-05-16 21:15:00,102,43.8,Low,Cloudy,Normal
S004,Blloku,2026-05-16 21:20:00,37,39.4,Low,Foggy,Normal
S006,Zogu i Zi,2026-05-16 21:25:00,106,57.5,Low,Clear,Normal
S001,Tirana Center,2026-05-16 21:30:00,20,62.7,Low,Foggy,Normal
S007,Airport Road,2026-05-16 21:35:00,127,38.3,Low,Cloudy,Normal
S001,Tirana Center,2026-05-16 21:40:00,124,43.1,Low,Rainy,Heavy Traffic
S002,Ring Road,2026-05-16 21:45:00,160,32.5,Medium,Foggy,Normal
S004,Blloku,2026-05-16 21:50:00,97,39.4,Low,Foggy,Normal
S004,Blloku,2026-05-16 21:55:00,109,37.7,Medium,Cloudy,Normal
S004,Blloku,2026-05-16 22:00:00,95,53.5,Low,Cloudy,Heavy Traffic
S008,New Boulevard,2026-05-16 22:05:00,166,13.6,High,Clear,Normal
S007,Airport Road,2026-05-16 22:10:00,132,35.4,Medium,Rainy,Normal
S003,Student City,2026-05-16 22:15:00,150,29.0,Medium,Cloudy,Normal
S005,Durres Road,2026-05-16 22:20:00,105,36.0,Medium,Clear,Normal
S006,Zogu i Zi,2026-05-16 22:25:00,103,48.1,Low,Clear,Heavy Traffic
S007,Airport Road,2026-05-16 22:30:00,113,43.5,Low,Cloudy,Normal
S007,Airport Road,2026-05-16 22:35:00,66,41.5,Low,Rainy,Normal
S008,New Boulevard,2026-05-16 22:40:00,178,29.4,Medium,Cloudy,Normal
S003,Student City,2026-05-16 22:45:00,108,31.9,Medium,Foggy,Normal
S001,Tirana Center,2026-05-16 22:50:00,115,40.4,Low,Cloudy,Normal
S008,New Boulevard,2026-05-16 22:55:00,37,37.4,Medium,Rainy,Normal
S005,Durres Road,2026-05-16 23:00:00,110,34.1,Medium,Clear,Normal
S008,New Boulevard,2026-05-16 23:05:00,74,45.3,Low,Cloudy,Normal
S001,Tirana Center,2026-05-16 23:10:00,118,31.9,Medium,Foggy,Normal
S005,Durres Road,2026-05-16 23:15:00,151,33.8,Medium,Clear,Normal
S006,Zogu i Zi,2026-05-16 23:20:00,95,47.4,Low,Clear,Normal
S005,Durres Road,2026-05-16 23:25:00,127,38.5,Low,Rainy,Normal
S003,Student City,2026-05-16 23:30:00,152,35.5,Medium,Foggy,Normal
S003,Student City,2026-05-16 23:35:00,88,42.2,Low,Foggy,Normal
S005,Durres Road,2026-05-16 23:40:00,85,55.3,Low,Rainy,Normal
S005,Durres Road,2026-05-16 23:45:00,97,29.9,Medium,Cloudy,Normal
S001,Tirana Center,2026-05-16 23:50:00,97,41.1,Low,Cloudy,Normal
S002,Ring Road,2026-05-16 23:55:00,108,25.4,Medium,Rainy,Normal
S003,Student City,2026-05-17 00:00:00,54,53.4,Low,Cloudy,Normal
S001,Tirana Center,2026-05-17 00:05:00,134,44.9,Low,Foggy,Heavy Traffic
S007,Airport Road,2026-05-17 00:10:00,113,32.0,Medium,Rainy,Normal
S002,Ring Road,2026-05-17 00:15:00,96,48.0,Low,Rainy,Normal
S001,Tirana Center,2026-05-17 00:20:00,132,18.4,High,Cloudy,Normal
S007,Airport Road,2026-05-17 00:25:00,46,72.1,Low,Clear,Normal
S004,Blloku,2026-05-17 00:30:00,107,26.5,Medium,Rainy,Normal
S001,Tirana Center,2026-05-17 00:35:00,174,23.9,Medium,Rainy,Normal
S006,Zogu i Zi,2026-05-17 00:40:00,70,41.5,Low,Clear,Normal
S002,Ring Road,2026-05-17 00:45:00,110,22.9,Medium,Cloudy,Normal
S005,Durres Road,2026-05-17 00:50:00,104,27.7,Medium,Rainy,Accident
S008,New Boulevard,2026-05-17 00:55:00,59,29.8,Medium,Cloudy,Normal
S007,Airport Road,2026-05-17 01:00:00,71,56.5,Low,Rainy,Normal
S007,Airport Road,2026-05-17 01:05:00,111,55.3,Low,Foggy,Normal
S001,Tirana Center,2026-05-17 01:10:00,139,30.4,Medium,Cloudy,Normal
S008,New Boulevard,2026-05-17 01:15:00,107,49.1,Low,Clear,Normal
S002,Ring Road,2026-05-17 01:20:00,58,42.1,Low,Cloudy,Normal
S002,Ring Road,2026-05-17 01:25:00,71,42.3,Low,Rainy,Normal
S006,Zogu i Zi,2026-05-17 01:30:00,138,33.5,Medium,Clear,Normal
S008,New Boulevard,2026-05-17 01:35:00,88,61.4,Low,Clear,Accident
S007,Airport Road,2026-05-17 01:40:00,168,29.7,Medium,Clear,Accident
S006,Zogu i Zi,2026-05-17 01:45:00,142,42.5,Low,Cloudy,Accident
S004,Blloku,2026-05-17 01:50:00,117,40.7,Low,Rainy,Heavy Traffic
S005,Durres Road,2026-05-17 01:55:00,97,37.4,Medium,Foggy,Normal
S002,Ring Road,2026-05-17 02:00:00,68,43.8,Low,Foggy,Normal
S004,Blloku,2026-05-17 02:05:00,34,48.4,Low,Rainy,Normal
S006,Zogu i Zi,2026-05-17 02:10:00,86,36.7,Medium,Cloudy,Normal
S003,Student City,2026-05-17 02:15:00,125,37.3,Medium,Cloudy,Normal
S008,New Boulevard,2026-05-17 02:20:00,116,37.3,Medium,Rainy,Normal
S008,New Boulevard,2026-05-17 02:25:00,134,45.1,Low,Rainy,Normal
S006,Zogu i Zi,2026-05-17 02:30:00,81,28.4,Medium,Cloudy,Heavy Traffic
S006,Zogu i Zi,2026-05-17 02:35:00,146,38.8,Low,Rainy,Heavy Traffic
S003,Student City,2026-05-17 02:40:00,73,31.1,Medium,Clear,Normal
S004,Blloku,2026-05-17 02:45:00,42,41.5,Low,Clear,Normal
S004,Blloku,2026-05-17 02:50:00,78,46.4,Low,Rainy,Normal
S002,Ring Road,2026-05-17 02:55:00,114,51.7,Low,Rainy,Normal
S008,New Boulevard,2026-05-17 03:00:00,127,36.7,Medium,Cloudy,Heavy Traffic
S007,Airport Road,2026-05-17 03:05:00,86,35.0,Medium,Foggy,Normal
S008,New Boulevard,2026-05-17 03:10:00,157,41.0,Medium,Foggy,Normal
S001,Tirana Center,2026-05-17 03:15:00,84,54.9,Low,Clear,Normal
S002,Ring Road,2026-05-17 03:20:00,160,36.3,Medium,Clear,Normal
S007,Airport Road,2026-05-17 03:25:00,47,40.7,Low,Foggy,Normal
S002,Ring Road,2026-05-17 03:30:00,96,37.9,Medium,Cloudy,Normal
S007,Airport Road,2026-05-17 03:35:00,163,29.3,Medium,Foggy,Roadwork
S005,Durres Road,2026-05-17 03:40:00,105,53.3,Low,Foggy,Accident
S005,Durres Road,2026-05-17 03:45:00,81,47.9,Low,Clear,Normal
S002,Ring Road,2026-05-17 03:50:00,43,54.3,Low,Cloudy,Normal
S004,Blloku,2026-05-17 03:55:00,95,39.0,Low,Foggy,Normal
S005,Durres Road,2026-05-17 04:00:00,87,35.3,Medium,Rainy,Normal
S003,Student City,2026-05-17 04:05:00,82,28.9,Medium,Clear,Normal
S008,New Boulevard,2026-05-17 04:10:00,180,28.0,Medium,Foggy,Normal
S004,Blloku,2026-05-17 04:15:00,78,48.0,Low,Rainy,Normal
S003,Student City,2026-05-17 04:20:00,111,33.8,Medium,Clear,Normal
S001,Tirana Center,2026-05-17 04:25:00,74,53.7,Low,Cloudy,Normal
S008,New Boulevard,2026-05-17 04:30:00,103,30.9,Medium,Rainy,Normal
S001,Tirana Center,2026-05-17 04:35:00,73,29.4,Medium,Foggy,Heavy Traffic
S008,New Boulevard,2026-05-17 04:40:00,88,51.3,Low,Rainy,Normal
S002,Ring Road,2026-05-17 04:45:00,99,31.1,Medium,Foggy,Normal
S001,Tirana Center,2026-05-17 04:50:00,138,32.9,Medium,Rainy,Normal
S006,Zogu i Zi,2026-05-17 04:55:00,93,44.1,Low,Rainy,Normal
S005,Durres Road,2026-05-17 05:00:00,124,30.1,Medium,Foggy,Normal
S008,New Boulevard,2026-05-17 05:05:00,94,51.1,Low,Foggy,Normal
S005,Durres Road,2026-05-17 05:10:00,96,52.7,Low,Clear,Normal
S007,Airport Road,2026-05-17 05:15:00,87,46.3,Low,Cloudy,Normal
S005,Durres Road,2026-05-17 05:20:00,103,47.9,Low,Cloudy,Normal
S008,New Boulevard,2026-05-17 05:25:00,124,29.1,Medium,Foggy,Normal
S003,Student City,2026-05-17 05:30:00,45,57.5,Low,Clear,Normal
S007,Airport Road,2026-05-17 05:35:00,50,44.7,Low,Clear,Normal
S002,Ring Road,2026-05-17 05:40:00,75,52.2,Low,Clear,Normal
S003,Student City,2026-05-17 05:45:00,67,59.8,Low,Cloudy,Normal
S003,Student City,2026-05-17 05:50:00,104,21.8,High,Foggy,Normal
S006,Zogu i Zi,2026-05-17 05:55:00,45,48.3,Low,Cloudy,Normal
S003,Student City,2026-05-17 06:00:00,113,30.7,Medium,Rainy,Roadwork
S006,Zogu i Zi,2026-05-17 06:05:00,91,36.4,Medium,Foggy,Normal
S005,Durres Road,2026-05-17 06:10:00,101,39.4,Low,Rainy,Normal
S003,Student City,2026-05-17 06:15:00,32,47.7,Low,Clear,Normal
S003,Student City,2026-05-17 06:20:00,126,36.5,Medium,Cloudy,Normal
S006,Zogu i Zi,2026-05-17 06:25:00,129,50.8,Low,Clear,Normal
S003,Student City,2026-05-17 06:30:00,144,43.2,Low,Foggy,Normal
S002,Ring Road,2026-05-17 06:35:00,155,23.8,Medium,Rainy,Normal
S001,Tirana Center,2026-05-17 06:40:00,144,31.8,Medium,Clear,Accident
S005,Durres Road,2026-05-17 06:45:00,78,35.6,Medium,Rainy,Normal
S008,New Boulevard,2026-05-17 06:50:00,107,43.8,Low,Cloudy,Normal
S007,Airport Road,2026-05-17 06:55:00,108,45.3,Low,Rainy,Normal
S005,Durres Road,2026-05-17 07:00:00,174,30.2,Medium,Cloudy,Normal
S002,Ring Road,2026-05-17 07:05:00,257,28.6,High,Foggy,Normal
S005,Durres Road,2026-05-17 07:10:00,223,16.5,High,Cloudy,Normal
S002,Ring Road,2026-05-17 07:15:00,187,31.8,Medium,Foggy,Normal
S004,Blloku,2026-05-17 07:20:00,192,24.7,Medium,Cloudy,Normal
S002,Ring Road,2026-05-17 07:25:00,213,15.8,High,Clear,Normal
S007,Airport Road,2026-05-17 07:30:00,218,39.5,Medium,Cloudy,Normal
S006,Zogu i Zi,2026-05-17 07:35:00,185,26.9,Medium,Clear,Heavy Traffic
S003,Student City,2026-05-17 07:40:00,209,12.6,High,Foggy,Normal
S008,New Boulevard,2026-05-17 07:45:00,237,16.8,High,Clear,Normal
S003,Student City,2026-05-17 07:50:00,217,21.7,High,Clear,Normal
S002,Ring Road,2026-05-17 07:55:00,194,32.6,Medium,Cloudy,Normal
S004,Blloku,2026-05-17 08:00:00,242,15.6,High,Foggy,Normal
S002,Ring Road,2026-05-17 08:05:00,171,27.5,Medium,Rainy,Normal
S002,Ring Road,2026-05-17 08:10:00,284,8,High,Cloudy,Normal
S002,Ring Road,2026-05-17 08:15:00,192,8.5,High,Clear,Normal
S006,Zogu i Zi,2026-05-17 08:20:00,186,28.0,Medium,Rainy,Normal
S003,Student City,2026-05-17 08:25:00,207,21.8,High,Rainy,Normal
S002,Ring Road,2026-05-17 08:30:00,221,23.3,Medium,Foggy,Normal
S001,Tirana Center,2026-05-17 08:35:00,196,21.1,High,Rainy,Normal
S005,Durres Road,2026-05-17 08:40:00,204,17.8,High,Rainy,Normal
S008,New Boulevard,2026-05-17 08:45:00,204,8,High,Rainy,Normal
S001,Tirana Center,2026-05-17 08:50:00,227,25.3,Medium,Foggy,Normal
S006,Zogu i Zi,2026-05-17 08:55:00,179,23.3,Medium,Rainy,Normal
S003,Student City,2026-05-17 09:00:00,204,45.9,Medium,Cloudy,Normal
S008,New Boulevard,2026-05-17 09:05:00,163,24.2,Medium,Cloudy,Normal
S003,Student City,2026-05-17 09:10:00,245,8.9,High,Clear,Normal
S007,Airport Road,2026-05-17 09:15:00,272,17.4,High,Foggy,Normal
S005,Durres Road,2026-05-17 09:20:00,193,41.8,Medium,Clear,Normal
S001,Tirana Center,2026-05-17 09:25:00,263,17.5,High,Cloudy,Normal
S005,Durres Road,2026-05-17 09:30:00,228,22.4,Medium,Clear,Normal
S005,Durres Road,2026-05-17 09:35:00,189,24.4,Medium,Cloudy,Normal
S007,Airport Road,2026-05-17 09:40:00,267,9.4,High,Rainy,Normal
S004,Blloku,2026-05-17 09:45:00,177,32.1,Medium,Clear,Normal
S002,Ring Road,2026-05-17 09:50:00,245,28.5,Medium,Rainy,Normal
S008,New Boulevard,2026-05-17 09:55:00,262,8,High,Foggy,Normal
S008,New Boulevard,2026-05-17 10:00:00,155,39.3,Medium,Cloudy,Normal
S001,Tirana Center,2026-05-17 10:05:00,137,33.8,Medium,Foggy,Normal
S005,Durres Road,2026-05-17 10:10:00,75,32.9,Medium,Rainy,Normal
S003,Student City,2026-05-17 10:15:00,88,40.9,Low,Clear,Normal
S003,Student City,2026-05-17 10:20:00,134,32.2,Medium,Rainy,Normal
S007,Airport Road,2026-05-17 10:25:00,141,22.4,Medium,Foggy,Normal
S004,Blloku,2026-05-17 10:30:00,90,48.8,Low,Cloudy,Normal
S001,Tirana Center,2026-05-17 10:35:00,154,37.5,Medium,Rainy,Normal
S006,Zogu i Zi,2026-05-17 10:40:00,92,39.5,Low,Foggy,Normal
S006,Zogu i Zi,2026-05-17 10:45:00,79,43.0,Low,Cloudy,Normal
S003,Student City,2026-05-17 10:50:00,77,35.8,Medium,Clear,Normal
S003,Student City,2026-05-17 10:55:00,80,45.3,Low,Clear,Normal
S002,Ring Road,2026-05-17 11:00:00,52,59.6,Low,Clear,Normal
S007,Airport Road,2026-05-17 11:05:00,62,50.5,Low,Clear,Normal
S007,Airport Road,2026-05-17 11:10:00,104,50.9,Low,Cloudy,Normal
S008,New Boulevard,2026-05-17 11:15:00,108,38.8,Low,Foggy,Normal
S006,Zogu i Zi,2026-05-17 11:20:00,57,36.4,Medium,Foggy,Normal
S005,Durres Road,2026-05-17 11:25:00,142,41.8,Low,Rainy,Normal
S004,Blloku,2026-05-17 11:30:00,74,37.9,Medium,Cloudy,Normal
S003,Student City,2026-05-17 11:35:00,49,62.7,Low,Rainy,Normal
S001,Tirana Center,2026-05-17 11:40:00,89,50.3,Low,Foggy,Normal
S006,Zogu i Zi,2026-05-17 11:45:00,37,59.9,Low,Clear,Normal
S007,Airport Road,2026-05-17 11:50:00,134,38.9,Low,Clear,Normal
S007,Airport Road,2026-05-17 11:55:00,124,42.7,Low,Clear,Roadwork
S002,Ring Road,2026-05-17 12:00:00,108,21.5,High,Foggy,Normal
S002,Ring Road,2026-05-17 12:05:00,138,30.3,Medium,Foggy,Roadwork
S008,New Boulevard,2026-05-17 12:10:00,145,43.9,Low,Cloudy,Normal
S006,Zogu i Zi,2026-05-17 12:15:00,79,46.0,Low,Foggy,Normal
S004,Blloku,2026-05-17 12:20:00,105,55.1,Low,Clear,Normal
S006,Zogu i Zi,2026-05-17 12:25:00,107,32.3,Medium,Cloudy,Normal
S006,Zogu i Zi,2026-05-17 12:30:00,143,34.3,Medium,Rainy,Accident
S003,Student City,2026-05-17 12:35:00,53,52.0,Low,Rainy,Normal
S006,Zogu i Zi,2026-05-17 12:40:00,106,27.6,Medium,Rainy,Normal
S006,Zogu i Zi,2026-05-17 12:45:00,110,49.8,Low,Foggy,Normal
S008,New Boulevard,2026-05-17 12:50:00,54,57.3,Low,Rainy,Normal
S004,Blloku,2026-05-17 12:55:00,85,50.6,Low,Cloudy,Normal
S003,Student City,2026-05-17 13:00:00,90,38.7,Low,Clear,Normal
S006,Zogu i Zi,2026-05-17 13:05:00,111,32.9,Medium,Rainy,Normal
S004,Blloku,2026-05-17 13:10:00,59,68.0,Low,Foggy,Normal
S003,Student City,2026-05-17 13:15:00,24,30.4,Medium,Clear,Heavy Traffic
S007,Airport Road,2026-05-17 13:20:00,31,40.0,Low,Cloudy,Normal
S004,Blloku,2026-05-17 13:25:00,138,38.6,Low,Foggy,Normal
S006,Zogu i Zi,2026-05-17 13:30:00,59,47.3,Low,Cloudy,Normal
S002,Ring Road,2026-05-17 13:35:00,90,48.3,Low,Rainy,Normal
S004,Blloku,2026-05-17 13:40:00,63,62.2,Low,Foggy,Normal
S003,Student City,2026-05-17 13:45:00,142,42.2,Low,Cloudy,Accident
S006,Zogu i Zi,2026-05-17 13:50:00,94,42.3,Low,Cloudy,Normal
S003,Student City,2026-05-17 13:55:00,78,59.9,Low,Cloudy,Normal
S002,Ring Road,2026-05-17 14:00:00,157,37.4,Medium,Foggy,Normal
S003,Student City,2026-05-17 14:05:00,146,25.4,Medium,Cloudy,Normal
S003,Student City,2026-05-17 14:10:00,100,30.8,Medium,Foggy,Normal
S004,Blloku,2026-05-17 14:15:00,84,45.7,Low,Rainy,Normal
S007,Airport Road,2026-05-17 14:20:00,70,56.9,Low,Rainy,Normal
S003,Student City,2026-05-17 14:25:00,139,32.4,Medium,Cloudy,Normal
S003,Student City,2026-05-17 14:30:00,127,34.9,Medium,Clear,Normal
S004,Blloku,2026-05-17 14:35:00,118,28.1,Medium,Clear,Normal
S002,Ring Road,2026-05-17 14:40:00,102,36.8,Medium,Foggy,Normal
S005,Durres Road,2026-05-17 14:45:00,138,37.5,Medium,Rainy,Normal
S007,Airport Road,2026-05-17 14:50:00,175,39.0,Medium,Clear,Normal
S007,Airport Road,2026-05-17 14:55:00,169,30.5,Medium,Foggy,Roadwork
S002,Ring Road,2026-05-17 15:00:00,78,43.9,Low,Foggy,Normal
S006,Zogu i Zi,2026-05-17 15:05:00,159,37.0,Medium,Cloudy,Normal
S004,Blloku,2026-05-17 15:10:00,103,24.8,Medium,Clear,Normal
S008,New Boulevard,2026-05-17 15:15:00,90,37.6,Medium,Foggy,Normal
S003,Student City,2026-05-17 15:20:00,141,35.2,Medium,Cloudy,Normal
S004,Blloku,2026-05-17 15:25:00,130,48.0,Low,Rainy,Normal
S006,Zogu i Zi,2026-05-17 15:30:00,126,42.3,Low,Cloudy,Normal
S004,Blloku,2026-05-17 15:35:00,91,42.0,Low,Cloudy,Normal
S005,Durres Road,2026-05-17 15:40:00,98,54.7,Low,Clear,Heavy Traffic
S008,New Boulevard,2026-05-17 15:45:00,188,25.6,Medium,Cloudy,Normal
S003,Student City,2026-05-17 15:50:00,111,41.2,Low,Cloudy,Normal
S002,Ring Road,2026-05-17 15:55:00,81,30.6,Medium,Foggy,Normal
S002,Ring Road,2026-05-17 16:00:00,249,8,High,Foggy,Normal
S008,New Boulevard,2026-05-17 16:05:00,243,26.9,Medium,Clear,Normal
S001,Tirana Center,2026-05-17 16:10:00,236,28.1,Medium,Rainy,Normal
S001,Tirana Center,2026-05-17 16:15:00,198,42.7,Medium,Foggy,Normal
S008,New Boulevard,2026-05-17 16:20:00,267,16.4,High,Rainy,Normal
S002,Ring Road,2026-05-17 16:25:00,198,31.3,Medium,Clear,Normal
S001,Tirana Center,2026-05-17 16:30:00,196,28.7,Medium,Rainy,Roadwork
S008,New Boulevard,2026-05-17 16:35:00,164,18.2,High,Clear,Normal
S007,Airport Road,2026-05-17 16:40:00,235,12.4,High,Clear,Normal
S007,Airport Road,2026-05-17 16:45:00,237,18.8,High,Rainy,Normal
S002,Ring Road,2026-05-17 16:50:00,294,17.7,High,Foggy,Normal
S003,Student City,2026-05-17 16:55:00,188,31.7,Medium,Rainy,Normal
S004,Blloku,2026-05-17 17:00:00,249,30.6,Medium,Clear,Normal
S007,Airport Road,2026-05-17 17:05:00,213,22.8,Medium,Foggy,Normal
S004,Blloku,2026-05-17 17:10:00,231,19.0,High,Foggy,Normal
S004,Blloku,2026-05-17 17:15:00,226,24.4,Medium,Cloudy,Normal
S002,Ring Road,2026-05-17 17:20:00,184,13.5,High,Rainy,Heavy Traffic
S004,Blloku,2026-05-17 17:25:00,192,28.2,Medium,Foggy,Normal
S008,New Boulevard,2026-05-17 17:30:00,238,25.5,Medium,Rainy,Normal
S008,New Boulevard,2026-05-17 17:35:00,212,8,High,Foggy,Normal
S006,Zogu i Zi,2026-05-17 17:40:00,257,8,High,Rainy,Normal
S001,Tirana Center,2026-05-17 17:45:00,210,16.4,High,Foggy,Normal
S004,Blloku,2026-05-17 17:50:00,237,24.5,Medium,Cloudy,Normal
S001,Tirana Center,2026-05-17 17:55:00,173,29.8,Medium,Rainy,Heavy Traffic
S002,Ring Road,2026-05-17 18:00:00,215,8.4,High,Rainy,Normal
S002,Ring Road,2026-05-17 18:05:00,226,16.0,High,Cloudy,Heavy Traffic
S007,Airport Road,2026-05-17 18:10:00,181,36.7,Medium,Cloudy,Normal
S004,Blloku,2026-05-17 18:15:00,175,30.9,Medium,Rainy,Normal
S002,Ring Road,2026-05-17 18:20:00,248,15.4,High,Rainy,Normal
S007,Airport Road,2026-05-17 18:25:00,243,20.2,High,Foggy,Normal
S001,Tirana Center,2026-05-17 18:30:00,191,35.4,Medium,Rainy,Normal
S006,Zogu i Zi,2026-05-17 18:35:00,226,21.9,High,Clear,Normal
S008,New Boulevard,2026-05-17 18:40:00,217,21.5,High,Cloudy,Normal
S007,Airport Road,2026-05-17 18:45:00,199,19.4,High,Rainy,Heavy Traffic
S006,Zogu i Zi,2026-05-17 18:50:00,228,15.4,High,Rainy,Normal
S007,Airport Road,2026-05-17 18:55:00,216,29.1,Medium,Foggy,Normal
S007,Airport Road,2026-05-17 19:00:00,88,27.3,Medium,Cloudy,Normal
S002,Ring Road,2026-05-17 19:05:00,94,43.2,Low,Cloudy,Normal
S001,Tirana Center,2026-05-17 19:10:00,108,33.9,Medium,Cloudy,Normal
S006,Zogu i Zi,2026-05-17 19:15:00,81,73.2,Low,Rainy,Normal
S002,Ring Road,2026-05-17 19:20:00,115,43.9,Low,Rainy,Normal
S007,Airport Road,2026-05-17 19:25:00,70,49.8,Low,Foggy,Normal
S003,Student City,2026-05-17 19:30:00,122,46.6,Low,Rainy,Normal
S003,Student City,2026-05-17 19:35:00,108,37.1,Medium,Foggy,Normal
S004,Blloku,2026-05-17 19:40:00,130,21.0,High,Foggy,Normal
S004,Blloku,2026-05-17 19:45:00,86,46.1,Low,Foggy,Heavy Traffic
S006,Zogu i Zi,2026-05-17 19:50:00,92,30.8,Medium,Cloudy,Normal
S001,Tirana Center,2026-05-17 19:55:00,87,46.8,Low,Rainy,Normal
S003,Student City,2026-05-17 20:00:00,20,43.9,Low,Cloudy,Normal
S005,Durres Road,2026-05-17 20:05:00,125,22.7,Medium,Rainy,Normal
S003,Student City,2026-05-17 20:10:00,37,43.1,Low,Foggy,Normal
S004,Blloku,2026-05-17 20:15:00,84,41.9,Low,Cloudy,Normal
S002,Ring Road,2026-05-17 20:20:00,153,32.7,Medium,Clear,Normal
S006,Zogu i Zi,2026-05-17 20:25:00,71,53.2,Low,Clear,Normal
S002,Ring Road,2026-05-17 20:30:00,177,11.1,High,Rainy,Accident
S008,New Boulevard,2026-05-17 20:35:00,90,37.0,Medium,Rainy,Normal
S006,Zogu i Zi,2026-05-17 20:40:00,58,51.9,Low,Foggy,Normal
S007,Airport Road,2026-05-17 20:45:00,109,30.0,Medium,Cloudy,Roadwork
S004,Blloku,2026-05-17 20:50:00,123,40.3,Low,Cloudy,Normal
S006,Zogu i Zi,2026-05-17 20:55:00,139,40.6,Low,Clear,Heavy Traffic
S001,Tirana Center,2026-05-17 21:00:00,95,44.6,Low,Rainy,Normal
S006,Zogu i Zi,2026-05-17 21:05:00,160,28.8,Medium,Rainy,Normal
S003,Student City,2026-05-17 21:10:00,121,42.0,Low,Clear,Normal
S002,Ring Road,2026-05-17 21:15:00,212,42.8,Medium,Rainy,Normal
S002,Ring Road,2026-05-17 21:20:00,119,31.0,Medium,Clear,Normal
S002,Ring Road,2026-05-17 21:25:00,61,41.2,Low,Clear,Heavy Traffic
S005,Durres Road,2026-05-17 21:30:00,130,15.0,High,Clear,Normal
S006,Zogu i Zi,2026-05-17 21:35:00,102,42.2,Low,Rainy,Heavy Traffic
S002,Ring Road,2026-05-17 21:40:00,75,47.2,Low,Rainy,Normal
S004,Blloku,2026-05-17 21:45:00,55,30.5,Medium,Rainy,Normal
S006,Zogu i Zi,2026-05-17 21:50:00,100,26.3,Medium,Foggy,Normal
S008,New Boulevard,2026-05-17 21:55:00,45,45.3,Low,Foggy,Normal
S006,Zogu i Zi,2026-05-17 22:00:00,112,44.9,Low,Cloudy,Normal
S008,New Boulevard,2026-05-17 22:05:00,120,31.8,Medium,Cloudy,Normal
S002,Ring Road,2026-05-17 22:10:00,137,45.3,Low,Clear,Normal
S002,Ring Road,2026-05-17 22:15:00,118,44.9,Low,Cloudy,Normal
S005,Durres Road,2026-05-17 22:20:00,82,55.5,Low,Foggy,Normal
S004,Blloku,2026-05-17 22:25:00,187,22.9,Medium,Rainy,Normal
S006,Zogu i Zi,2026-05-17 22:30:00,96,46.1,Low,Rainy,Normal
S006,Zogu i Zi,2026-05-17 22:35:00,121,45.7,Low,Clear,Normal
S007,Airport Road,2026-05-17 22:40:00,78,39.2,Low,Clear,Roadwork
S005,Durres Road,2026-05-17 22:45:00,135,23.2,Medium,Cloudy,Normal
S003,Student City,2026-05-17 22:50:00,88,49.3,Low,Rainy,Normal
S007,Airport Road,2026-05-17 22:55:00,113,44.4,Low,Clear,Normal
S006,Zogu i Zi,2026-05-17 23:00:00,112,40.2,Low,Rainy,Normal
S006,Zogu i Zi,2026-05-17 23:05:00,108,37.9,Medium,Clear,Normal
S005,Durres Road,2026-05-17 23:10:00,119,42.3,Low,Cloudy,Normal
S001,Tirana Center,2026-05-17 23:15:00,125,25.6,Medium,Rainy,Normal
S001,Tirana Center,2026-05-17 23:20:00,26,57.3,Low,Foggy,Normal
S007,Airport Road,2026-05-17 23:25:00,88,34.2,Medium,Rainy,Normal
S002,Ring Road,2026-05-17 23:30:00,151,52.7,Medium,Rainy,Heavy Traffic
S003,Student City,2026-05-17 23:35:00,103,45.2,Low,Cloudy,Normal
S006,Zogu i Zi,2026-05-17 23:40:00,110,34.7,Medium,Rainy,Heavy Traffic
S004,Blloku,2026-05-17 23:45:00,96,47.7,Low,Rainy,Normal
S008,New Boulevard,2026-05-17 23:50:00,120,27.3,Medium,Foggy,Normal
S008,New Boulevard,2026-05-17 23:55:00,131,31.5,Medium,Foggy,Normal
S005,Durres Road,2026-05-18 00:00:00,65,50.3,Low,Cloudy,Normal
S002,Ring Road,2026-05-18 00:05:00,149,40.3,Low,Foggy,Normal
S003,Student City,2026-05-18 00:10:00,115,42.9,Low,Rainy,Normal
S005,Durres Road,2026-05-18 00:15:00,126,40.1,Low,Rainy,Normal
S005,Durres Road,2026-05-18 00:20:00,152,33.2,Medium,Cloudy,Normal
S005,Durres Road,2026-05-18 00:25:00,116,34.9,Medium,Foggy,Normal
S002,Ring Road,2026-05-18 00:30:00,72,40.0,Low,Rainy,Normal
S004,Blloku,2026-05-18 00:35:00,95,48.8,Low,Rainy,Normal
S005,Durres Road,2026-05-18 00:40:00,125,38.0,Medium,Rainy,Normal
S008,New Boulevard,2026-05-18 00:45:00,136,37.4,Medium,Clear,Normal
S002,Ring Road,2026-05-18 00:50:00,75,21.1,High,Cloudy,Normal
S001,Tirana Center,2026-05-18 00:55:00,76,48.7,Low,Cloudy,Heavy Traffic
S006,Zogu i Zi,2026-05-18 01:00:00,140,30.0,Medium,Rainy,Normal
S005,Durres Road,2026-05-18 01:05:00,87,44.9,Low,Clear,Normal
S008,New Boulevard,2026-05-18 01:10:00,76,50.7,Low,Clear,Normal
S001,Tirana Center,2026-05-18 01:15:00,72,46.5,Low,Clear,Normal
S002,Ring Road,2026-05-18 01:20:00,148,33.9,Medium,Cloudy,Normal
S006,Zogu i Zi,2026-05-18 01:25:00,92,49.2,Low,Foggy,Accident
S008,New Boulevard,2026-05-18 01:30:00,143,44.7,Low,Cloudy,Normal
S007,Airport Road,2026-05-18 01:35:00,112,36.1,Medium,Rainy,Normal
S005,Durres Road,2026-05-18 01:40:00,81,42.9,Low,Cloudy,Normal
S007,Airport Road,2026-05-18 01:45:00,139,32.7,Medium,Cloudy,Normal
S007,Airport Road,2026-05-18 01:50:00,167,46.4,Medium,Cloudy,Normal
S003,Student City,2026-05-18 01:55:00,72,45.4,Low,Foggy,Normal
S006,Zogu i Zi,2026-05-18 02:00:00,127,38.9,Low,Foggy,Normal
S008,New Boulevard,2026-05-18 02:05:00,108,52.6,Low,Clear,Roadwork
S008,New Boulevard,2026-05-18 02:10:00,53,47.8,Low,Cloudy,Normal
S004,Blloku,2026-05-18 02:15:00,131,38.1,Low,Clear,Normal
S006,Zogu i Zi,2026-05-18 02:20:00,87,46.1,Low,Foggy,Normal
S006,Zogu i Zi,2026-05-18 02:25:00,68,35.8,Medium,Foggy,Normal
S007,Airport Road,2026-05-18 02:30:00,52,37.5,Medium,Rainy,Normal
S001,Tirana Center,2026-05-18 02:35:00,124,30.3,Medium,Clear,Normal
S007,Airport Road,2026-05-18 02:40:00,134,26.0,Medium,Cloudy,Normal
S002,Ring Road,2026-05-18 02:45:00,138,35.2,Medium,Cloudy,Normal
S005,Durres Road,2026-05-18 02:50:00,120,58.4,Low,Cloudy,Normal
S006,Zogu i Zi,2026-05-18 02:55:00,67,46.7,Low,Clear,Normal
S001,Tirana Center,2026-05-18 03:00:00,95,37.7,Medium,Cloudy,Normal
S003,Student City,2026-05-18 03:05:00,63,52.6,Low,Cloudy,Normal
S001,Tirana Center,2026-05-18 03:10:00,68,46.6,Low,Foggy,Normal
S004,Blloku,2026-05-18 03:15:00,145,36.9,Medium,Rainy,Normal
S008,New Boulevard,2026-05-18 03:20:00,114,45.9,Low,Clear,Normal
S003,Student City,2026-05-18 03:25:00,70,56.0,Low,Foggy,Normal
S004,Blloku,2026-05-18 03:30:00,79,48.1,Low,Clear,Accident
S006,Zogu i Zi,2026-05-18 03:35:00,124,47.1,Low,Cloudy,Normal
S007,Airport Road,2026-05-18 03:40:00,94,43.2,Low,Rainy,Normal
S008,New Boulevard,2026-05-18 03:45:00,146,27.6,Medium,Clear,Normal
S004,Blloku,2026-05-18 03:50:00,149,23.9,Medium,Rainy,Normal
S006,Zogu i Zi,2026-05-18 03:55:00,116,22.6,Medium,Clear,Heavy Traffic
S004,Blloku,2026-05-18 04:00:00,113,26.6,Medium,Rainy,Normal
S008,New Boulevard,2026-05-18 04:05:00,107,33.9,Medium,Cloudy,Normal
S003,Student City,2026-05-18 04:10:00,150,21.5,High,Foggy,Normal
S006,Zogu i Zi,2026-05-18 04:15:00,88,39.8,Low,Clear,Heavy Traffic
S007,Airport Road,2026-05-18 04:20:00,72,47.5,Low,Foggy,Normal
S006,Zogu i Zi,2026-05-18 04:25:00,65,44.2,Low,Rainy,Normal
S001,Tirana Center,2026-05-18 04:30:00,150,16.7,High,Cloudy,Normal
S008,New Boulevard,2026-05-18 04:35:00,71,58.4,Low,Clear,Normal
S005,Durres Road,2026-05-18 04:40:00,140,25.5,Medium,Rainy,Normal
S007,Airport Road,2026-05-18 04:45:00,192,40.8,Medium,Clear,Normal
S008,New Boulevard,2026-05-18 04:50:00,155,30.4,Medium,Rainy,Heavy Traffic
S005,Durres Road,2026-05-18 04:55:00,161,30.5,Medium,Foggy,Normal
S003,Student City,2026-05-18 05:00:00,103,59.0,Low,Clear,Normal
S005,Durres Road,2026-05-18 05:05:00,76,27.3,Medium,Cloudy,Normal
S001,Tirana Center,2026-05-18 05:10:00,36,46.3,Low,Clear,Normal
S006,Zogu i Zi,2026-05-18 05:15:00,120,27.1,Medium,Rainy,Normal
S005,Durres Road,2026-05-18 05:20:00,94,40.3,Low,Cloudy,Normal
S005,Durres Road,2026-05-18 05:25:00,61,50.7,Low,Rainy,Normal
S005,Durres Road,2026-05-18 05:30:00,147,41.7,Low,Rainy,Normal
S007,Airport Road,2026-05-18 05:35:00,131,47.6,Low,Foggy,Normal
S001,Tirana Center,2026-05-18 05:40:00,129,33.4,Medium,Clear,Normal
S008,New Boulevard,2026-05-18 05:45:00,115,50.3,Low,Foggy,Normal
S003,Student City,2026-05-18 05:50:00,144,30.6,Medium,Foggy,Normal
S008,New Boulevard,2026-05-18 05:55:00,82,48.9,Low,Rainy,Heavy Traffic
S001,Tirana Center,2026-05-18 06:00:00,129,40.7,Low,Cloudy,Normal
S007,Airport Road,2026-05-18 06:05:00,86,38.7,Low,Rainy,Normal
S007,Airport Road,2026-05-18 06:10:00,117,24.7,Medium,Cloudy,Normal
S006,Zogu i Zi,2026-05-18 06:15:00,105,53.6,Low,Clear,Accident
S008,New Boulevard,2026-05-18 06:20:00,136,15.6,High,Clear,Normal
S001,Tirana Center,2026-05-18 06:25:00,65,41.7,Low,Rainy,Normal
S001,Tirana Center,2026-05-18 06:30:00,110,65.1,Low,Rainy,Normal
S003,Student City,2026-05-18 06:35:00,94,33.6,Medium,Rainy,Normal
S005,Durres Road,2026-05-18 06:40:00,99,37.2,Medium,Clear,Normal
S005,Durres Road,2026-05-18 06:45:00,94,42.5,Low,Clear,Normal
S007,Airport Road,2026-05-18 06:50:00,116,36.1,Medium,Foggy,Normal
S003,Student City,2026-05-18 06:55:00,165,44.6,Medium,Foggy,Normal
S006,Zogu i Zi,2026-05-18 07:00:00,239,33.1,Medium,Clear,Heavy Traffic
S007,Airport Road,2026-05-18 07:05:00,200,20.4,High,Cloudy,Normal
S008,New Boulevard,2026-05-18 07:10:00,275,24.0,High,Cloudy,Normal
S006,Zogu i Zi,2026-05-18 07:15:00,289,8,High,Foggy,Normal
S007,Airport Road,2026-05-18 07:20:00,183,36.6,Medium,Clear,Normal
S004,Blloku,2026-05-18 07:25:00,201,34.4,Medium,Rainy,Heavy Traffic
S001,Tirana Center,2026-05-18 07:30:00,233,16.6,High,Cloudy,Normal
S007,Airport Road,2026-05-18 07:35:00,252,8,High,Cloudy,Normal
S008,New Boulevard,2026-05-18 07:40:00,245,14.7,High,Foggy,Normal
S005,Durres Road,2026-05-18 07:45:00,194,11.1,High,Foggy,Normal
S003,Student City,2026-05-18 07:50:00,253,13.8,High,Cloudy,Normal
S005,Durres Road,2026-05-18 07:55:00,244,10.0,High,Foggy,Normal
S006,Zogu i Zi,2026-05-18 08:00:00,266,17.0,High,Cloudy,Normal
S006,Zogu i Zi,2026-05-18 08:05:00,169,46.7,Medium,Cloudy,Normal
S003,Student City,2026-05-18 08:10:00,201,23.6,Medium,Cloudy,Normal
S005,Durres Road,2026-05-18 08:15:00,236,27.3,Medium,Clear,Normal
S007,Airport Road,2026-05-18 08:20:00,207,31.3,Medium,Rainy,Normal
S002,Ring Road,2026-05-18 08:25:00,235,16.5,High,Clear,Normal
S008,New Boulevard,2026-05-18 08:30:00,198,28.7,Medium,Cloudy,Normal
S004,Blloku,2026-05-18 08:35:00,226,13.1,High,Cloudy,Heavy Traffic
S002,Ring Road,2026-05-18 08:40:00,218,26.6,Medium,Clear,Normal
S003,Student City,2026-05-18 08:45:00,217,29.2,Medium,Foggy,Normal
S005,Durres Road,2026-05-18 08:50:00,195,24.5,Medium,Clear,Normal
S001,Tirana Center,2026-05-18 08:55:00,179,9.3,High,Foggy,Normal
S001,Tirana Center,2026-05-18 09:00:00,233,11.7,High,Rainy,Normal
S004,Blloku,2026-05-18 09:05:00,243,13.0,High,Rainy,Normal
S004,Blloku,2026-05-18 09:10:00,308,8,High,Foggy,Normal
S002,Ring Road,2026-05-18 09:15:00,170,31.3,Medium,Foggy,Normal
S001,Tirana Center,2026-05-18 09:20:00,218,41.1,Medium,Clear,Normal
S003,Student City,2026-05-18 09:25:00,291,9.4,High,Cloudy,Normal
S005,Durres Road,2026-05-18 09:30:00,196,19.8,High,Rainy,Normal
S004,Blloku,2026-05-18 09:35:00,238,8,High,Foggy,Normal
S008,New Boulevard,2026-05-18 09:40:00,220,26.7,Medium,Rainy,Normal
S006,Zogu i Zi,2026-05-18 09:45:00,258,9.5,High,Cloudy,Normal
S005,Durres Road,2026-05-18 09:50:00,221,17.9,High,Rainy,Normal
S007,Airport Road,2026-05-18 09:55:00,234,24.5,Medium,Rainy,Normal
S002,Ring Road,2026-05-18 10:00:00,78,32.3,Medium,Cloudy,Accident
S001,Tirana Center,2026-05-18 10:05:00,77,41.2,Low,Cloudy,Accident
S005,Durres Road,2026-05-18 10:10:00,96,46.3,Low,Clear,Normal
S008,New Boulevard,2026-05-18 10:15:00,71,53.8,Low,Rainy,Normal
S002,Ring Road,2026-05-18 10:20:00,99,46.4,Low,Cloudy,Normal
S005,Durres Road,2026-05-18 10:25:00,87,28.3,Medium,Clear,Normal
S002,Ring Road,2026-05-18 10:30:00,112,47.4,Low,Rainy,Normal
S006,Zogu i Zi,2026-05-18 10:35:00,102,51.9,Low,Rainy,Heavy Traffic
S008,New Boulevard,2026-05-18 10:40:00,67,36.4,Medium,Cloudy,Normal
S006,Zogu i Zi,2026-05-18 10:45:00,123,30.8,Medium,Cloudy,Normal
S007,Airport Road,2026-05-18 10:50:00,113,43.3,Low,Clear,Normal
S004,Blloku,2026-05-18 10:55:00,109,38.8,Low,Cloudy,Heavy Traffic
S004,Blloku,2026-05-18 11:00:00,95,44.4,Low,Foggy,Normal
S003,Student City,2026-05-18 11:05:00,158,41.2,Medium,Clear,Normal
S004,Blloku,2026-05-18 11:10:00,20,57.8,Low,Foggy,Normal
S004,Blloku,2026-05-18 11:15:00,73,33.4,Medium,Foggy,Normal
S006,Zogu i Zi,2026-05-18 11:20:00,61,47.9,Low,Foggy,Normal
S004,Blloku,2026-05-18 11:25:00,88,50.9,Low,Cloudy,Normal
S004,Blloku,2026-05-18 11:30:00,95,48.8,Low,Rainy,Normal
S007,Airport Road,2026-05-18 11:35:00,71,45.0,Low,Rainy,Heavy Traffic
S008,New Boulevard,2026-05-18 11:40:00,156,32.1,Medium,Rainy,Normal
S007,Airport Road,2026-05-18 11:45:00,87,30.6,Medium,Cloudy,Normal
S007,Airport Road,2026-05-18 11:50:00,122,30.4,Medium,Foggy,Normal
S005,Durres Road,2026-05-18 11:55:00,100,32.4,Medium,Rainy,Normal
S008,New Boulevard,2026-05-18 12:00:00,69,40.9,Low,Cloudy,Normal
S004,Blloku,2026-05-18 12:05:00,78,34.8,Medium,Foggy,Accident
S004,Blloku,2026-05-18 12:10:00,120,32.9,Medium,Clear,Normal
S002,Ring Road,2026-05-18 12:15:00,110,45.7,Low,Rainy,Normal
S002,Ring Road,2026-05-18 12:20:00,82,51.8,Low,Clear,Normal
S008,New Boulevard,2026-05-18 12:25:00,61,53.7,Low,Foggy,Normal
S003,Student City,2026-05-18 12:30:00,115,36.3,Medium,Foggy,Normal
S003,Student City,2026-05-18 12:35:00,80,29.0,Medium,Rainy,Normal
S005,Durres Road,2026-05-18 12:40:00,70,49.1,Low,Cloudy,Normal
S008,New Boulevard,2026-05-18 12:45:00,105,38.5,Low,Cloudy,Normal
S006,Zogu i Zi,2026-05-18 12:50:00,130,27.1,Medium,Foggy,Normal
S004,Blloku,2026-05-18 12:55:00,148,36.2,Medium,Clear,Normal
S003,Student City,2026-05-18 13:00:00,124,38.2,Low,Rainy,Normal
S002,Ring Road,2026-05-18 13:05:00,87,51.9,Low,Clear,Normal
S006,Zogu i Zi,2026-05-18 13:10:00,144,38.5,Low,Clear,Roadwork
S001,Tirana Center,2026-05-18 13:15:00,126,27.2,Medium,Rainy,Normal
S004,Blloku,2026-05-18 13:20:00,41,58.5,Low,Rainy,Normal
S001,Tirana Center,2026-05-18 13:25:00,71,57.1,Low,Clear,Normal
S002,Ring Road,2026-05-18 13:30:00,103,36.3,Medium,Cloudy,Normal
S004,Blloku,2026-05-18 13:35:00,135,26.0,Medium,Cloudy,Normal
S005,Durres Road,2026-05-18 13:40:00,84,61.9,Low,Rainy,Normal
S004,Blloku,2026-05-18 13:45:00,114,51.7,Low,Cloudy,Normal
S006,Zogu i Zi,2026-05-18 13:50:00,77,46.1,Low,Foggy,Heavy Traffic
S002,Ring Road,2026-05-18 13:55:00,163,35.7,Medium,Cloudy,Normal
S007,Airport Road,2026-05-18 14:00:00,146,21.9,High,Cloudy,Normal
S002,Ring Road,2026-05-18 14:05:00,44,49.4,Low,Rainy,Normal
S003,Student City,2026-05-18 14:10:00,155,33.3,Medium,Clear,Normal
S001,Tirana Center,2026-05-18 14:15:00,145,28.9,Medium,Cloudy,Normal
S005,Durres Road,2026-05-18 14:20:00,135,31.4,Medium,Clear,Normal
S006,Zogu i Zi,2026-05-18 14:25:00,79,40.4,Low,Foggy,Normal
S001,Tirana Center,2026-05-18 14:30:00,89,52.3,Low,Cloudy,Normal
S007,Airport Road,2026-05-18 14:35:00,159,30.5,Medium,Rainy,Normal
S005,Durres Road,2026-05-18 14:40:00,125,27.2,Medium,Foggy,Normal
S005,Durres Road,2026-05-18 14:45:00,94,53.0,Low,Foggy,Normal
S001,Tirana Center,2026-05-18 14:50:00,73,46.3,Low,Rainy,Normal
S004,Blloku,2026-05-18 14:55:00,90,42.4,Low,Clear,Normal
S007,Airport Road,2026-05-18 15:00:00,98,45.3,Low,Rainy,Normal
S005,Durres Road,2026-05-18 15:05:00,119,55.7,Low,Foggy,Normal
S007,Airport Road,2026-05-18 15:10:00,118,41.2,Low,Clear,Normal
S005,Durres Road,2026-05-18 15:15:00,109,51.7,Low,Foggy,Normal
S004,Blloku,2026-05-18 15:20:00,83,52.7,Low,Clear,Normal
S005,Durres Road,2026-05-18 15:25:00,80,38.8,Low,Clear,Normal
S004,Blloku,2026-05-18 15:30:00,78,55.6,Low,Cloudy,Normal
S007,Airport Road,2026-05-18 15:35:00,135,45.8,Low,Clear,Heavy Traffic
S008,New Boulevard,2026-05-18 15:40:00,42,34.9,Medium,Cloudy,Normal
S003,Student City,2026-05-18 15:45:00,187,27.6,Medium,Cloudy,Normal
S005,Durres Road,2026-05-18 15:50:00,52,50.6,Low,Cloudy,Roadwork
S001,Tirana Center,2026-05-18 15:55:00,85,52.7,Low,Clear,Heavy Traffic
S002,Ring Road,2026-05-18 16:00:00,233,8.2,High,Foggy,Heavy Traffic
S001,Tirana Center,2026-05-18 16:05:00,263,14.2,High,Cloudy,Normal
S001,Tirana Center,2026-05-18 16:10:00,204,31.3,Medium,Cloudy,Normal
S004,Blloku,2026-05-18 16:15:00,246,26.9,Medium,Cloudy,Normal
S002,Ring Road,2026-05-18 16:20:00,160,36.3,Medium,Rainy,Accident
S001,Tirana Center,2026-05-18 16:25:00,247,8,High,Clear,Normal
S004,Blloku,2026-05-18 16:30:00,280,8,High,Rainy,Normal
S002,Ring Road,2026-05-18 16:35:00,218,16.9,High,Clear,Normal
S004,Blloku,2026-05-18 16:40:00,238,27.3,Medium,Rainy,Normal
S001,Tirana Center,2026-05-18 16:45:00,206,24.9,Medium,Clear,Normal
S006,Zogu i Zi,2026-05-18 16:50:00,240,8,High,Foggy,Normal
S003,Student City,2026-05-18 16:55:00,210,31.1,Medium,Cloudy,Normal
S001,Tirana Center,2026-05-18 17:00:00,175,47.3,Medium,Cloudy,Normal
S003,Student City,2026-05-18 17:05:00,170,19.1,High,Rainy,Normal
S004,Blloku,2026-05-18 17:10:00,203,51.9,Medium,Clear,Normal
S003,Student City,2026-05-18 17:15:00,260,8,High,Clear,Normal
S006,Zogu i Zi,2026-05-18 17:20:00,285,30.3,High,Foggy,Normal
S003,Student City,2026-05-18 17:25:00,285,12.2,High,Cloudy,Normal
S006,Zogu i Zi,2026-05-18 17:30:00,161,41.8,Medium,Clear,Normal
S001,Tirana Center,2026-05-18 17:35:00,221,18.9,High,Clear,Normal
S003,Student City,2026-05-18 17:40:00,244,12.2,High,Rainy,Normal
S008,New Boulevard,2026-05-18 17:45:00,226,19.1,High,Rainy,Normal
S001,Tirana Center,2026-05-18 17:50:00,192,8,High,Clear,Normal
S008,New Boulevard,2026-05-18 17:55:00,201,35.4,Medium,Rainy,Normal
S006,Zogu i Zi,2026-05-18 18:00:00,254,8,High,Clear,Normal
S001,Tirana Center,2026-05-18 18:05:00,232,27.5,Medium,Cloudy,Normal
S002,Ring Road,2026-05-18 18:10:00,242,15.7,High,Foggy,Normal
S002,Ring Road,2026-05-18 18:15:00,244,13.7,High,Foggy,Normal
S008,New Boulevard,2026-05-18 18:20:00,156,36.4,Medium,Cloudy,Normal
S001,Tirana Center,2026-05-18 18:25:00,245,10.2,High,Cloudy,Normal
S006,Zogu i Zi,2026-05-18 18:30:00,188,23.5,Medium,Foggy,Normal
S007,Airport Road,2026-05-18 18:35:00,170,23.4,Medium,Rainy,Accident
S007,Airport Road,2026-05-18 18:40:00,173,31.3,Medium,Rainy,Accident
S007,Airport Road,2026-05-18 18:45:00,230,26.3,Medium,Clear,Roadwork
S002,Ring Road,2026-05-18 18:50:00,186,20.6,High,Foggy,Normal
S007,Airport Road,2026-05-18 18:55:00,231,25.1,Medium,Rainy,Normal
S001,Tirana Center,2026-05-18 19:00:00,150,32.9,Medium,Cloudy,Normal
S005,Durres Road,2026-05-18 19:05:00,147,26.1,Medium,Clear,Normal
S003,Student City,2026-05-18 19:10:00,81,53.3,Low,Rainy,Accident
S005,Durres Road,2026-05-18 19:15:00,144,29.2,Medium,Rainy,Roadwork
S006,Zogu i Zi,2026-05-18 19:20:00,76,51.2,Low,Clear,Normal
S006,Zogu i Zi,2026-05-18 19:25:00,52,54.8,Low,Cloudy,Normal
S003,Student City,2026-05-18 19:30:00,167,43.6,Medium,Cloudy,Normal
S007,Airport Road,2026-05-18 19:35:00,80,49.4,Low,Foggy,Normal
S003,Student City,2026-05-18 19:40:00,85,27.5,Medium,Foggy,Normal
S005,Durres Road,2026-05-18 19:45:00,70,48.3,Low,Cloudy,Normal
S007,Airport Road,2026-05-18 19:50:00,76,56.7,Low,Rainy,Normal
S002,Ring Road,2026-05-18 19:55:00,75,68.0,Low,Cloudy,Normal
S006,Zogu i Zi,2026-05-18 20:00:00,55,47.8,Low,Clear,Normal
S006,Zogu i Zi,2026-05-18 20:05:00,132,40.7,Low,Cloudy,Normal
S003,Student City,2026-05-18 20:10:00,108,51.4,Low,Cloudy,Normal
S004,Blloku,2026-05-18 20:15:00,89,41.4,Low,Foggy,Normal
S006,Zogu i Zi,2026-05-18 20:20:00,94,54.3,Low,Cloudy,Normal
S005,Durres Road,2026-05-18 20:25:00,111,37.9,Medium,Clear,Normal
S007,Airport Road,2026-05-18 20:30:00,141,47.1,Low,Rainy,Normal
S001,Tirana Center,2026-05-18 20:35:00,109,37.2,Medium,Clear,Normal
S007,Airport Road,2026-05-18 20:40:00,55,35.1,Medium,Clear,Normal
S001,Tirana Center,2026-05-18 20:45:00,119,57.3,Low,Rainy,Normal
S002,Ring Road,2026-05-18 20:50:00,85,37.1,Medium,Clear,Heavy Traffic
S007,Airport Road,2026-05-18 20:55:00,161,25.7,Medium,Cloudy,Normal
S003,Student City,2026-05-18 21:00:00,149,31.4,Medium,Clear,Normal
S004,Blloku,2026-05-18 21:05:00,152,38.6,Medium,Foggy,Normal
S001,Tirana Center,2026-05-18 21:10:00,106,30.3,Medium,Foggy,Normal
S001,Tirana Center,2026-05-18 21:15:00,77,60.5,Low,Rainy,Roadwork
S007,Airport Road,2026-05-18 21:20:00,93,26.8,Medium,Cloudy,Normal
S003,Student City,2026-05-18 21:25:00,144,41.4,Low,Foggy,Heavy Traffic
S006,Zogu i Zi,2026-05-18 21:30:00,145,30.6,Medium,Foggy,Normal
S003,Student City,2026-05-18 21:35:00,81,32.8,Medium,Clear,Normal
S005,Durres Road,2026-05-18 21:40:00,132,27.7,Medium,Foggy,Heavy Traffic
S004,Blloku,2026-05-18 21:45:00,56,58.4,Low,Cloudy,Accident
S006,Zogu i Zi,2026-05-18 21:50:00,98,36.1,Medium,Cloudy,Normal
S005,Durres Road,2026-05-18 21:55:00,118,36.7,Medium,Clear,Normal
S006,Zogu i Zi,2026-05-18 22:00:00,82,36.5,Medium,Clear,Normal
S006,Zogu i Zi,2026-05-18 22:05:00,120,40.9,Low,Rainy,Normal
S006,Zogu i Zi,2026-05-18 22:10:00,99,44.4,Low,Clear,Normal
S001,Tirana Center,2026-05-18 22:15:00,118,42.7,Low,Clear,Normal
S001,Tirana Center,2026-05-18 22:20:00,164,29.3,Medium,Clear,Normal
S005,Durres Road,2026-05-18 22:25:00,95,38.1,Low,Clear,Normal
S004,Blloku,2026-05-18 22:30:00,27,57.4,Low,Cloudy,Normal
S006,Zogu i Zi,2026-05-18 22:35:00,73,45.2,Low,Cloudy,Normal
S001,Tirana Center,2026-05-18 22:40:00,84,37.1,Medium,Foggy,Normal
S005,Durres Road,2026-05-18 22:45:00,131,31.7,Medium,Foggy,Heavy Traffic
S004,Blloku,2026-05-18 22:50:00,55,55.0,Low,Cloudy,Normal
S006,Zogu i Zi,2026-05-18 22:55:00,98,38.0,Low,Clear,Normal
S005,Durres Road,2026-05-18 23:00:00,174,45.8,Medium,Foggy,Normal
S007,Airport Road,2026-05-18 23:05:00,96,36.7,Medium,Foggy,Normal
S001,Tirana Center,2026-05-18 23:10:00,69,37.0,Medium,Rainy,Normal
S005,Durres Road,2026-05-18 23:15:00,154,36.4,Medium,Cloudy,Normal
S006,Zogu i Zi,2026-05-18 23:20:00,117,39.7,Low,Rainy,Normal
S004,Blloku,2026-05-18 23:25:00,85,53.9,Low,Foggy,Normal
S005,Durres Road,2026-05-18 23:30:00,117,44.1,Low,Rainy,Normal
S002,Ring Road,2026-05-18 23:35:00,122,37.6,Medium,Clear,Normal
S007,Airport Road,2026-05-18 23:40:00,184,32.3,Medium,Foggy,Normal
S002,Ring Road,2026-05-18 23:45:00,99,44.3,Low,Rainy,Normal
S008,New Boulevard,2026-05-18 23:50:00,92,52.3,Low,Clear,Normal
S008,New Boulevard,2026-05-18 23:55:00,137,36.2,Medium,Rainy,Normal
S007,Airport Road,2026-05-19 00:00:00,105,47.5,Low,Cloudy,Normal
S006,Zogu i Zi,2026-05-19 00:05:00,118,54.7,Low,Foggy,Normal
S005,Durres Road,2026-05-19 00:10:00,91,48.1,Low,Clear,Normal
S008,New Boulevard,2026-05-19 00:15:00,188,37.4,Medium,Foggy,Normal
S007,Airport Road,2026-05-19 00:20:00,106,29.0,Medium,Foggy,Normal
S005,Durres Road,2026-05-19 00:25:00,113,37.0,Medium,Clear,Normal
S008,New Boulevard,2026-05-19 00:30:00,109,36.5,Medium,Clear,Normal
S006,Zogu i Zi,2026-05-19 00:35:00,169,40.7,Medium,Cloudy,Normal
S005,Durres Road,2026-05-19 00:40:00,113,35.8,Medium,Rainy,Normal
S004,Blloku,2026-05-19 00:45:00,73,38.9,Low,Clear,Normal
S007,Airport Road,2026-05-19 00:50:00,123,35.3,Medium,Rainy,Normal
S003,Student City,2026-05-19 00:55:00,66,55.8,Low,Clear,Accident
S006,Zogu i Zi,2026-05-19 01:00:00,119,22.5,Medium,Rainy,Normal
S008,New Boulevard,2026-05-19 01:05:00,87,37.3,Medium,Cloudy,Normal
S005,Durres Road,2026-05-19 01:10:00,109,34.9,Medium,Foggy,Normal
S003,Student City,2026-05-19 01:15:00,126,16.1,High,Clear,Normal
S004,Blloku,2026-05-19 01:20:00,116,36.6,Medium,Rainy,Normal
S001,Tirana Center,2026-05-19 01:25:00,108,37.9,Medium,Cloudy,Normal
S005,Durres Road,2026-05-19 01:30:00,141,34.9,Medium,Rainy,Normal
S004,Blloku,2026-05-19 01:35:00,98,36.4,Medium,Cloudy,Roadwork
S005,Durres Road,2026-05-19 01:40:00,49,45.2,Low,Foggy,Normal
S007,Airport Road,2026-05-19 01:45:00,115,37.8,Medium,Rainy,Heavy Traffic
S004,Blloku,2026-05-19 01:50:00,78,47.5,Low,Cloudy,Normal
S005,Durres Road,2026-05-19 01:55:00,78,48.0,Low,Clear,Normal
S003,Student City,2026-05-19 02:00:00,84,56.5,Low,Clear,Heavy Traffic
S002,Ring Road,2026-05-19 02:05:00,84,43.5,Low,Cloudy,Normal
S003,Student City,2026-05-19 02:10:00,63,50.0,Low,Cloudy,Normal
S004,Blloku,2026-05-19 02:15:00,99,31.7,Medium,Foggy,Normal
S001,Tirana Center,2026-05-19 02:20:00,146,41.4,Low,Rainy,Heavy Traffic
S001,Tirana Center,2026-05-19 02:25:00,64,41.3,Low,Rainy,Normal
S007,Airport Road,2026-05-19 02:30:00,167,26.2,Medium,Rainy,Normal
S005,Durres Road,2026-05-19 02:35:00,98,38.4,Low,Cloudy,Normal
S007,Airport Road,2026-05-19 02:40:00,168,25.3,Medium,Clear,Normal
S002,Ring Road,2026-05-19 02:45:00,89,47.3,Low,Cloudy,Normal
S004,Blloku,2026-05-19 02:50:00,125,60.3,Low,Cloudy,Normal
S006,Zogu i Zi,2026-05-19 02:55:00,116,41.2,Low,Rainy,Normal
S001,Tirana Center,2026-05-19 03:00:00,91,49.8,Low,Cloudy,Accident
S008,New Boulevard,2026-05-19 03:05:00,99,20.2,High,Clear,Normal
S004,Blloku,2026-05-19 03:10:00,88,45.1,Low,Cloudy,Normal
S002,Ring Road,2026-05-19 03:15:00,124,22.2,Medium,Clear,Normal
S002,Ring Road,2026-05-19 03:20:00,122,41.5,Low,Foggy,Normal
S003,Student City,2026-05-19 03:25:00,75,31.5,Medium,Cloudy,Normal
S006,Zogu i Zi,2026-05-19 03:30:00,71,49.1,Low,Cloudy,Normal
S002,Ring Road,2026-05-19 03:35:00,141,39.7,Low,Rainy,Normal
S004,Blloku,2026-05-19 03:40:00,90,25.2,Medium,Rainy,Normal
S007,Airport Road,2026-05-19 03:45:00,36,50.1,Low,Clear,Normal
S006,Zogu i Zi,2026-05-19 03:50:00,103,36.4,Medium,Foggy,Normal
S008,New Boulevard,2026-05-19 03:55:00,80,53.2,Low,Clear,Normal
S003,Student City,2026-05-19 04:00:00,98,58.6,Low,Rainy,Roadwork
S001,Tirana Center,2026-05-19 04:05:00,82,51.5,Low,Cloudy,Normal
S001,Tirana Center,2026-05-19 04:10:00,177,30.2,Medium,Cloudy,Normal
S008,New Boulevard,2026-05-19 04:15:00,159,22.9,Medium,Clear,Normal
S008,New Boulevard,2026-05-19 04:20:00,80,45.1,Low,Rainy,Normal
S006,Zogu i Zi,2026-05-19 04:25:00,129,31.2,Medium,Clear,Normal
S006,Zogu i Zi,2026-05-19 04:30:00,104,45.2,Low,Clear,Normal
S004,Blloku,2026-05-19 04:35:00,72,36.2,Medium,Rainy,Normal
S001,Tirana Center,2026-05-19 04:40:00,161,26.2,Medium,Clear,Normal
S008,New Boulevard,2026-05-19 04:45:00,131,21.3,High,Cloudy,Normal
S003,Student City,2026-05-19 04:50:00,168,27.1,Medium,Rainy,Normal
S005,Durres Road,2026-05-19 04:55:00,112,55.8,Low,Cloudy,Normal
S004,Blloku,2026-05-19 05:00:00,96,44.9,Low,Rainy,Normal
S005,Durres Road,2026-05-19 05:05:00,110,42.3,Low,Clear,Normal
S007,Airport Road,2026-05-19 05:10:00,153,30.2,Medium,Cloudy,Normal
S005,Durres Road,2026-05-19 05:15:00,73,65.4,Low,Rainy,Normal
S008,New Boulevard,2026-05-19 05:20:00,92,51.3,Low,Rainy,Normal
S006,Zogu i Zi,2026-05-19 05:25:00,105,33.3,Medium,Foggy,Normal
S007,Airport Road,2026-05-19 05:30:00,79,51.7,Low,Rainy,Normal
S007,Airport Road,2026-05-19 05:35:00,148,45.4,Low,Rainy,Normal
S006,Zogu i Zi,2026-05-19 05:40:00,155,21.8,High,Foggy,Normal
S003,Student City,2026-05-19 05:45:00,71,42.3,Low,Rainy,Normal
S002,Ring Road,2026-05-19 05:50:00,71,49.6,Low,Cloudy,Normal
S006,Zogu i Zi,2026-05-19 05:55:00,169,23.5,Medium,Rainy,Normal
S007,Airport Road,2026-05-19 06:00:00,116,44.1,Low,Foggy,Normal
S001,Tirana Center,2026-05-19 06:05:00,96,34.1,Medium,Foggy,Normal
S007,Airport Road,2026-05-19 06:10:00,184,21.9,High,Foggy,Normal
S001,Tirana Center,2026-05-19 06:15:00,63,58.3,Low,Cloudy,Normal
S001,Tirana Center,2026-05-19 06:20:00,166,38.6,Medium,Clear,Normal
S003,Student City,2026-05-19 06:25:00,120,30.0,Medium,Cloudy,Roadwork
S006,Zogu i Zi,2026-05-19 06:30:00,114,26.6,Medium,Clear,Normal
S008,New Boulevard,2026-05-19 06:35:00,86,32.9,Medium,Cloudy,Normal
S008,New Boulevard,2026-05-19 06:40:00,146,30.6,Medium,Clear,Normal
S004,Blloku,2026-05-19 06:45:00,87,57.4,Low,Foggy,Normal
S007,Airport Road,2026-05-19 06:50:00,113,30.9,Medium,Rainy,Normal
S003,Student City,2026-05-19 06:55:00,82,32.7,Medium,Rainy,Heavy Traffic
S007,Airport Road,2026-05-19 07:00:00,217,15.6,High,Foggy,Normal
S004,Blloku,2026-05-19 07:05:00,236,18.6,High,Foggy,Normal
S005,Durres Road,2026-05-19 07:10:00,218,18.7,High,Foggy,Normal
S005,Durres Road,2026-05-19 07:15:00,276,9.3,High,Clear,Normal
S001,Tirana Center,2026-05-19 07:20:00,178,21.5,High,Clear,Normal
S008,New Boulevard,2026-05-19 07:25:00,149,35.0,Medium,Cloudy,Normal
S006,Zogu i Zi,2026-05-19 07:30:00,220,45.1,Medium,Foggy,Normal
S003,Student City,2026-05-19 07:35:00,165,49.0,Medium,Clear,Normal
S005,Durres Road,2026-05-19 07:40:00,223,14.0,High,Cloudy,Normal
S001,Tirana Center,2026-05-19 07:45:00,237,8,High,Foggy,Normal
S006,Zogu i Zi,2026-05-19 07:50:00,230,31.3,Medium,Foggy,Normal
S004,Blloku,2026-05-19 07:55:00,207,31.0,Medium,Cloudy,Normal
S005,Durres Road,2026-05-19 08:00:00,198,35.9,Medium,Rainy,Normal
S004,Blloku,2026-05-19 08:05:00,201,22.7,Medium,Foggy,Normal
S005,Durres Road,2026-05-19 08:10:00,190,8,High,Clear,Normal
S006,Zogu i Zi,2026-05-19 08:15:00,245,33.2,Medium,Clear,Normal
S003,Student City,2026-05-19 08:20:00,152,40.5,Medium,Foggy,Heavy Traffic
S002,Ring Road,2026-05-19 08:25:00,258,10.8,High,Rainy,Normal
S001,Tirana Center,2026-05-19 08:30:00,285,18.8,High,Rainy,Normal
S005,Durres Road,2026-05-19 08:35:00,261,8,High,Foggy,Normal
S003,Student City,2026-05-19 08:40:00,228,21.1,High,Foggy,Normal
S008,New Boulevard,2026-05-19 08:45:00,220,8.4,High,Foggy,Normal
S003,Student City,2026-05-19 08:50:00,147,26.4,Medium,Clear,Normal
S002,Ring Road,2026-05-19 08:55:00,204,9.9,High,Clear,Normal
S006,Zogu i Zi,2026-05-19 09:00:00,256,9.4,High,Foggy,Normal
S002,Ring Road,2026-05-19 09:05:00,259,30.6,High,Cloudy,Normal
S001,Tirana Center,2026-05-19 09:10:00,178,39.2,Medium,Foggy,Normal
S002,Ring Road,2026-05-19 09:15:00,260,17.5,High,Clear,Normal
S004,Blloku,2026-05-19 09:20:00,243,19.4,High,Rainy,Normal
S002,Ring Road,2026-05-19 09:25:00,226,17.6,High,Clear,Normal
S004,Blloku,2026-05-19 09:30:00,227,23.8,Medium,Clear,Normal
S003,Student City,2026-05-19 09:35:00,281,12.0,High,Clear,Normal
S001,Tirana Center,2026-05-19 09:40:00,208,22.4,Medium,Rainy,Heavy Traffic
S001,Tirana Center,2026-05-19 09:45:00,230,8.5,High,Clear,Normal
S006,Zogu i Zi,2026-05-19 09:50:00,155,47.7,Medium,Cloudy,Normal
S006,Zogu i Zi,2026-05-19 09:55:00,269,8,High,Clear,Normal
S007,Airport Road,2026-05-19 10:00:00,131,26.2,Medium,Cloudy,Normal
S003,Student City,2026-05-19 10:05:00,94,40.1,Low,Rainy,Normal
S002,Ring Road,2026-05-19 10:10:00,126,26.6,Medium,Foggy,Normal
S003,Student City,2026-05-19 10:15:00,173,24.2,Medium,Foggy,Normal
S008,New Boulevard,2026-05-19 10:20:00,83,54.0,Low,Cloudy,Roadwork
S002,Ring Road,2026-05-19 10:25:00,88,49.5,Low,Foggy,Normal
S006,Zogu i Zi,2026-05-19 10:30:00,112,47.1,Low,Rainy,Normal
S008,New Boulevard,2026-05-19 10:35:00,117,46.0,Low,Clear,Normal
S008,New Boulevard,2026-05-19 10:40:00,72,60.3,Low,Clear,Normal
S001,Tirana Center,2026-05-19 10:45:00,101,44.7,Low,Clear,Normal
S005,Durres Road,2026-05-19 10:50:00,95,53.0,Low,Cloudy,Normal
S001,Tirana Center,2026-05-19 10:55:00,114,38.3,Low,Foggy,Normal
S002,Ring Road,2026-05-19 11:00:00,117,27.1,Medium,Cloudy,Normal
S002,Ring Road,2026-05-19 11:05:00,98,48.8,Low,Foggy,Normal
S003,Student City,2026-05-19 11:10:00,135,34.6,Medium,Rainy,Normal
S007,Airport Road,2026-05-19 11:15:00,92,34.9,Medium,Rainy,Normal
S005,Durres Road,2026-05-19 11:20:00,99,42.5,Low,Foggy,Normal
S002,Ring Road,2026-05-19 11:25:00,160,19.1,High,Clear,Normal
S008,New Boulevard,2026-05-19 11:30:00,126,46.1,Low,Cloudy,Normal
S008,New Boulevard,2026-05-19 11:35:00,110,40.1,Low,Rainy,Normal
S005,Durres Road,2026-05-19 11:40:00,61,48.5,Low,Cloudy,Normal
S007,Airport Road,2026-05-19 11:45:00,83,42.4,Low,Clear,Normal
S007,Airport Road,2026-05-19 11:50:00,98,47.3,Low,Rainy,Heavy Traffic
S005,Durres Road,2026-05-19 11:55:00,83,37.6,Medium,Rainy,Normal
S002,Ring Road,2026-05-19 12:00:00,95,57.5,Low,Rainy,Normal
S006,Zogu i Zi,2026-05-19 12:05:00,120,45.7,Low,Clear,Normal
S003,Student City,2026-05-19 12:10:00,124,49.5,Low,Clear,Normal
S003,Student City,2026-05-19 12:15:00,112,41.5,Low,Clear,Normal
S004,Blloku,2026-05-19 12:20:00,103,38.5,Low,Rainy,Accident
S007,Airport Road,2026-05-19 12:25:00,164,43.7,Medium,Foggy,Normal
S002,Ring Road,2026-05-19 12:30:00,74,45.2,Low,Foggy,Normal
S003,Student City,2026-05-19 12:35:00,121,48.7,Low,Cloudy,Normal
S005,Durres Road,2026-05-19 12:40:00,65,51.2,Low,Foggy,Normal
S007,Airport Road,2026-05-19 12:45:00,39,42.4,Low,Cloudy,Normal
S003,Student City,2026-05-19 12:50:00,73,42.2,Low,Clear,Normal
S004,Blloku,2026-05-19 12:55:00,134,47.1,Low,Cloudy,Normal
S004,Blloku,2026-05-19 13:00:00,55,36.6,Medium,Foggy,Normal
S001,Tirana Center,2026-05-19 13:05:00,125,42.4,Low,Cloudy,Roadwork
S007,Airport Road,2026-05-19 13:10:00,162,23.0,Medium,Cloudy,Normal
S006,Zogu i Zi,2026-05-19 13:15:00,58,54.4,Low,Rainy,Normal
S007,Airport Road,2026-05-19 13:20:00,102,28.3,Medium,Foggy,Heavy Traffic
S004,Blloku,2026-05-19 13:25:00,61,55.9,Low,Rainy,Normal
S003,Student City,2026-05-19 13:30:00,117,49.2,Low,Cloudy,Normal
S008,New Boulevard,2026-05-19 13:35:00,70,44.9,Low,Rainy,Heavy Traffic
S005,Durres Road,2026-05-19 13:40:00,116,44.5,Low,Clear,Normal
S001,Tirana Center,2026-05-19 13:45:00,102,42.2,Low,Rainy,Normal
S002,Ring Road,2026-05-19 13:50:00,104,28.6,Medium,Foggy,Roadwork
S008,New Boulevard,2026-05-19 13:55:00,131,37.9,Medium,Cloudy,Normal
S002,Ring Road,2026-05-19 14:00:00,124,36.3,Medium,Clear,Accident
S002,Ring Road,2026-05-19 14:05:00,74,58.0,Low,Rainy,Heavy Traffic
S003,Student City,2026-05-19 14:10:00,107,41.9,Low,Clear,Normal
S001,Tirana Center,2026-05-19 14:15:00,124,41.2,Low,Clear,Normal
S007,Airport Road,2026-05-19 14:20:00,85,56.0,Low,Clear,Normal
S002,Ring Road,2026-05-19 14:25:00,76,33.2,Medium,Rainy,Roadwork
S006,Zogu i Zi,2026-05-19 14:30:00,102,26.6,Medium,Foggy,Normal
S007,Airport Road,2026-05-19 14:35:00,138,34.6,Medium,Foggy,Normal
S004,Blloku,2026-05-19 14:40:00,87,53.2,Low,Foggy,Normal
S001,Tirana Center,2026-05-19 14:45:00,61,44.1,Low,Foggy,Normal
S003,Student City,2026-05-19 14:50:00,42,55.4,Low,Cloudy,Normal
S004,Blloku,2026-05-19 14:55:00,80,43.0,Low,Cloudy,Normal
S004,Blloku,2026-05-19 15:00:00,53,49.0,Low,Cloudy,Normal
S003,Student City,2026-05-19 15:05:00,126,41.3,Low,Foggy,Normal
S005,Durres Road,2026-05-19 15:10:00,93,39.3,Low,Rainy,Normal
S005,Durres Road,2026-05-19 15:15:00,100,32.0,Medium,Foggy,Normal
S002,Ring Road,2026-05-19 15:20:00,20,50.4,Low,Clear,Normal
S001,Tirana Center,2026-05-19 15:25:00,68,57.7,Low,Rainy,Normal
S003,Student City,2026-05-19 15:30:00,131,21.9,High,Cloudy,Heavy Traffic
S008,New Boulevard,2026-05-19 15:35:00,125,28.7,Medium,Rainy,Normal
S002,Ring Road,2026-05-19 15:40:00,107,26.4,Medium,Cloudy,Normal
S005,Durres Road,2026-05-19 15:45:00,102,32.1,Medium,Cloudy,Normal
S007,Airport Road,2026-05-19 15:50:00,134,76.0,Low,Cloudy,Normal
S006,Zogu i Zi,2026-05-19 15:55:00,47,50.4,Low,Cloudy,Normal
S003,Student City,2026-05-19 16:00:00,214,37.6,Medium,Foggy,Normal
S003,Student City,2026-05-19 16:05:00,207,27.4,Medium,Clear,Roadwork
S004,Blloku,2026-05-19 16:10:00,246,20.4,High,Rainy,Normal
S005,Durres Road,2026-05-19 16:15:00,316,8,High,Clear,Normal
S001,Tirana Center,2026-05-19 16:20:00,200,37.9,Medium,Rainy,Normal
S001,Tirana Center,2026-05-19 16:25:00,190,34.7,Medium,Clear,Normal
S008,New Boulevard,2026-05-19 16:30:00,253,18.8,High,Clear,Normal
S006,Zogu i Zi,2026-05-19 16:35:00,271,24.4,High,Rainy,Normal
S008,New Boulevard,2026-05-19 16:40:00,224,24.7,Medium,Cloudy,Roadwork
S005,Durres Road,2026-05-19 16:45:00,233,14.5,High,Clear,Accident
S006,Zogu i Zi,2026-05-19 16:50:00,240,22.8,Medium,Rainy,Normal
S008,New Boulevard,2026-05-19 16:55:00,181,35.1,Medium,Rainy,Normal
S005,Durres Road,2026-05-19 17:00:00,201,33.3,Medium,Clear,Normal
S003,Student City,2026-05-19 17:05:00,272,24.7,High,Rainy,Normal
S008,New Boulevard,2026-05-19 17:10:00,213,28.5,Medium,Foggy,Accident
S007,Airport Road,2026-05-19 17:15:00,210,23.7,Medium,Foggy,Normal
S004,Blloku,2026-05-19 17:20:00,238,11.8,High,Clear,Normal
S006,Zogu i Zi,2026-05-19 17:25:00,275,13.5,High,Clear,Accident
S004,Blloku,2026-05-19 17:30:00,254,16.2,High,Rainy,Roadwork
S002,Ring Road,2026-05-19 17:35:00,210,21.6,High,Rainy,Heavy Traffic
S001,Tirana Center,2026-05-19 17:40:00,199,20.0,High,Clear,Normal
S005,Durres Road,2026-05-19 17:45:00,208,36.8,Medium,Clear,Normal
S005,Durres Road,2026-05-19 17:50:00,238,12.3,High,Clear,Normal
S006,Zogu i Zi,2026-05-19 17:55:00,227,40.9,Medium,Cloudy,Normal
S003,Student City,2026-05-19 18:00:00,282,8,High,Clear,Normal
S007,Airport Road,2026-05-19 18:05:00,292,23.9,High,Clear,Roadwork
S003,Student City,2026-05-19 18:10:00,249,8,High,Clear,Normal
S001,Tirana Center,2026-05-19 18:15:00,194,37.4,Medium,Clear,Normal
S008,New Boulevard,2026-05-19 18:20:00,247,18.4,High,Foggy,Heavy Traffic
S001,Tirana Center,2026-05-19 18:25:00,226,25.2,Medium,Foggy,Normal
S007,Airport Road,2026-05-19 18:30:00,218,15.5,High,Cloudy,Normal
S008,New Boulevard,2026-05-19 18:35:00,296,17.6,High,Cloudy,Normal
S003,Student City,2026-05-19 18:40:00,249,40.0,Medium,Rainy,Normal
S001,Tirana Center,2026-05-19 18:45:00,210,28.5,Medium,Rainy,Normal
S004,Blloku,2026-05-19 18:50:00,232,14.5,High,Cloudy,Normal
S006,Zogu i Zi,2026-05-19 18:55:00,194,30.9,Medium,Rainy,Normal
S006,Zogu i Zi,2026-05-19 19:00:00,149,47.4,Low,Foggy,Normal
S001,Tirana Center,2026-05-19 19:05:00,133,38.7,Low,Clear,Normal
S002,Ring Road,2026-05-19 19:10:00,136,44.9,Low,Clear,Normal
S001,Tirana Center,2026-05-19 19:15:00,83,37.1,Medium,Foggy,Normal
S008,New Boulevard,2026-05-19 19:20:00,165,31.1,Medium,Clear,Normal
S003,Student City,2026-05-19 19:25:00,97,31.2,Medium,Foggy,Normal
S002,Ring Road,2026-05-19 19:30:00,186,42.9,Medium,Rainy,Normal
S008,New Boulevard,2026-05-19 19:35:00,103,47.1,Low,Cloudy,Normal
S002,Ring Road,2026-05-19 19:40:00,91,39.8,Low,Cloudy,Normal
S007,Airport Road,2026-05-19 19:45:00,151,33.7,Medium,Clear,Normal
S008,New Boulevard,2026-05-19 19:50:00,64,47.8,Low,Clear,Roadwork
S006,Zogu i Zi,2026-05-19 19:55:00,89,55.2,Low,Cloudy,Normal
S005,Durres Road,2026-05-19 20:00:00,89,43.3,Low,Cloudy,Normal
S006,Zogu i Zi,2026-05-19 20:05:00,62,67.6,Low,Rainy,Heavy Traffic
S008,New Boulevard,2026-05-19 20:10:00,46,43.1,Low,Clear,Normal
S004,Blloku,2026-05-19 20:15:00,79,33.6,Medium,Cloudy,Normal
S006,Zogu i Zi,2026-05-19 20:20:00,82,48.0,Low,Cloudy,Accident
S008,New Boulevard,2026-05-19 20:25:00,84,47.9,Low,Cloudy,Normal
S007,Airport Road,2026-05-19 20:30:00,107,33.5,Medium,Foggy,Normal
S003,Student City,2026-05-19 20:35:00,107,40.2,Low,Rainy,Normal
S002,Ring Road,2026-05-19 20:40:00,65,46.3,Low,Rainy,Heavy Traffic
S001,Tirana Center,2026-05-19 20:45:00,107,54.8,Low,Rainy,Normal
S007,Airport Road,2026-05-19 20:50:00,68,51.2,Low,Cloudy,Normal
S005,Durres Road,2026-05-19 20:55:00,79,41.0,Low,Rainy,Normal
S003,Student City,2026-05-19 21:00:00,81,53.4,Low,Clear,Normal
S006,Zogu i Zi,2026-05-19 21:05:00,49,50.7,Low,Rainy,Roadwork
S003,Student City,2026-05-19 21:10:00,95,47.4,Low,Foggy,Normal
S006,Zogu i Zi,2026-05-19 21:15:00,111,40.0,Low,Cloudy,Normal
S005,Durres Road,2026-05-19 21:20:00,105,43.8,Low,Rainy,Normal
S007,Airport Road,2026-05-19 21:25:00,118,22.4,Medium,Clear,Normal
S004,Blloku,2026-05-19 21:30:00,88,31.3,Medium,Rainy,Normal
S006,Zogu i Zi,2026-05-19 21:35:00,142,30.0,Medium,Cloudy,Normal
S008,New Boulevard,2026-05-19 21:40:00,71,61.5,Low,Cloudy,Normal
S008,New Boulevard,2026-05-19 21:45:00,79,40.4,Low,Clear,Normal
S004,Blloku,2026-05-19 21:50:00,150,33.1,Medium,Foggy,Normal
S008,New Boulevard,2026-05-19 21:55:00,106,65.9,Low,Foggy,Normal
S006,Zogu i Zi,2026-05-19 22:00:00,176,29.3,Medium,Cloudy,Normal
S008,New Boulevard,2026-05-19 22:05:00,127,48.2,Low,Foggy,Normal
S005,Durres Road,2026-05-19 22:10:00,122,30.9,Medium,Rainy,Normal
S001,Tirana Center,2026-05-19 22:15:00,128,32.3,Medium,Cloudy,Normal
S002,Ring Road,2026-05-19 22:20:00,42,56.5,Low,Cloudy,Roadwork
S003,Student City,2026-05-19 22:25:00,111,42.6,Low,Clear,Accident
S006,Zogu i Zi,2026-05-19 22:30:00,183,19.1,High,Clear,Heavy Traffic
S002,Ring Road,2026-05-19 22:35:00,120,35.8,Medium,Clear,Roadwork
S001,Tirana Center,2026-05-19 22:40:00,82,53.5,Low,Foggy,Normal
S005,Durres Road,2026-05-19 22:45:00,90,41.6,Low,Foggy,Normal
S002,Ring Road,2026-05-19 22:50:00,127,32.0,Medium,Cloudy,Accident
S005,Durres Road,2026-05-19 22:55:00,79,21.4,High,Rainy,Normal
S004,Blloku,2026-05-19 23:00:00,113,42.5,Low,Cloudy,Heavy Traffic
S008,New Boulevard,2026-05-19 23:05:00,119,37.1,Medium,Cloudy,Normal
S006,Zogu i Zi,2026-05-19 23:10:00,111,36.5,Medium,Foggy,Roadwork
S007,Airport Road,2026-05-19 23:15:00,145,40.2,Low,Cloudy,Normal
S005,Durres Road,2026-05-19 23:20:00,46,48.1,Low,Clear,Normal
S006,Zogu i Zi,2026-05-19 23:25:00,132,39.3,Low,Foggy,Normal
S007,Airport Road,2026-05-19 23:30:00,87,34.4,Medium,Cloudy,Normal
S002,Ring Road,2026-05-19 23:35:00,48,49.3,Low,Clear,Normal
S003,Student City,2026-05-19 23:40:00,103,37.5,Medium,Cloudy,Normal
S005,Durres Road,2026-05-19 23:45:00,86,43.3,Low,Rainy,Normal
S007,Airport Road,2026-05-19 23:50:00,96,32.4,Medium,Rainy,Normal
S001,Tirana Center,2026-05-19 23:55:00,116,37.5,Medium,Rainy,Normal
S005,Durres Road,2026-05-20 00:00:00,89,38.6,Low,Rainy,Normal
S007,Airport Road,2026-05-20 00:05:00,106,32.5,Medium,Foggy,Normal
S005,Durres Road,2026-05-20 00:10:00,139,52.1,Low,Rainy,Normal
S003,Student City,2026-05-20 00:15:00,84,40.6,Low,Clear,Normal
S006,Zogu i Zi,2026-05-20 00:20:00,89,52.4,Low,Foggy,Normal
S003,Student City,2026-05-20 00:25:00,103,58.5,Low,Foggy,Normal
S002,Ring Road,2026-05-20 00:30:00,118,40.3,Low,Clear,Normal
S006,Zogu i Zi,2026-05-20 00:35:00,92,49.0,Low,Cloudy,Normal
S005,Durres Road,2026-05-20 00:40:00,65,39.4,Low,Foggy,Normal
S002,Ring Road,2026-05-20 00:45:00,108,38.7,Low,Cloudy,Normal
S006,Zogu i Zi,2026-05-20 00:50:00,125,40.0,Low,Cloudy,Normal
S005,Durres Road,2026-05-20 00:55:00,79,35.6,Medium,Rainy,Normal
S006,Zogu i Zi,2026-05-20 01:00:00,103,41.6,Low,Foggy,Normal
S004,Blloku,2026-05-20 01:05:00,174,32.3,Medium,Foggy,Normal
S001,Tirana Center,2026-05-20 01:10:00,45,58.5,Low,Cloudy,Normal
S008,New Boulevard,2026-05-20 01:15:00,120,38.0,Low,Foggy,Normal
S004,Blloku,2026-05-20 01:20:00,170,12.4,High,Clear,Normal
S006,Zogu i Zi,2026-05-20 01:25:00,117,57.4,Low,Rainy,Normal
S001,Tirana Center,2026-05-20 01:30:00,97,36.1,Medium,Foggy,Normal
S001,Tirana Center,2026-05-20 01:35:00,63,43.9,Low,Rainy,Normal
S005,Durres Road,2026-05-20 01:40:00,98,57.4,Low,Cloudy,Normal
S005,Durres Road,2026-05-20 01:45:00,109,52.7,Low,Foggy,Normal
S003,Student City,2026-05-20 01:50:00,128,32.4,Medium,Cloudy,Normal
S002,Ring Road,2026-05-20 01:55:00,112,41.0,Low,Cloudy,Normal
S004,Blloku,2026-05-20 02:00:00,103,40.3,Low,Clear,Normal
S004,Blloku,2026-05-20 02:05:00,113,30.5,Medium,Clear,Roadwork
S004,Blloku,2026-05-20 02:10:00,41,53.3,Low,Clear,Normal
S001,Tirana Center,2026-05-20 02:15:00,144,55.9,Low,Foggy,Heavy Traffic
S003,Student City,2026-05-20 02:20:00,133,38.2,Low,Clear,Normal
S004,Blloku,2026-05-20 02:25:00,50,44.7,Low,Foggy,Normal
S008,New Boulevard,2026-05-20 02:30:00,91,41.0,Low,Foggy,Normal
S007,Airport Road,2026-05-20 02:35:00,132,40.5,Low,Rainy,Heavy Traffic
S005,Durres Road,2026-05-20 02:40:00,86,38.5,Low,Cloudy,Normal
S008,New Boulevard,2026-05-20 02:45:00,144,33.3,Medium,Rainy,Normal
S005,Durres Road,2026-05-20 02:50:00,72,37.2,Medium,Rainy,Normal
S004,Blloku,2026-05-20 02:55:00,79,36.1,Medium,Rainy,Roadwork
S004,Blloku,2026-05-20 03:00:00,76,32.5,Medium,Cloudy,Normal
S006,Zogu i Zi,2026-05-20 03:05:00,113,45.4,Low,Foggy,Normal
S001,Tirana Center,2026-05-20 03:10:00,80,34.8,Medium,Cloudy,Normal
S007,Airport Road,2026-05-20 03:15:00,121,36.7,Medium,Cloudy,Normal
S004,Blloku,2026-05-20 03:20:00,92,35.6,Medium,Cloudy,Normal
S005,Durres Road,2026-05-20 03:25:00,135,27.5,Medium,Rainy,Normal
S006,Zogu i Zi,2026-05-20 03:30:00,108,46.2,Low,Clear,Heavy Traffic
S007,Airport Road,2026-05-20 03:35:00,117,54.1,Low,Foggy,Normal
S001,Tirana Center,2026-05-20 03:40:00,84,53.9,Low,Cloudy,Normal
S006,Zogu i Zi,2026-05-20 03:45:00,140,45.4,Low,Cloudy,Normal
S008,New Boulevard,2026-05-20 03:50:00,70,53.7,Low,Cloudy,Normal
S001,Tirana Center,2026-05-20 03:55:00,34,50.2,Low,Foggy,Accident
S002,Ring Road,2026-05-20 04:00:00,158,38.7,Medium,Rainy,Normal
S004,Blloku,2026-05-20 04:05:00,75,39.2,Low,Foggy,Normal
S002,Ring Road,2026-05-20 04:10:00,130,36.2,Medium,Cloudy,Normal
S007,Airport Road,2026-05-20 04:15:00,143,24.2,Medium,Cloudy,Normal
S001,Tirana Center,2026-05-20 04:20:00,20,71.5,Low,Foggy,Heavy Traffic
S006,Zogu i Zi,2026-05-20 04:25:00,128,44.5,Low,Clear,Normal
S008,New Boulevard,2026-05-20 04:30:00,78,52.1,Low,Rainy,Normal
S004,Blloku,2026-05-20 04:35:00,97,38.9,Low,Foggy,Normal
S001,Tirana Center,2026-05-20 04:40:00,49,31.5,Medium,Cloudy,Normal
S008,New Boulevard,2026-05-20 04:45:00,92,51.2,Low,Rainy,Normal
S002,Ring Road,2026-05-20 04:50:00,167,28.5,Medium,Rainy,Normal
S002,Ring Road,2026-05-20 04:55:00,159,35.2,Medium,Cloudy,Accident
S001,Tirana Center,2026-05-20 05:00:00,94,25.4,Medium,Rainy,Heavy Traffic
S001,Tirana Center,2026-05-20 05:05:00,111,38.9,Low,Foggy,Normal
S004,Blloku,2026-05-20 05:10:00,77,40.3,Low,Foggy,Normal
S001,Tirana Center,2026-05-20 05:15:00,99,53.7,Low,Cloudy,Normal
S007,Airport Road,2026-05-20 05:20:00,63,62.1,Low,Foggy,Normal
S002,Ring Road,2026-05-20 05:25:00,130,42.5,Low,Clear,Normal
S003,Student City,2026-05-20 05:30:00,84,48.0,Low,Clear,Normal
S003,Student City,2026-05-20 05:35:00,95,51.8,Low,Cloudy,Normal
S001,Tirana Center,2026-05-20 05:40:00,111,33.1,Medium,Foggy,Normal
S008,New Boulevard,2026-05-20 05:45:00,123,44.9,Low,Foggy,Normal
S006,Zogu i Zi,2026-05-20 05:50:00,127,46.1,Low,Foggy,Roadwork
S005,Durres Road,2026-05-20 05:55:00,143,39.7,Low,Foggy,Normal
S001,Tirana Center,2026-05-20 06:00:00,177,32.6,Medium,Foggy,Normal
S008,New Boulevard,2026-05-20 06:05:00,144,36.5,Medium,Clear,Normal
S004,Blloku,2026-05-20 06:10:00,98,50.2,Low,Cloudy,Normal
S001,Tirana Center,2026-05-20 06:15:00,70,30.7,Medium,Clear,Normal
S001,Tirana Center,2026-05-20 06:20:00,161,39.6,Medium,Clear,Normal
S003,Student City,2026-05-20 06:25:00,121,29.4,Medium,Foggy,Normal
S003,Student City,2026-05-20 06:30:00,155,28.8,Medium,Clear,Normal
S003,Student City,2026-05-20 06:35:00,62,54.8,Low,Cloudy,Normal
S004,Blloku,2026-05-20 06:40:00,132,38.9,Low,Cloudy,Normal
S006,Zogu i Zi,2026-05-20 06:45:00,117,26.0,Medium,Clear,Normal
S001,Tirana Center,2026-05-20 06:50:00,161,18.3,High,Rainy,Normal
S003,Student City,2026-05-20 06:55:00,104,23.8,Medium,Foggy,Normal
S005,Durres Road,2026-05-20 07:00:00,223,14.1,High,Cloudy,Normal
S008,New Boulevard,2026-05-20 07:05:00,207,32.9,Medium,Cloudy,Heavy Traffic
S008,New Boulevard,2026-05-20 07:10:00,181,35.7,Medium,Cloudy,Normal
S008,New Boulevard,2026-05-20 07:15:00,198,15.3,High,Foggy,Normal
S002,Ring Road,2026-05-20 07:20:00,223,15.6,High,Foggy,Normal
S005,Durres Road,2026-05-20 07:25:00,198,31.4,Medium,Clear,Normal
S006,Zogu i Zi,2026-05-20 07:30:00,273,12.1,High,Cloudy,Normal
S006,Zogu i Zi,2026-05-20 07:35:00,179,30.4,Medium,Rainy,Normal
S008,New Boulevard,2026-05-20 07:40:00,233,23.2,Medium,Clear,Normal
S004,Blloku,2026-05-20 07:45:00,196,19.9,High,Foggy,Heavy Traffic
S001,Tirana Center,2026-05-20 07:50:00,259,16.7,High,Cloudy,Normal
S008,New Boulevard,2026-05-20 07:55:00,269,28.4,High,Cloudy,Normal
S002,Ring Road,2026-05-20 08:00:00,249,8.6,High,Rainy,Normal
S005,Durres Road,2026-05-20 08:05:00,244,23.4,Medium,Clear,Roadwork
S004,Blloku,2026-05-20 08:10:00,289,12.7,High,Cloudy,Normal
S002,Ring Road,2026-05-20 08:15:00,185,8,High,Cloudy,Normal
S007,Airport Road,2026-05-20 08:20:00,275,21.3,High,Clear,Normal
S006,Zogu i Zi,2026-05-20 08:25:00,251,18.0,High,Rainy,Normal
S007,Airport Road,2026-05-20 08:30:00,196,26.0,Medium,Clear,Normal
S003,Student City,2026-05-20 08:35:00,257,8,High,Foggy,Normal
S001,Tirana Center,2026-05-20 08:40:00,217,19.3,High,Foggy,Normal
S006,Zogu i Zi,2026-05-20 08:45:00,266,8,High,Clear,Accident
S003,Student City,2026-05-20 08:50:00,272,8.8,High,Foggy,Normal
S007,Airport Road,2026-05-20 08:55:00,185,23.6,Medium,Rainy,Normal
S005,Durres Road,2026-05-20 09:00:00,224,29.9,Medium,Rainy,Normal
S003,Student City,2026-05-20 09:05:00,237,21.3,High,Cloudy,Normal
S001,Tirana Center,2026-05-20 09:10:00,211,41.9,Medium,Clear,Normal
S002,Ring Road,2026-05-20 09:15:00,233,13.7,High,Rainy,Normal
S001,Tirana Center,2026-05-20 09:20:00,267,10.7,High,Foggy,Normal
S006,Zogu i Zi,2026-05-20 09:25:00,246,13.7,High,Clear,Normal
S003,Student City,2026-05-20 09:30:00,204,30.2,Medium,Clear,Normal
S003,Student City,2026-05-20 09:35:00,175,28.1,Medium,Foggy,Normal
S006,Zogu i Zi,2026-05-20 09:40:00,250,17.2,High,Cloudy,Normal
S001,Tirana Center,2026-05-20 09:45:00,193,17.8,High,Cloudy,Normal
S005,Durres Road,2026-05-20 09:50:00,206,22.4,Medium,Rainy,Normal
S003,Student City,2026-05-20 09:55:00,233,8.9,High,Clear,Normal
S004,Blloku,2026-05-20 10:00:00,38,58.4,Low,Clear,Normal
S007,Airport Road,2026-05-20 10:05:00,118,34.2,Medium,Foggy,Normal
S005,Durres Road,2026-05-20 10:10:00,120,38.1,Low,Cloudy,Normal
S005,Durres Road,2026-05-20 10:15:00,51,55.6,Low,Clear,Normal
S007,Airport Road,2026-05-20 10:20:00,140,31.0,Medium,Rainy,Normal
S004,Blloku,2026-05-20 10:25:00,82,43.7,Low,Cloudy,Normal
S003,Student City,2026-05-20 10:30:00,113,51.6,Low,Cloudy,Normal
S006,Zogu i Zi,2026-05-20 10:35:00,87,53.7,Low,Rainy,Normal
S008,New Boulevard,2026-05-20 10:40:00,65,39.9,Low,Clear,Normal
S004,Blloku,2026-05-20 10:45:00,126,40.2,Low,Foggy,Normal
S003,Student City,2026-05-20 10:50:00,136,50.3,Low,Clear,Heavy Traffic
S004,Blloku,2026-05-20 10:55:00,127,32.8,Medium,Clear,Normal
S001,Tirana Center,2026-05-20 11:00:00,60,65.3,Low,Rainy,Accident
S002,Ring Road,2026-05-20 11:05:00,83,57.4,Low,Foggy,Normal
S008,New Boulevard,2026-05-20 11:10:00,86,48.3,Low,Rainy,Roadwork
S004,Blloku,2026-05-20 11:15:00,85,43.5,Low,Cloudy,Normal
S008,New Boulevard,2026-05-20 11:20:00,118,27.0,Medium,Clear,Normal
S004,Blloku,2026-05-20 11:25:00,95,49.6,Low,Foggy,Normal
S008,New Boulevard,2026-05-20 11:30:00,85,34.6,Medium,Clear,Normal
S008,New Boulevard,2026-05-20 11:35:00,148,20.1,High,Rainy,Normal
S008,New Boulevard,2026-05-20 11:40:00,134,40.6,Low,Rainy,Heavy Traffic
S001,Tirana Center,2026-05-20 11:45:00,157,34.7,Medium,Foggy,Normal
S007,Airport Road,2026-05-20 11:50:00,97,35.1,Medium,Foggy,Normal
S004,Blloku,2026-05-20 11:55:00,145,51.7,Low,Rainy,Heavy Traffic
S004,Blloku,2026-05-20 12:00:00,114,52.2,Low,Clear,Normal
S008,New Boulevard,2026-05-20 12:05:00,133,29.3,Medium,Clear,Normal
S005,Durres Road,2026-05-20 12:10:00,115,38.2,Low,Rainy,Normal
S002,Ring Road,2026-05-20 12:15:00,89,27.8,Medium,Cloudy,Normal
S005,Durres Road,2026-05-20 12:20:00,76,59.1,Low,Cloudy,Normal
S002,Ring Road,2026-05-20 12:25:00,94,48.4,Low,Cloudy,Normal
S008,New Boulevard,2026-05-20 12:30:00,65,39.8,Low,Clear,Normal
S004,Blloku,2026-05-20 12:35:00,95,35.2,Medium,Foggy,Normal
S001,Tirana Center,2026-05-20 12:40:00,113,24.7,Medium,Clear,Normal
S005,Durres Road,2026-05-20 12:45:00,51,41.4,Low,Foggy,Normal
S008,New Boulevard,2026-05-20 12:50:00,110,47.7,Low,Clear,Normal
S006,Zogu i Zi,2026-05-20 12:55:00,96,50.1,Low,Foggy,Normal
S002,Ring Road,2026-05-20 13:00:00,131,42.3,Low,Cloudy,Normal
S001,Tirana Center,2026-05-20 13:05:00,80,36.2,Medium,Foggy,Roadwork
S002,Ring Road,2026-05-20 13:10:00,41,48.3,Low,Clear,Heavy Traffic
S003,Student City,2026-05-20 13:15:00,136,38.4,Low,Foggy,Normal
S002,Ring Road,2026-05-20 13:20:00,53,47.2,Low,Cloudy,Normal
S001,Tirana Center,2026-05-20 13:25:00,20,37.7,Medium,Rainy,Normal
S002,Ring Road,2026-05-20 13:30:00,122,26.2,Medium,Clear,Normal
S004,Blloku,2026-05-20 13:35:00,89,35.3,Medium,Clear,Normal
S004,Blloku,2026-05-20 13:40:00,152,39.8,Medium,Rainy,Normal
S006,Zogu i Zi,2026-05-20 13:45:00,127,25.1,Medium,Rainy,Roadwork
S003,Student City,2026-05-20 13:50:00,146,38.9,Low,Clear,Roadwork
S007,Airport Road,2026-05-20 13:55:00,81,33.0,Medium,Rainy,Roadwork
S004,Blloku,2026-05-20 14:00:00,95,55.7,Low,Rainy,Normal
S002,Ring Road,2026-05-20 14:05:00,137,25.4,Medium,Foggy,Normal
S003,Student City,2026-05-20 14:10:00,119,18.7,High,Rainy,Normal
S001,Tirana Center,2026-05-20 14:15:00,77,53.6,Low,Foggy,Normal
S007,Airport Road,2026-05-20 14:20:00,50,48.5,Low,Foggy,Accident
S007,Airport Road,2026-05-20 14:25:00,73,48.7,Low,Foggy,Normal
S003,Student City,2026-05-20 14:30:00,47,47.9,Low,Clear,Normal
S007,Airport Road,2026-05-20 14:35:00,105,54.9,Low,Rainy,Normal
S001,Tirana Center,2026-05-20 14:40:00,134,33.8,Medium,Foggy,Normal
S003,Student City,2026-05-20 14:45:00,86,31.5,Medium,Rainy,Normal
S002,Ring Road,2026-05-20 14:50:00,83,46.5,Low,Rainy,Normal
S005,Durres Road,2026-05-20 14:55:00,85,52.6,Low,Foggy,Accident
S004,Blloku,2026-05-20 15:00:00,68,37.2,Medium,Rainy,Accident
S006,Zogu i Zi,2026-05-20 15:05:00,22,54.0,Low,Clear,Normal
S002,Ring Road,2026-05-20 15:10:00,86,37.3,Medium,Rainy,Normal
S008,New Boulevard,2026-05-20 15:15:00,121,25.2,Medium,Cloudy,Normal
S007,Airport Road,2026-05-20 15:20:00,152,34.2,Medium,Clear,Normal
S008,New Boulevard,2026-05-20 15:25:00,20,71.3,Low,Foggy,Normal
S007,Airport Road,2026-05-20 15:30:00,110,41.0,Low,Clear,Normal
S006,Zogu i Zi,2026-05-20 15:35:00,162,28.4,Medium,Cloudy,Normal
S008,New Boulevard,2026-05-20 15:40:00,110,44.3,Low,Cloudy,Normal
S001,Tirana Center,2026-05-20 15:45:00,144,31.7,Medium,Clear,Normal
S001,Tirana Center,2026-05-20 15:50:00,80,45.2,Low,Rainy,Normal
S002,Ring Road,2026-05-20 15:55:00,151,21.3,High,Rainy,Normal
S003,Student City,2026-05-20 16:00:00,220,26.3,Medium,Cloudy,Heavy Traffic
S007,Airport Road,2026-05-20 16:05:00,200,38.7,Medium,Clear,Normal
S002,Ring Road,2026-05-20 16:10:00,195,14.3,High,Cloudy,Normal
S005,Durres Road,2026-05-20 16:15:00,249,8.3,High,Foggy,Normal
S005,Durres Road,2026-05-20 16:20:00,202,19.7,High,Foggy,Roadwork
S007,Airport Road,2026-05-20 16:25:00,192,30.9,Medium,Rainy,Normal
S008,New Boulevard,2026-05-20 16:30:00,232,16.3,High,Cloudy,Normal
S005,Durres Road,2026-05-20 16:35:00,270,12.1,High,Clear,Normal
S001,Tirana Center,2026-05-20 16:40:00,207,36.6,Medium,Foggy,Normal
S002,Ring Road,2026-05-20 16:45:00,220,27.8,Medium,Rainy,Normal
S007,Airport Road,2026-05-20 16:50:00,200,14.0,High,Rainy,Heavy Traffic
S002,Ring Road,2026-05-20 16:55:00,286,13.9,High,Rainy,Accident
S003,Student City,2026-05-20 17:00:00,294,8.1,High,Rainy,Normal
S001,Tirana Center,2026-05-20 17:05:00,212,8,High,Cloudy,Normal
S006,Zogu i Zi,2026-05-20 17:10:00,212,26.8,Medium,Rainy,Heavy Traffic
S005,Durres Road,2026-05-20 17:15:00,221,22.2,Medium,Cloudy,Normal
S007,Airport Road,2026-05-20 17:20:00,162,16.9,High,Cloudy,Normal
S001,Tirana Center,2026-05-20 17:25:00,209,13.8,High,Clear,Normal
S004,Blloku,2026-05-20 17:30:00,243,13.6,High,Cloudy,Normal
S001,Tirana Center,2026-05-20 17:35:00,201,37.6,Medium,Rainy,Normal
S008,New Boulevard,2026-05-20 17:40:00,235,35.0,Medium,Clear,Normal
S006,Zogu i Zi,2026-05-20 17:45:00,267,10.7,High,Cloudy,Roadwork
S004,Blloku,2026-05-20 17:50:00,232,8,High,Clear,Normal
S003,Student City,2026-05-20 17:55:00,244,24.3,Medium,Clear,Heavy Traffic
S008,New Boulevard,2026-05-20 18:00:00,164,40.9,Medium,Clear,Heavy Traffic
S001,Tirana Center,2026-05-20 18:05:00,253,8,High,Foggy,Normal
S005,Durres Road,2026-05-20 18:10:00,188,30.8,Medium,Clear,Normal
S008,New Boulevard,2026-05-20 18:15:00,162,14.9,High,Foggy,Normal
S001,Tirana Center,2026-05-20 18:20:00,202,33.0,Medium,Rainy,Normal
S005,Durres Road,2026-05-20 18:25:00,315,19.7,High,Clear,Normal
S002,Ring Road,2026-05-20 18:30:00,284,11.7,High,Clear,Normal
S008,New Boulevard,2026-05-20 18:35:00,252,10.9,High,Foggy,Normal
S006,Zogu i Zi,2026-05-20 18:40:00,198,25.2,Medium,Rainy,Normal
S006,Zogu i Zi,2026-05-20 18:45:00,229,13.8,High,Foggy,Normal
S008,New Boulevard,2026-05-20 18:50:00,167,30.5,Medium,Clear,Normal
S002,Ring Road,2026-05-20 18:55:00,234,36.9,Medium,Cloudy,Normal
S006,Zogu i Zi,2026-05-20 19:00:00,95,33.6,Medium,Clear,Normal
S008,New Boulevard,2026-05-20 19:05:00,90,42.1,Low,Cloudy,Normal
S003,Student City,2026-05-20 19:10:00,126,43.4,Low,Foggy,Normal
S005,Durres Road,2026-05-20 19:15:00,110,18.9,High,Clear,Normal
S001,Tirana Center,2026-05-20 19:20:00,61,52.3,Low,Cloudy,Normal
S005,Durres Road,2026-05-20 19:25:00,85,34.6,Medium,Foggy,Normal
S001,Tirana Center,2026-05-20 19:30:00,95,34.6,Medium,Rainy,Normal
S001,Tirana Center,2026-05-20 19:35:00,69,55.9,Low,Rainy,Normal
S004,Blloku,2026-05-20 19:40:00,106,38.2,Low,Foggy,Normal
S003,Student City,2026-05-20 19:45:00,141,44.5,Low,Foggy,Roadwork
S001,Tirana Center,2026-05-20 19:50:00,93,37.7,Medium,Rainy,Roadwork
S007,Airport Road,2026-05-20 19:55:00,140,42.7,Low,Cloudy,Normal
S005,Durres Road,2026-05-20 20:00:00,45,57.4,Low,Clear,Normal
S003,Student City,2026-05-20 20:05:00,136,43.3,Low,Clear,Normal
S003,Student City,2026-05-20 20:10:00,124,40.0,Low,Rainy,Normal
S001,Tirana Center,2026-05-20 20:15:00,67,42.7,Low,Clear,Normal
S008,New Boulevard,2026-05-20 20:20:00,93,39.4,Low,Clear,Heavy Traffic
S004,Blloku,2026-05-20 20:25:00,94,59.4,Low,Clear,Normal
S002,Ring Road,2026-05-20 20:30:00,81,56.1,Low,Rainy,Normal
S008,New Boulevard,2026-05-20 20:35:00,85,52.7,Low,Cloudy,Normal
S008,New Boulevard,2026-05-20 20:40:00,112,42.1,Low,Foggy,Normal
S004,Blloku,2026-05-20 20:45:00,140,26.8,Medium,Clear,Normal
S006,Zogu i Zi,2026-05-20 20:50:00,71,56.8,Low,Cloudy,Normal
S003,Student City,2026-05-20 20:55:00,99,37.5,Medium,Cloudy,Normal
S008,New Boulevard,2026-05-20 21:00:00,48,38.2,Low,Rainy,Normal
S002,Ring Road,2026-05-20 21:05:00,91,32.8,Medium,Cloudy,Normal
S002,Ring Road,2026-05-20 21:10:00,109,25.4,Medium,Clear,Normal
S007,Airport Road,2026-05-20 21:15:00,44,36.6,Medium,Foggy,Normal
S001,Tirana Center,2026-05-20 21:20:00,116,26.6,Medium,Clear,Normal
S008,New Boulevard,2026-05-20 21:25:00,74,48.6,Low,Cloudy,Normal
S004,Blloku,2026-05-20 21:30:00,129,30.2,Medium,Cloudy,Normal
S005,Durres Road,2026-05-20 21:35:00,55,37.9,Medium,Foggy,Normal
S003,Student City,2026-05-20 21:40:00,94,37.8,Medium,Rainy,Normal
S007,Airport Road,2026-05-20 21:45:00,112,42.1,Low,Foggy,Accident
S002,Ring Road,2026-05-20 21:50:00,69,46.1,Low,Rainy,Normal
S007,Airport Road,2026-05-20 21:55:00,93,44.6,Low,Foggy,Normal
S005,Durres Road,2026-05-20 22:00:00,88,40.8,Low,Cloudy,Normal
S007,Airport Road,2026-05-20 22:05:00,94,28.9,Medium,Clear,Normal
S005,Durres Road,2026-05-20 22:10:00,159,44.7,Medium,Rainy,Normal
S002,Ring Road,2026-05-20 22:15:00,88,48.1,Low,Foggy,Normal
S004,Blloku,2026-05-20 22:20:00,91,57.4,Low,Cloudy,Normal
S007,Airport Road,2026-05-20 22:25:00,88,39.6,Low,Cloudy,Normal
S003,Student City,2026-05-20 22:30:00,69,64.3,Low,Rainy,Normal
S003,Student City,2026-05-20 22:35:00,131,46.2,Low,Foggy,Normal
S005,Durres Road,2026-05-20 22:40:00,95,30.0,Medium,Rainy,Normal
S003,Student City,2026-05-20 22:45:00,135,37.5,Medium,Cloudy,Normal
S003,Student City,2026-05-20 22:50:00,94,60.2,Low,Rainy,Normal
S007,Airport Road,2026-05-20 22:55:00,126,34.5,Medium,Clear,Normal
S001,Tirana Center,2026-05-20 23:00:00,189,25.0,Medium,Rainy,Normal
S001,Tirana Center,2026-05-20 23:05:00,123,42.2,Low,Foggy,Normal
S004,Blloku,2026-05-20 23:10:00,128,37.2,Medium,Clear,Normal
S004,Blloku,2026-05-20 23:15:00,178,33.9,Medium,Clear,Normal
S006,Zogu i Zi,2026-05-20 23:20:00,121,42.9,Low,Cloudy,Normal
S002,Ring Road,2026-05-20 23:25:00,71,49.7,Low,Cloudy,Normal
S007,Airport Road,2026-05-20 23:30:00,84,40.6,Low,Clear,Normal
S003,Student City,2026-05-20 23:35:00,72,21.4,High,Cloudy,Heavy Traffic
S006,Zogu i Zi,2026-05-20 23:40:00,171,40.3,Medium,Rainy,Normal
S001,Tirana Center,2026-05-20 23:45:00,57,45.1,Low,Foggy,Normal
S004,Blloku,2026-05-20 23:50:00,60,37.5,Medium,Clear,Normal
S008,New Boulevard,2026-05-20 23:55:00,170,22.5,Medium,Foggy,Normal
S002,Ring Road,2026-05-21 00:00:00,150,27.6,Medium,Clear,Normal
S001,Tirana Center,2026-05-21 00:05:00,72,36.0,Medium,Rainy,Normal
S003,Student City,2026-05-21 00:10:00,126,30.8,Medium,Foggy,Normal
S001,Tirana Center,2026-05-21 00:15:00,110,38.1,Low,Cloudy,Normal
S007,Airport Road,2026-05-21 00:20:00,108,28.4,Medium,Clear,Normal
S006,Zogu i Zi,2026-05-21 00:25:00,106,45.2,Low,Foggy,Normal
S001,Tirana Center,2026-05-21 00:30:00,112,26.8,Medium,Foggy,Normal
S007,Airport Road,2026-05-21 00:35:00,136,14.7,High,Foggy,Accident
S006,Zogu i Zi,2026-05-21 00:40:00,53,43.1,Low,Clear,Normal
S007,Airport Road,2026-05-21 00:45:00,56,47.7,Low,Clear,Normal
S004,Blloku,2026-05-21 00:50:00,88,17.7,High,Cloudy,Normal
S003,Student City,2026-05-21 00:55:00,93,22.0,Medium,Clear,Normal
S003,Student City,2026-05-21 01:00:00,86,46.7,Low,Foggy,Roadwork
S008,New Boulevard,2026-05-21 01:05:00,69,48.0,Low,Foggy,Normal
S007,Airport Road,2026-05-21 01:10:00,90,50.1,Low,Cloudy,Normal
S003,Student City,2026-05-21 01:15:00,96,50.5,Low,Clear,Normal
S002,Ring Road,2026-05-21 01:20:00,71,46.4,Low,Clear,Normal
S008,New Boulevard,2026-05-21 01:25:00,89,32.0,Medium,Foggy,Normal
S008,New Boulevard,2026-05-21 01:30:00,160,34.1,Medium,Cloudy,Accident
S002,Ring Road,2026-05-21 01:35:00,113,36.3,Medium,Cloudy,Normal
S006,Zogu i Zi,2026-05-21 01:40:00,109,30.7,Medium,Clear,Normal
S005,Durres Road,2026-05-21 01:45:00,157,38.6,Medium,Rainy,Normal
S001,Tirana Center,2026-05-21 01:50:00,152,44.4,Medium,Cloudy,Normal
S008,New Boulevard,2026-05-21 01:55:00,82,59.4,Low,Clear,Normal
S002,Ring Road,2026-05-21 02:00:00,102,39.4,Low,Foggy,Normal
S007,Airport Road,2026-05-21 02:05:00,80,53.4,Low,Foggy,Normal
S002,Ring Road,2026-05-21 02:10:00,89,47.7,Low,Rainy,Normal
S002,Ring Road,2026-05-21 02:15:00,145,41.9,Low,Clear,Normal
S003,Student City,2026-05-21 02:20:00,130,49.0,Low,Cloudy,Normal
S003,Student City,2026-05-21 02:25:00,87,33.5,Medium,Clear,Normal
S006,Zogu i Zi,2026-05-21 02:30:00,139,29.1,Medium,Foggy,Normal
S003,Student City,2026-05-21 02:35:00,87,49.8,Low,Foggy,Normal
S004,Blloku,2026-05-21 02:40:00,128,27.7,Medium,Rainy,Normal
S005,Durres Road,2026-05-21 02:45:00,90,51.2,Low,Rainy,Normal
S004,Blloku,2026-05-21 02:50:00,89,42.3,Low,Rainy,Normal
S005,Durres Road,2026-05-21 02:55:00,71,43.6,Low,Clear,Normal
S002,Ring Road,2026-05-21 03:00:00,56,65.0,Low,Clear,Normal
S004,Blloku,2026-05-21 03:05:00,76,38.2,Low,Clear,Normal
S003,Student City,2026-05-21 03:10:00,87,52.9,Low,Cloudy,Normal
S007,Airport Road,2026-05-21 03:15:00,124,51.2,Low,Clear,Normal
S007,Airport Road,2026-05-21 03:20:00,157,23.0,Medium,Cloudy,Normal
S003,Student City,2026-05-21 03:25:00,154,46.7,Medium,Rainy,Normal
S002,Ring Road,2026-05-21 03:30:00,106,46.7,Low,Clear,Normal
S002,Ring Road,2026-05-21 03:35:00,89,45.7,Low,Clear,Normal
S002,Ring Road,2026-05-21 03:40:00,134,39.5,Low,Foggy,Normal
S007,Airport Road,2026-05-21 03:45:00,61,41.2,Low,Clear,Normal
S003,Student City,2026-05-21 03:50:00,82,52.0,Low,Foggy,Normal
S003,Student City,2026-05-21 03:55:00,106,64.6,Low,Cloudy,Normal
S005,Durres Road,2026-05-21 04:00:00,131,20.7,High,Rainy,Normal
S006,Zogu i Zi,2026-05-21 04:05:00,116,41.6,Low,Cloudy,Normal
S002,Ring Road,2026-05-21 04:10:00,139,37.9,Medium,Clear,Normal
S002,Ring Road,2026-05-21 04:15:00,69,44.8,Low,Clear,Accident
S007,Airport Road,2026-05-21 04:20:00,72,46.6,Low,Cloudy,Normal
S008,New Boulevard,2026-05-21 04:25:00,80,48.8,Low,Foggy,Normal
S003,Student City,2026-05-21 04:30:00,60,48.2,Low,Cloudy,Normal
S001,Tirana Center,2026-05-21 04:35:00,139,45.6,Low,Clear,Normal
S004,Blloku,2026-05-21 04:40:00,97,31.7,Medium,Rainy,Normal
S003,Student City,2026-05-21 04:45:00,123,43.4,Low,Cloudy,Normal
S005,Durres Road,2026-05-21 04:50:00,130,45.2,Low,Cloudy,Accident
S008,New Boulevard,2026-05-21 04:55:00,72,45.3,Low,Foggy,Normal
S002,Ring Road,2026-05-21 05:00:00,197,13.5,High,Foggy,Normal
S001,Tirana Center,2026-05-21 05:05:00,110,48.6,Low,Rainy,Normal
S003,Student City,2026-05-21 05:10:00,119,44.0,Low,Rainy,Normal
S001,Tirana Center,2026-05-21 05:15:00,117,46.2,Low,Clear,Normal
S008,New Boulevard,2026-05-21 05:20:00,79,31.1,Medium,Rainy,Normal
S006,Zogu i Zi,2026-05-21 05:25:00,134,44.9,Low,Foggy,Normal
S006,Zogu i Zi,2026-05-21 05:30:00,141,43.2,Low,Foggy,Normal
S004,Blloku,2026-05-21 05:35:00,71,42.5,Low,Clear,Normal
S004,Blloku,2026-05-21 05:40:00,131,46.9,Low,Cloudy,Normal
S002,Ring Road,2026-05-21 05:45:00,125,31.1,Medium,Cloudy,Heavy Traffic
S007,Airport Road,2026-05-21 05:50:00,112,42.6,Low,Cloudy,Normal
S002,Ring Road,2026-05-21 05:55:00,123,33.7,Medium,Rainy,Heavy Traffic
S006,Zogu i Zi,2026-05-21 06:00:00,94,47.5,Low,Rainy,Normal
S005,Durres Road,2026-05-21 06:05:00,140,28.7,Medium,Clear,Heavy Traffic
S003,Student City,2026-05-21 06:10:00,125,43.1,Low,Clear,Normal
S008,New Boulevard,2026-05-21 06:15:00,116,36.3,Medium,Clear,Normal
S002,Ring Road,2026-05-21 06:20:00,113,43.9,Low,Foggy,Normal
S002,Ring Road,2026-05-21 06:25:00,75,50.8,Low,Foggy,Normal
S008,New Boulevard,2026-05-21 06:30:00,81,49.9,Low,Foggy,Normal
S004,Blloku,2026-05-21 06:35:00,97,43.4,Low,Rainy,Normal
S001,Tirana Center,2026-05-21 06:40:00,56,60.8,Low,Cloudy,Normal
S008,New Boulevard,2026-05-21 06:45:00,117,46.3,Low,Foggy,Normal
S003,Student City,2026-05-21 06:50:00,92,24.7,Medium,Rainy,Normal
S001,Tirana Center,2026-05-21 06:55:00,89,39.9,Low,Cloudy,Normal
S001,Tirana Center,2026-05-21 07:00:00,204,23.5,Medium,Clear,Normal
S004,Blloku,2026-05-21 07:05:00,187,31.0,Medium,Rainy,Normal
S001,Tirana Center,2026-05-21 07:10:00,188,29.1,Medium,Clear,Normal
S002,Ring Road,2026-05-21 07:15:00,294,8,High,Cloudy,Normal
S006,Zogu i Zi,2026-05-21 07:20:00,214,30.7,Medium,Clear,Normal
S004,Blloku,2026-05-21 07:25:00,236,18.4,High,Rainy,Normal
S003,Student City,2026-05-21 07:30:00,216,31.7,Medium,Cloudy,Heavy Traffic
S006,Zogu i Zi,2026-05-21 07:35:00,157,31.8,Medium,Cloudy,Heavy Traffic
S007,Airport Road,2026-05-21 07:40:00,214,25.2,Medium,Rainy,Normal
S003,Student City,2026-05-21 07:45:00,233,16.0,High,Rainy,Normal
S003,Student City,2026-05-21 07:50:00,255,12.3,High,Cloudy,Roadwork
S003,Student City,2026-05-21 07:55:00,283,14.4,High,Clear,Normal
S002,Ring Road,2026-05-21 08:00:00,227,14.6,High,Foggy,Normal
S002,Ring Road,2026-05-21 08:05:00,256,22.1,High,Foggy,Normal
S003,Student City,2026-05-21 08:10:00,254,16.1,High,Rainy,Normal
S006,Zogu i Zi,2026-05-21 08:15:00,150,32.7,Medium,Rainy,Normal
S004,Blloku,2026-05-21 08:20:00,242,36.4,Medium,Rainy,Normal
S008,New Boulevard,2026-05-21 08:25:00,173,28.5,Medium,Cloudy,Normal
S005,Durres Road,2026-05-21 08:30:00,182,44.9,Medium,Cloudy,Normal
S008,New Boulevard,2026-05-21 08:35:00,222,23.0,Medium,Clear,Normal
S003,Student City,2026-05-21 08:40:00,214,24.4,Medium,Foggy,Normal
S002,Ring Road,2026-05-21 08:45:00,120,43.1,Low,Rainy,Normal
S005,Durres Road,2026-05-21 08:50:00,215,15.2,High,Rainy,Normal
S005,Durres Road,2026-05-21 08:55:00,227,10.9,High,Cloudy,Normal
S005,Durres Road,2026-05-21 09:00:00,274,9.1,High,Clear,Normal
S003,Student City,2026-05-21 09:05:00,266,13.6,High,Clear,Accident
S003,Student City,2026-05-21 09:10:00,219,10.4,High,Foggy,Normal
S001,Tirana Center,2026-05-21 09:15:00,241,20.8,High,Foggy,Normal
S008,New Boulevard,2026-05-21 09:20:00,272,8,High,Clear,Normal
S007,Airport Road,2026-05-21 09:25:00,195,37.5,Medium,Rainy,Normal
S006,Zogu i Zi,2026-05-21 09:30:00,223,8,High,Rainy,Normal
S006,Zogu i Zi,2026-05-21 09:35:00,236,17.0,High,Foggy,Roadwork
S003,Student City,2026-05-21 09:40:00,198,32.2,Medium,Rainy,Normal
S001,Tirana Center,2026-05-21 09:45:00,229,12.1,High,Rainy,Normal
S005,Durres Road,2026-05-21 09:50:00,177,29.7,Medium,Rainy,Normal
S008,New Boulevard,2026-05-21 09:55:00,252,8,High,Foggy,Normal
S007,Airport Road,2026-05-21 10:00:00,69,43.5,Low,Clear,Normal
S007,Airport Road,2026-05-21 10:05:00,96,45.9,Low,Cloudy,Normal
S002,Ring Road,2026-05-21 10:10:00,134,47.8,Low,Clear,Normal
S004,Blloku,2026-05-21 10:15:00,96,42.6,Low,Rainy,Normal
S008,New Boulevard,2026-05-21 10:20:00,74,43.4,Low,Rainy,Normal
S006,Zogu i Zi,2026-05-21 10:25:00,81,47.2,Low,Rainy,Normal
S003,Student City,2026-05-21 10:30:00,122,39.1,Low,Foggy,Normal
S007,Airport Road,2026-05-21 10:35:00,93,54.2,Low,Cloudy,Normal
S006,Zogu i Zi,2026-05-21 10:40:00,136,34.5,Medium,Foggy,Normal
S007,Airport Road,2026-05-21 10:45:00,72,52.4,Low,Foggy,Normal
S008,New Boulevard,2026-05-21 10:50:00,136,32.1,Medium,Cloudy,Normal
S002,Ring Road,2026-05-21 10:55:00,110,41.8,Low,Rainy,Normal
S008,New Boulevard,2026-05-21 11:00:00,163,36.2,Medium,Cloudy,Normal
S001,Tirana Center,2026-05-21 11:05:00,99,38.9,Low,Cloudy,Normal
S004,Blloku,2026-05-21 11:10:00,116,53.5,Low,Clear,Heavy Traffic
S005,Durres Road,2026-05-21 11:15:00,45,57.2,Low,Cloudy,Normal
S003,Student City,2026-05-21 11:20:00,126,35.1,Medium,Foggy,Normal
S004,Blloku,2026-05-21 11:25:00,95,35.0,Medium,Cloudy,Normal
S001,Tirana Center,2026-05-21 11:30:00,187,8,High,Cloudy,Normal
S002,Ring Road,2026-05-21 11:35:00,116,39.9,Low,Rainy,Accident
S001,Tirana Center,2026-05-21 11:40:00,138,23.7,Medium,Foggy,Normal
S002,Ring Road,2026-05-21 11:45:00,96,40.3,Low,Rainy,Normal
S008,New Boulevard,2026-05-21 11:50:00,125,41.1,Low,Cloudy,Heavy Traffic
S002,Ring Road,2026-05-21 11:55:00,55,38.3,Low,Foggy,Normal
S001,Tirana Center,2026-05-21 12:00:00,87,35.3,Medium,Foggy,Heavy Traffic
S001,Tirana Center,2026-05-21 12:05:00,126,27.0,Medium,Cloudy,Heavy Traffic
S003,Student City,2026-05-21 12:10:00,157,41.4,Medium,Cloudy,Normal
S003,Student City,2026-05-21 12:15:00,105,26.9,Medium,Cloudy,Normal
S005,Durres Road,2026-05-21 12:20:00,75,34.4,Medium,Rainy,Normal
S005,Durres Road,2026-05-21 12:25:00,97,45.7,Low,Foggy,Normal
S008,New Boulevard,2026-05-21 12:30:00,82,28.0,Medium,Cloudy,Normal
S008,New Boulevard,2026-05-21 12:35:00,106,52.9,Low,Cloudy,Roadwork
S007,Airport Road,2026-05-21 12:40:00,159,34.9,Medium,Rainy,Normal
S002,Ring Road,2026-05-21 12:45:00,135,40.7,Low,Clear,Normal
S005,Durres Road,2026-05-21 12:50:00,46,51.9,Low,Cloudy,Normal
S003,Student City,2026-05-21 12:55:00,106,39.1,Low,Cloudy,Normal
S002,Ring Road,2026-05-21 13:00:00,61,51.3,Low,Rainy,Normal
S005,Durres Road,2026-05-21 13:05:00,96,43.1,Low,Cloudy,Normal
S007,Airport Road,2026-05-21 13:10:00,84,40.1,Low,Cloudy,Normal
S001,Tirana Center,2026-05-21 13:15:00,60,50.7,Low,Clear,Heavy Traffic
S008,New Boulevard,2026-05-21 13:20:00,105,46.7,Low,Rainy,Heavy Traffic
S002,Ring Road,2026-05-21 13:25:00,128,35.0,Medium,Cloudy,Roadwork
S004,Blloku,2026-05-21 13:30:00,107,44.2,Low,Clear,Normal
S004,Blloku,2026-05-21 13:35:00,155,34.6,Medium,Cloudy,Heavy Traffic
S007,Airport Road,2026-05-21 13:40:00,97,54.0,Low,Rainy,Normal
S006,Zogu i Zi,2026-05-21 13:45:00,136,49.4,Low,Cloudy,Normal
S007,Airport Road,2026-05-21 13:50:00,157,19.8,High,Foggy,Normal
S007,Airport Road,2026-05-21 13:55:00,139,38.8,Low,Clear,Normal
S004,Blloku,2026-05-21 14:00:00,112,21.4,High,Cloudy,Normal
S003,Student City,2026-05-21 14:05:00,137,30.5,Medium,Cloudy,Roadwork
S004,Blloku,2026-05-21 14:10:00,105,38.3,Low,Clear,Normal
S003,Student City,2026-05-21 14:15:00,201,13.9,High,Clear,Normal
S002,Ring Road,2026-05-21 14:20:00,83,35.2,Medium,Rainy,Normal
S006,Zogu i Zi,2026-05-21 14:25:00,67,54.5,Low,Clear,Normal
S005,Durres Road,2026-05-21 14:30:00,132,33.0,Medium,Foggy,Normal
S001,Tirana Center,2026-05-21 14:35:00,54,56.1,Low,Clear,Normal
S007,Airport Road,2026-05-21 14:40:00,86,41.1,Low,Foggy,Normal
S008,New Boulevard,2026-05-21 14:45:00,99,32.7,Medium,Cloudy,Normal
S008,New Boulevard,2026-05-21 14:50:00,116,38.8,Low,Cloudy,Normal
S005,Durres Road,2026-05-21 14:55:00,93,42.1,Low,Cloudy,Normal
S001,Tirana Center,2026-05-21 15:00:00,97,44.8,Low,Rainy,Heavy Traffic
S006,Zogu i Zi,2026-05-21 15:05:00,108,52.2,Low,Rainy,Normal
S005,Durres Road,2026-05-21 15:10:00,78,40.7,Low,Clear,Normal
S001,Tirana Center,2026-05-21 15:15:00,103,46.6,Low,Cloudy,Normal
S008,New Boulevard,2026-05-21 15:20:00,138,39.6,Low,Clear,Normal
S005,Durres Road,2026-05-21 15:25:00,66,42.2,Low,Clear,Normal
S003,Student City,2026-05-21 15:30:00,150,51.2,Low,Foggy,Roadwork
S005,Durres Road,2026-05-21 15:35:00,93,51.5,Low,Clear,Normal
S008,New Boulevard,2026-05-21 15:40:00,76,35.5,Medium,Cloudy,Normal
S008,New Boulevard,2026-05-21 15:45:00,73,56.5,Low,Clear,Normal
S002,Ring Road,2026-05-21 15:50:00,71,47.1,Low,Rainy,Normal
S007,Airport Road,2026-05-21 15:55:00,113,39.1,Low,Clear,Normal
S008,New Boulevard,2026-05-21 16:00:00,260,8,High,Foggy,Normal
S007,Airport Road,2026-05-21 16:05:00,213,29.2,Medium,Rainy,Normal
S002,Ring Road,2026-05-21 16:10:00,231,28.3,Medium,Rainy,Normal
S006,Zogu i Zi,2026-05-21 16:15:00,169,43.6,Medium,Foggy,Normal
S007,Airport Road,2026-05-21 16:20:00,283,8,High,Foggy,Heavy Traffic
S005,Durres Road,2026-05-21 16:25:00,218,31.8,Medium,Rainy,Heavy Traffic
S004,Blloku,2026-05-21 16:30:00,200,8.2,High,Foggy,Normal
S001,Tirana Center,2026-05-21 16:35:00,208,26.7,Medium,Cloudy,Normal
S006,Zogu i Zi,2026-05-21 16:40:00,231,17.9,High,Cloudy,Normal
S005,Durres Road,2026-05-21 16:45:00,204,15.7,High,Rainy,Normal
S005,Durres Road,2026-05-21 16:50:00,187,37.5,Medium,Rainy,Normal
S006,Zogu i Zi,2026-05-21 16:55:00,212,49.1,Medium,Cloudy,Normal
S001,Tirana Center,2026-05-21 17:00:00,209,13.5,High,Clear,Normal
S004,Blloku,2026-05-21 17:05:00,207,31.0,Medium,Rainy,Normal
S002,Ring Road,2026-05-21 17:10:00,280,20.8,High,Clear,Normal
S003,Student City,2026-05-21 17:15:00,237,31.1,Medium,Clear,Normal
S001,Tirana Center,2026-05-21 17:20:00,257,17.3,High,Clear,Normal
S001,Tirana Center,2026-05-21 17:25:00,207,18.1,High,Rainy,Normal
S008,New Boulevard,2026-05-21 17:30:00,203,15.4,High,Cloudy,Normal
S001,Tirana Center,2026-05-21 17:35:00,194,8,High,Foggy,Normal
S001,Tirana Center,2026-05-21 17:40:00,180,36.4,Medium,Clear,Accident
S007,Airport Road,2026-05-21 17:45:00,211,19.4,High,Foggy,Normal
S003,Student City,2026-05-21 17:50:00,210,14.2,High,Rainy,Normal
S005,Durres Road,2026-05-21 17:55:00,238,28.0,Medium,Clear,Normal
S004,Blloku,2026-05-21 18:00:00,249,13.2,High,Foggy,Normal
S006,Zogu i Zi,2026-05-21 18:05:00,231,17.1,High,Foggy,Normal
S007,Airport Road,2026-05-21 18:10:00,213,17.7,High,Foggy,Normal
S003,Student City,2026-05-21 18:15:00,264,19.8,High,Cloudy,Normal
S001,Tirana Center,2026-05-21 18:20:00,207,35.1,Medium,Cloudy,Normal
S007,Airport Road,2026-05-21 18:25:00,241,30.8,Medium,Foggy,Normal
S008,New Boulevard,2026-05-21 18:30:00,241,19.3,High,Clear,Normal
S007,Airport Road,2026-05-21 18:35:00,265,16.6,High,Cloudy,Normal
S002,Ring Road,2026-05-21 18:40:00,155,32.2,Medium,Rainy,Heavy Traffic
S007,Airport Road,2026-05-21 18:45:00,166,35.3,Medium,Foggy,Roadwork
S004,Blloku,2026-05-21 18:50:00,267,16.3,High,Cloudy,Normal
S002,Ring Road,2026-05-21 18:55:00,227,22.4,Medium,Foggy,Normal
S007,Airport Road,2026-05-21 19:00:00,118,40.7,Low,Cloudy,Normal
S002,Ring Road,2026-05-21 19:05:00,142,34.5,Medium,Clear,Normal
S007,Airport Road,2026-05-21 19:10:00,115,52.7,Low,Clear,Normal
S005,Durres Road,2026-05-21 19:15:00,119,41.2,Low,Foggy,Normal
S002,Ring Road,2026-05-21 19:20:00,128,44.8,Low,Rainy,Normal
S003,Student City,2026-05-21 19:25:00,133,36.5,Medium,Clear,Normal
S008,New Boulevard,2026-05-21 19:30:00,83,46.9,Low,Clear,Normal
S004,Blloku,2026-05-21 19:35:00,97,45.4,Low,Rainy,Normal
S002,Ring Road,2026-05-21 19:40:00,109,43.1,Low,Rainy,Normal
S008,New Boulevard,2026-05-21 19:45:00,149,43.7,Low,Clear,Normal
S006,Zogu i Zi,2026-05-21 19:50:00,91,43.9,Low,Foggy,Normal
S005,Durres Road,2026-05-21 19:55:00,73,57.1,Low,Clear,Normal
S003,Student City,2026-05-21 20:00:00,125,36.3,Medium,Cloudy,Normal
S004,Blloku,2026-05-21 20:05:00,100,56.2,Low,Rainy,Normal
S003,Student City,2026-05-21 20:10:00,137,34.8,Medium,Foggy,Normal
S005,Durres Road,2026-05-21 20:15:00,155,20.6,High,Foggy,Normal
S002,Ring Road,2026-05-21 20:20:00,149,31.5,Medium,Foggy,Normal
S001,Tirana Center,2026-05-21 20:25:00,120,51.2,Low,Clear,Normal
S008,New Boulevard,2026-05-21 20:30:00,152,30.4,Medium,Foggy,Normal
S004,Blloku,2026-05-21 20:35:00,70,39.8,Low,Rainy,Normal
S003,Student City,2026-05-21 20:40:00,133,26.5,Medium,Cloudy,Heavy Traffic
S001,Tirana Center,2026-05-21 20:45:00,111,8.4,High,Foggy,Normal
S003,Student City,2026-05-21 20:50:00,130,17.4,High,Clear,Heavy Traffic
S007,Airport Road,2026-05-21 20:55:00,110,40.0,Low,Cloudy,Normal
S004,Blloku,2026-05-21 21:00:00,138,41.2,Low,Foggy,Normal
S004,Blloku,2026-05-21 21:05:00,57,59.5,Low,Clear,Normal
S001,Tirana Center,2026-05-21 21:10:00,114,51.5,Low,Rainy,Normal
S007,Airport Road,2026-05-21 21:15:00,35,51.6,Low,Foggy,Normal
S004,Blloku,2026-05-21 21:20:00,197,25.3,Medium,Cloudy,Roadwork
S008,New Boulevard,2026-05-21 21:25:00,141,36.5,Medium,Clear,Normal
S006,Zogu i Zi,2026-05-21 21:30:00,80,31.5,Medium,Rainy,Normal
S008,New Boulevard,2026-05-21 21:35:00,133,44.3,Low,Foggy,Heavy Traffic
S008,New Boulevard,2026-05-21 21:40:00,125,47.2,Low,Clear,Normal
S003,Student City,2026-05-21 21:45:00,55,50.8,Low,Cloudy,Normal
S004,Blloku,2026-05-21 21:50:00,82,42.2,Low,Cloudy,Normal
S004,Blloku,2026-05-21 21:55:00,155,39.5,Medium,Clear,Heavy Traffic
S005,Durres Road,2026-05-21 22:00:00,110,27.2,Medium,Clear,Normal
S002,Ring Road,2026-05-21 22:05:00,134,27.1,Medium,Cloudy,Normal
S006,Zogu i Zi,2026-05-21 22:10:00,59,45.4,Low,Cloudy,Normal
S006,Zogu i Zi,2026-05-21 22:15:00,102,49.1,Low,Rainy,Normal
S005,Durres Road,2026-05-21 22:20:00,48,67.9,Low,Cloudy,Normal
S003,Student City,2026-05-21 22:25:00,57,48.7,Low,Rainy,Normal
S002,Ring Road,2026-05-21 22:30:00,103,45.0,Low,Cloudy,Normal
S007,Airport Road,2026-05-21 22:35:00,132,45.7,Low,Foggy,Heavy Traffic
S007,Airport Road,2026-05-21 22:40:00,50,48.3,Low,Rainy,Normal
S004,Blloku,2026-05-21 22:45:00,41,64.6,Low,Foggy,Normal
S001,Tirana Center,2026-05-21 22:50:00,95,42.8,Low,Clear,Normal
S002,Ring Road,2026-05-21 22:55:00,99,34.5,Medium,Rainy,Normal
S008,New Boulevard,2026-05-21 23:00:00,51,57.6,Low,Rainy,Heavy Traffic
S008,New Boulevard,2026-05-21 23:05:00,96,49.5,Low,Clear,Normal
S007,Airport Road,2026-05-21 23:10:00,95,37.0,Medium,Rainy,Normal
S007,Airport Road,2026-05-21 23:15:00,115,43.6,Low,Clear,Normal
S008,New Boulevard,2026-05-21 23:20:00,58,37.4,Medium,Clear,Normal
S008,New Boulevard,2026-05-21 23:25:00,129,18.6,High,Foggy,Normal
S007,Airport Road,2026-05-21 23:30:00,158,32.6,Medium,Foggy,Normal
S006,Zogu i Zi,2026-05-21 23:35:00,93,64.9,Low,Foggy,Normal
S002,Ring Road,2026-05-21 23:40:00,115,36.3,Medium,Foggy,Normal
S007,Airport Road,2026-05-21 23:45:00,101,49.3,Low,Cloudy,Normal
S005,Durres Road,2026-05-21 23:50:00,82,50.7,Low,Rainy,Normal
S006,Zogu i Zi,2026-05-21 23:55:00,137,21.1,High,Clear,Normal
S005,Durres Road,2026-05-22 00:00:00,156,19.8,High,Cloudy,Normal
S007,Airport Road,2026-05-22 00:05:00,103,32.9,Medium,Rainy,Normal
S002,Ring Road,2026-05-22 00:10:00,90,45.1,Low,Foggy,Normal
S007,Airport Road,2026-05-22 00:15:00,148,51.3,Low,Cloudy,Normal
S002,Ring Road,2026-05-22 00:20:00,75,45.1,Low,Clear,Normal
S002,Ring Road,2026-05-22 00:25:00,137,49.1,Low,Foggy,Normal
S001,Tirana Center,2026-05-22 00:30:00,89,56.8,Low,Cloudy,Normal
S007,Airport Road,2026-05-22 00:35:00,35,34.3,Medium,Rainy,Normal
S002,Ring Road,2026-05-22 00:40:00,107,41.5,Low,Foggy,Normal
S003,Student City,2026-05-22 00:45:00,124,37.1,Medium,Cloudy,Normal
S004,Blloku,2026-05-22 00:50:00,80,50.1,Low,Rainy,Normal
S008,New Boulevard,2026-05-22 00:55:00,92,46.7,Low,Rainy,Normal
S002,Ring Road,2026-05-22 01:00:00,46,42.4,Low,Rainy,Normal
S008,New Boulevard,2026-05-22 01:05:00,103,43.7,Low,Cloudy,Normal
S007,Airport Road,2026-05-22 01:10:00,115,32.1,Medium,Cloudy,Normal
S005,Durres Road,2026-05-22 01:15:00,77,47.3,Low,Foggy,Normal
S001,Tirana Center,2026-05-22 01:20:00,100,30.4,Medium,Clear,Normal
S007,Airport Road,2026-05-22 01:25:00,125,46.1,Low,Cloudy,Normal
S003,Student City,2026-05-22 01:30:00,135,35.5,Medium,Clear,Normal
S005,Durres Road,2026-05-22 01:35:00,98,34.3,Medium,Foggy,Normal
S001,Tirana Center,2026-05-22 01:40:00,70,56.6,Low,Cloudy,Normal
S003,Student City,2026-05-22 01:45:00,149,23.7,Medium,Cloudy,Normal
S004,Blloku,2026-05-22 01:50:00,85,49.8,Low,Cloudy,Normal
S001,Tirana Center,2026-05-22 01:55:00,62,43.8,Low,Rainy,Normal
S007,Airport Road,2026-05-22 02:00:00,136,34.2,Medium,Foggy,Normal
S005,Durres Road,2026-05-22 02:05:00,164,16.6,High,Foggy,Normal
S008,New Boulevard,2026-05-22 02:10:00,104,33.6,Medium,Cloudy,Normal
S006,Zogu i Zi,2026-05-22 02:15:00,70,44.7,Low,Rainy,Roadwork
S006,Zogu i Zi,2026-05-22 02:20:00,165,28.4,Medium,Foggy,Normal
S002,Ring Road,2026-05-22 02:25:00,117,35.9,Medium,Rainy,Normal
S003,Student City,2026-05-22 02:30:00,112,35.5,Medium,Cloudy,Normal
S002,Ring Road,2026-05-22 02:35:00,86,21.7,High,Rainy,Roadwork
S008,New Boulevard,2026-05-22 02:40:00,148,8,High,Clear,Normal
S002,Ring Road,2026-05-22 02:45:00,139,33.1,Medium,Cloudy,Roadwork
S007,Airport Road,2026-05-22 02:50:00,98,49.1,Low,Clear,Normal
S004,Blloku,2026-05-22 02:55:00,137,34.8,Medium,Rainy,Normal
S006,Zogu i Zi,2026-05-22 03:00:00,119,32.5,Medium,Rainy,Normal
S006,Zogu i Zi,2026-05-22 03:05:00,113,28.4,Medium,Clear,Normal
S003,Student City,2026-05-22 03:10:00,99,32.7,Medium,Foggy,Heavy Traffic
S001,Tirana Center,2026-05-22 03:15:00,88,57.8,Low,Cloudy,Normal
S002,Ring Road,2026-05-22 03:20:00,161,36.4,Medium,Cloudy,Normal
S008,New Boulevard,2026-05-22 03:25:00,72,50.9,Low,Foggy,Normal
S006,Zogu i Zi,2026-05-22 03:30:00,122,36.1,Medium,Rainy,Normal
S008,New Boulevard,2026-05-22 03:35:00,131,45.6,Low,Clear,Normal
S002,Ring Road,2026-05-22 03:40:00,126,25.8,Medium,Rainy,Normal
S007,Airport Road,2026-05-22 03:45:00,117,36.0,Medium,Foggy,Normal
S002,Ring Road,2026-05-22 03:50:00,88,44.8,Low,Clear,Normal
S005,Durres Road,2026-05-22 03:55:00,151,37.9,Medium,Rainy,Normal
S005,Durres Road,2026-05-22 04:00:00,123,25.0,Medium,Clear,Normal
S007,Airport Road,2026-05-22 04:05:00,112,55.5,Low,Foggy,Normal
S008,New Boulevard,2026-05-22 04:10:00,128,38.1,Low,Clear,Normal
S006,Zogu i Zi,2026-05-22 04:15:00,79,47.9,Low,Foggy,Normal
S001,Tirana Center,2026-05-22 04:20:00,196,37.0,Medium,Clear,Normal
S002,Ring Road,2026-05-22 04:25:00,103,28.8,Medium,Clear,Normal
S003,Student City,2026-05-22 04:30:00,92,46.9,Low,Clear,Normal
S008,New Boulevard,2026-05-22 04:35:00,146,37.1,Medium,Clear,Normal
S003,Student City,2026-05-22 04:40:00,111,49.8,Low,Cloudy,Normal
S005,Durres Road,2026-05-22 04:45:00,89,36.9,Medium,Clear,Normal
S003,Student City,2026-05-22 04:50:00,169,37.1,Medium,Foggy,Normal
S006,Zogu i Zi,2026-05-22 04:55:00,138,31.8,Medium,Cloudy,Normal
S001,Tirana Center,2026-05-22 05:00:00,83,36.3,Medium,Foggy,Accident
S007,Airport Road,2026-05-22 05:05:00,92,31.0,Medium,Cloudy,Normal
S003,Student City,2026-05-22 05:10:00,98,43.8,Low,Clear,Normal
S005,Durres Road,2026-05-22 05:15:00,88,40.6,Low,Cloudy,Normal
S006,Zogu i Zi,2026-05-22 05:20:00,150,42.4,Low,Cloudy,Normal
S006,Zogu i Zi,2026-05-22 05:25:00,81,53.0,Low,Rainy,Normal
S003,Student City,2026-05-22 05:30:00,136,37.6,Medium,Clear,Normal
S001,Tirana Center,2026-05-22 05:35:00,115,44.7,Low,Cloudy,Heavy Traffic
S004,Blloku,2026-05-22 05:40:00,153,20.9,High,Rainy,Normal
S003,Student City,2026-05-22 05:45:00,181,32.7,Medium,Cloudy,Heavy Traffic
S004,Blloku,2026-05-22 05:50:00,103,29.9,Medium,Clear,Normal
S006,Zogu i Zi,2026-05-22 05:55:00,80,34.4,Medium,Rainy,Normal
S003,Student City,2026-05-22 06:00:00,75,48.9,Low,Rainy,Normal
S007,Airport Road,2026-05-22 06:05:00,151,46.0,Medium,Clear,Normal
S007,Airport Road,2026-05-22 06:10:00,106,38.8,Low,Rainy,Roadwork
S006,Zogu i Zi,2026-05-22 06:15:00,60,51.7,Low,Clear,Normal
S006,Zogu i Zi,2026-05-22 06:20:00,130,23.4,Medium,Rainy,Normal
S005,Durres Road,2026-05-22 06:25:00,126,39.6,Low,Foggy,Normal
S002,Ring Road,2026-05-22 06:30:00,115,38.2,Low,Clear,Normal
S002,Ring Road,2026-05-22 06:35:00,115,38.9,Low,Clear,Normal
S002,Ring Road,2026-05-22 06:40:00,125,43.7,Low,Cloudy,Normal
S003,Student City,2026-05-22 06:45:00,42,52.1,Low,Clear,Normal
S008,New Boulevard,2026-05-22 06:50:00,148,34.8,Medium,Rainy,Normal
S006,Zogu i Zi,2026-05-22 06:55:00,74,60.4,Low,Cloudy,Normal
S008,New Boulevard,2026-05-22 07:00:00,228,31.0,Medium,Rainy,Normal
S007,Airport Road,2026-05-22 07:05:00,174,42.9,Medium,Cloudy,Normal
S002,Ring Road,2026-05-22 07:10:00,231,37.8,Medium,Cloudy,Normal
S004,Blloku,2026-05-22 07:15:00,246,8,High,Clear,Roadwork
S007,Airport Road,2026-05-22 07:20:00,210,13.3,High,Cloudy,Normal
S003,Student City,2026-05-22 07:25:00,234,12.4,High,Clear,Normal
S005,Durres Road,2026-05-22 07:30:00,276,23.9,High,Foggy,Normal
S004,Blloku,2026-05-22 07:35:00,191,17.7,High,Cloudy,Normal
S005,Durres Road,2026-05-22 07:40:00,256,17.4,High,Rainy,Normal
S007,Airport Road,2026-05-22 07:45:00,234,8,High,Clear,Roadwork
S003,Student City,2026-05-22 07:50:00,279,13.5,High,Clear,Normal
S003,Student City,2026-05-22 07:55:00,218,13.3,High,Foggy,Normal
S004,Blloku,2026-05-22 08:00:00,137,38.9,Low,Foggy,Normal
S007,Airport Road,2026-05-22 08:05:00,231,9.8,High,Cloudy,Normal
S005,Durres Road,2026-05-22 08:10:00,253,19.4,High,Clear,Normal
S008,New Boulevard,2026-05-22 08:15:00,193,22.2,Medium,Foggy,Normal
S006,Zogu i Zi,2026-05-22 08:20:00,221,36.8,Medium,Rainy,Normal
S003,Student City,2026-05-22 08:25:00,238,20.8,High,Cloudy,Normal
S001,Tirana Center,2026-05-22 08:30:00,150,27.5,Medium,Clear,Normal
S005,Durres Road,2026-05-22 08:35:00,212,39.5,Medium,Rainy,Normal
S001,Tirana Center,2026-05-22 08:40:00,342,8,High,Foggy,Normal
S002,Ring Road,2026-05-22 08:45:00,184,37.0,Medium,Rainy,Normal
S005,Durres Road,2026-05-22 08:50:00,235,8,High,Clear,Normal
S007,Airport Road,2026-05-22 08:55:00,203,19.7,High,Foggy,Normal
S004,Blloku,2026-05-22 09:00:00,308,8,High,Cloudy,Normal
S008,New Boulevard,2026-05-22 09:05:00,216,21.0,High,Rainy,Normal
S002,Ring Road,2026-05-22 09:10:00,183,8,High,Clear,Normal
S004,Blloku,2026-05-22 09:15:00,204,31.6,Medium,Clear,Normal
S004,Blloku,2026-05-22 09:20:00,178,23.2,Medium,Rainy,Normal
S003,Student City,2026-05-22 09:25:00,195,11.6,High,Cloudy,Normal
S001,Tirana Center,2026-05-22 09:30:00,228,15.4,High,Cloudy,Normal
S003,Student City,2026-05-22 09:35:00,198,20.5,High,Clear,Roadwork
S002,Ring Road,2026-05-22 09:40:00,188,22.4,Medium,Clear,Normal
S002,Ring Road,2026-05-22 09:45:00,247,33.2,Medium,Clear,Normal
S007,Airport Road,2026-05-22 09:50:00,194,22.1,Medium,Foggy,Normal
S006,Zogu i Zi,2026-05-22 09:55:00,263,18.1,High,Clear,Normal
S006,Zogu i Zi,2026-05-22 10:00:00,131,20.3,High,Cloudy,Normal
S007,Airport Road,2026-05-22 10:05:00,108,40.2,Low,Cloudy,Normal
S007,Airport Road,2026-05-22 10:10:00,55,40.5,Low,Foggy,Heavy Traffic
S004,Blloku,2026-05-22 10:15:00,106,32.3,Medium,Cloudy,Normal
S008,New Boulevard,2026-05-22 10:20:00,142,24.7,Medium,Rainy,Normal
S005,Durres Road,2026-05-22 10:25:00,149,19.1,High,Cloudy,Normal
S008,New Boulevard,2026-05-22 10:30:00,164,29.3,Medium,Clear,Normal
S008,New Boulevard,2026-05-22 10:35:00,132,28.4,Medium,Clear,Normal
S002,Ring Road,2026-05-22 10:40:00,32,40.3,Low,Cloudy,Normal
S006,Zogu i Zi,2026-05-22 10:45:00,107,42.4,Low,Clear,Normal
S008,New Boulevard,2026-05-22 10:50:00,112,45.1,Low,Foggy,Heavy Traffic
S004,Blloku,2026-05-22 10:55:00,94,55.2,Low,Cloudy,Normal
S007,Airport Road,2026-05-22 11:00:00,151,32.0,Medium,Cloudy,Normal
S002,Ring Road,2026-05-22 11:05:00,71,54.9,Low,Clear,Heavy Traffic
S007,Airport Road,2026-05-22 11:10:00,134,25.9,Medium,Rainy,Normal
S006,Zogu i Zi,2026-05-22 11:15:00,160,39.5,Medium,Rainy,Accident
S001,Tirana Center,2026-05-22 11:20:00,106,36.7,Medium,Foggy,Normal
S002,Ring Road,2026-05-22 11:25:00,124,47.2,Low,Clear,Normal
S002,Ring Road,2026-05-22 11:30:00,109,45.2,Low,Cloudy,Normal
S003,Student City,2026-05-22 11:35:00,122,26.2,Medium,Foggy,Normal
S007,Airport Road,2026-05-22 11:40:00,27,63.7,Low,Clear,Normal
S003,Student City,2026-05-22 11:45:00,96,31.3,Medium,Foggy,Normal
S007,Airport Road,2026-05-22 11:50:00,138,43.7,Low,Clear,Normal
S007,Airport Road,2026-05-22 11:55:00,122,28.9,Medium,Foggy,Heavy Traffic
S003,Student City,2026-05-22 12:00:00,164,24.5,Medium,Rainy,Normal
S008,New Boulevard,2026-05-22 12:05:00,135,40.5,Low,Rainy,Normal
S001,Tirana Center,2026-05-22 12:10:00,110,46.2,Low,Clear,Normal
S004,Blloku,2026-05-22 12:15:00,45,47.8,Low,Rainy,Normal
S008,New Boulevard,2026-05-22 12:20:00,156,37.5,Medium,Rainy,Normal
S005,Durres Road,2026-05-22 12:25:00,178,35.3,Medium,Rainy,Normal
S008,New Boulevard,2026-05-22 12:30:00,40,57.3,Low,Cloudy,Normal
S006,Zogu i Zi,2026-05-22 12:35:00,41,36.0,Medium,Cloudy,Normal
S005,Durres Road,2026-05-22 12:40:00,124,39.7,Low,Cloudy,Normal
S006,Zogu i Zi,2026-05-22 12:45:00,79,33.7,Medium,Foggy,Normal
S005,Durres Road,2026-05-22 12:50:00,108,39.8,Low,Clear,Normal
S002,Ring Road,2026-05-22 12:55:00,47,35.0,Medium,Cloudy,Normal
S008,New Boulevard,2026-05-22 13:00:00,118,36.9,Medium,Clear,Normal
S002,Ring Road,2026-05-22 13:05:00,113,25.0,Medium,Rainy,Normal
S002,Ring Road,2026-05-22 13:10:00,51,48.6,Low,Foggy,Normal
S008,New Boulevard,2026-05-22 13:15:00,145,26.3,Medium,Foggy,Normal
S008,New Boulevard,2026-05-22 13:20:00,80,35.1,Medium,Foggy,Normal
S007,Airport Road,2026-05-22 13:25:00,174,40.0,Medium,Rainy,Normal
S005,Durres Road,2026-05-22 13:30:00,108,48.3,Low,Clear,Normal
S007,Airport Road,2026-05-22 13:35:00,115,31.4,Medium,Cloudy,Normal
S004,Blloku,2026-05-22 13:40:00,165,48.3,Medium,Rainy,Normal
S008,New Boulevard,2026-05-22 13:45:00,106,39.2,Low,Cloudy,Normal
S007,Airport Road,2026-05-22 13:50:00,134,30.8,Medium,Foggy,Normal
S003,Student City,2026-05-22 13:55:00,76,44.8,Low,Clear,Roadwork
S005,Durres Road,2026-05-22 14:00:00,74,54.8,Low,Foggy,Normal
S004,Blloku,2026-05-22 14:05:00,109,35.3,Medium,Clear,Normal
S007,Airport Road,2026-05-22 14:10:00,100,36.5,Medium,Cloudy,Normal
S006,Zogu i Zi,2026-05-22 14:15:00,113,42.7,Low,Cloudy,Normal
S008,New Boulevard,2026-05-22 14:20:00,123,43.3,Low,Rainy,Normal
S008,New Boulevard,2026-05-22 14:25:00,114,34.0,Medium,Cloudy,Normal
S003,Student City,2026-05-22 14:30:00,146,39.1,Low,Foggy,Normal
S001,Tirana Center,2026-05-22 14:35:00,147,30.5,Medium,Rainy,Normal
S002,Ring Road,2026-05-22 14:40:00,107,20.6,High,Cloudy,Accident
S008,New Boulevard,2026-05-22 14:45:00,55,54.7,Low,Clear,Normal
S007,Airport Road,2026-05-22 14:50:00,70,57.7,Low,Rainy,Normal
S004,Blloku,2026-05-22 14:55:00,66,37.2,Medium,Cloudy,Normal
S005,Durres Road,2026-05-22 15:00:00,85,28.5,Medium,Clear,Normal
S007,Airport Road,2026-05-22 15:05:00,145,34.9,Medium,Clear,Normal
S005,Durres Road,2026-05-22 15:10:00,114,35.1,Medium,Cloudy,Normal
S007,Airport Road,2026-05-22 15:15:00,119,28.6,Medium,Foggy,Normal
S006,Zogu i Zi,2026-05-22 15:20:00,116,44.6,Low,Cloudy,Heavy Traffic
S008,New Boulevard,2026-05-22 15:25:00,139,33.6,Medium,Clear,Normal
S007,Airport Road,2026-05-22 15:30:00,106,30.4,Medium,Cloudy,Normal
S002,Ring Road,2026-05-22 15:35:00,72,38.9,Low,Clear,Heavy Traffic
S008,New Boulevard,2026-05-22 15:40:00,124,30.8,Medium,Clear,Roadwork
S008,New Boulevard,2026-05-22 15:45:00,53,35.7,Medium,Cloudy,Accident
S007,Airport Road,2026-05-22 15:50:00,21,62.7,Low,Clear,Normal
S002,Ring Road,2026-05-22 15:55:00,125,18.3,High,Cloudy,Normal
S001,Tirana Center,2026-05-22 16:00:00,274,8,High,Cloudy,Normal
S007,Airport Road,2026-05-22 16:05:00,196,35.5,Medium,Rainy,Normal
S007,Airport Road,2026-05-22 16:10:00,197,15.3,High,Rainy,Accident
S006,Zogu i Zi,2026-05-22 16:15:00,227,21.4,High,Rainy,Normal
S006,Zogu i Zi,2026-05-22 16:20:00,272,8,High,Foggy,Normal
S001,Tirana Center,2026-05-22 16:25:00,265,13.3,High,Cloudy,Normal
S003,Student City,2026-05-22 16:30:00,202,30.9,Medium,Rainy,Heavy Traffic
S006,Zogu i Zi,2026-05-22 16:35:00,182,16.9,High,Clear,Normal
S005,Durres Road,2026-05-22 16:40:00,216,34.4,Medium,Cloudy,Normal
S003,Student City,2026-05-22 16:45:00,214,23.9,Medium,Clear,Normal
S003,Student City,2026-05-22 16:50:00,214,27.2,Medium,Foggy,Normal
S008,New Boulevard,2026-05-22 16:55:00,207,24.3,Medium,Foggy,Accident
S006,Zogu i Zi,2026-05-22 17:00:00,254,11.5,High,Clear,Normal
S004,Blloku,2026-05-22 17:05:00,196,34.1,Medium,Clear,Normal
S004,Blloku,2026-05-22 17:10:00,266,18.6,High,Clear,Normal
S007,Airport Road,2026-05-22 17:15:00,230,33.2,Medium,Foggy,Roadwork
S004,Blloku,2026-05-22 17:20:00,210,15.8,High,Clear,Normal
S001,Tirana Center,2026-05-22 17:25:00,261,26.4,High,Foggy,Normal
S008,New Boulevard,2026-05-22 17:30:00,251,11.3,High,Clear,Normal
S001,Tirana Center,2026-05-22 17:35:00,273,9.6,High,Clear,Accident
S001,Tirana Center,2026-05-22 17:40:00,235,15.1,High,Cloudy,Normal
S005,Durres Road,2026-05-22 17:45:00,245,23.0,Medium,Cloudy,Normal
S002,Ring Road,2026-05-22 17:50:00,191,27.5,Medium,Cloudy,Normal
S004,Blloku,2026-05-22 17:55:00,258,12.9,High,Foggy,Heavy Traffic
S007,Airport Road,2026-05-22 18:00:00,173,41.2,Medium,Foggy,Heavy Traffic
S005,Durres Road,2026-05-22 18:05:00,238,19.5,High,Clear,Normal
S006,Zogu i Zi,2026-05-22 18:10:00,190,19.2,High,Foggy,Normal
S008,New Boulevard,2026-05-22 18:15:00,296,8,High,Cloudy,Normal
S007,Airport Road,2026-05-22 18:20:00,234,34.8,Medium,Foggy,Normal
S002,Ring Road,2026-05-22 18:25:00,153,32.5,Medium,Clear,Normal
S002,Ring Road,2026-05-22 18:30:00,267,12.6,High,Rainy,Normal
S006,Zogu i Zi,2026-05-22 18:35:00,242,8,High,Foggy,Normal
S006,Zogu i Zi,2026-05-22 18:40:00,253,28.1,High,Rainy,Normal
S001,Tirana Center,2026-05-22 18:45:00,197,41.3,Medium,Cloudy,Normal
S005,Durres Road,2026-05-22 18:50:00,242,8,High,Foggy,Normal
S001,Tirana Center,2026-05-22 18:55:00,193,9.9,High,Clear,Normal
S002,Ring Road,2026-05-22 19:00:00,71,56.8,Low,Clear,Heavy Traffic
S001,Tirana Center,2026-05-22 19:05:00,157,45.9,Medium,Clear,Normal
S003,Student City,2026-05-22 19:10:00,75,51.3,Low,Clear,Normal
S004,Blloku,2026-05-22 19:15:00,108,34.9,Medium,Cloudy,Normal
S003,Student City,2026-05-22 19:20:00,124,33.1,Medium,Rainy,Normal
S004,Blloku,2026-05-22 19:25:00,94,42.3,Low,Rainy,Normal
S001,Tirana Center,2026-05-22 19:30:00,85,41.5,Low,Cloudy,Normal
S008,New Boulevard,2026-05-22 19:35:00,97,24.6,Medium,Rainy,Normal
S004,Blloku,2026-05-22 19:40:00,154,28.4,Medium,Clear,Normal
S008,New Boulevard,2026-05-22 19:45:00,106,49.2,Low,Rainy,Normal
S006,Zogu i Zi,2026-05-22 19:50:00,156,33.8,Medium,Foggy,Heavy Traffic
S007,Airport Road,2026-05-22 19:55:00,113,26.5,Medium,Cloudy,Normal
S005,Durres Road,2026-05-22 20:00:00,81,60.2,Low,Foggy,Normal
S002,Ring Road,2026-05-22 20:05:00,121,33.4,Medium,Cloudy,Normal
S007,Airport Road,2026-05-22 20:10:00,141,30.8,Medium,Rainy,Normal
S005,Durres Road,2026-05-22 20:15:00,136,43.8,Low,Cloudy,Heavy Traffic
S006,Zogu i Zi,2026-05-22 20:20:00,112,26.6,Medium,Foggy,Normal
S001,Tirana Center,2026-05-22 20:25:00,105,42.4,Low,Clear,Normal
S005,Durres Road,2026-05-22 20:30:00,50,50.1,Low,Foggy,Normal
S001,Tirana Center,2026-05-22 20:35:00,64,35.6,Medium,Foggy,Normal
S001,Tirana Center,2026-05-22 20:40:00,176,20.8,High,Foggy,Normal
S004,Blloku,2026-05-22 20:45:00,120,35.1,Medium,Cloudy,Heavy Traffic
S006,Zogu i Zi,2026-05-22 20:50:00,144,24.0,Medium,Rainy,Heavy Traffic
S004,Blloku,2026-05-22 20:55:00,55,55.4,Low,Rainy,Normal
S001,Tirana Center,2026-05-22 21:00:00,140,29.5,Medium,Clear,Normal
S004,Blloku,2026-05-22 21:05:00,83,51.4,Low,Foggy,Normal
S002,Ring Road,2026-05-22 21:10:00,148,30.1,Medium,Foggy,Normal
S003,Student City,2026-05-22 21:15:00,113,40.8,Low,Clear,Accident
S001,Tirana Center,2026-05-22 21:20:00,43,41.8,Low,Foggy,Normal
S008,New Boulevard,2026-05-22 21:25:00,54,52.6,Low,Clear,Normal
S001,Tirana Center,2026-05-22 21:30:00,116,27.8,Medium,Foggy,Normal
S008,New Boulevard,2026-05-22 21:35:00,87,38.9,Low,Clear,Accident
S008,New Boulevard,2026-05-22 21:40:00,73,57.7,Low,Clear,Normal
S003,Student City,2026-05-22 21:45:00,141,37.6,Medium,Foggy,Roadwork
S002,Ring Road,2026-05-22 21:50:00,81,37.2,Medium,Rainy,Normal
S007,Airport Road,2026-05-22 21:55:00,127,47.2,Low,Clear,Normal
S003,Student City,2026-05-22 22:00:00,104,41.2,Low,Foggy,Normal
S007,Airport Road,2026-05-22 22:05:00,91,46.5,Low,Clear,Normal
S002,Ring Road,2026-05-22 22:10:00,153,45.3,Medium,Cloudy,Normal
S005,Durres Road,2026-05-22 22:15:00,117,47.1,Low,Clear,Normal
S003,Student City,2026-05-22 22:20:00,78,20.4,High,Rainy,Heavy Traffic
S006,Zogu i Zi,2026-05-22 22:25:00,82,54.6,Low,Cloudy,Normal
S007,Airport Road,2026-05-22 22:30:00,105,46.6,Low,Rainy,Roadwork
S007,Airport Road,2026-05-22 22:35:00,75,47.4,Low,Rainy,Normal
S001,Tirana Center,2026-05-22 22:40:00,117,25.9,Medium,Foggy,Normal
S006,Zogu i Zi,2026-05-22 22:45:00,166,14.9,High,Clear,Normal
S008,New Boulevard,2026-05-22 22:50:00,134,41.0,Low,Cloudy,Heavy Traffic
S006,Zogu i Zi,2026-05-22 22:55:00,130,36.5,Medium,Foggy,Normal
S003,Student City,2026-05-22 23:00:00,76,54.5,Low,Clear,Normal
S005,Durres Road,2026-05-22 23:05:00,152,42.1,Medium,Cloudy,Accident
S002,Ring Road,2026-05-22 23:10:00,105,32.8,Medium,Rainy,Normal
S002,Ring Road,2026-05-22 23:15:00,140,26.0,Medium,Cloudy,Normal
S007,Airport Road,2026-05-22 23:20:00,75,45.7,Low,Clear,Normal
S005,Durres Road,2026-05-22 23:25:00,132,26.8,Medium,Cloudy,Normal
S006,Zogu i Zi,2026-05-22 23:30:00,148,47.5,Low,Clear,Normal
S003,Student City,2026-05-22 23:35:00,123,32.9,Medium,Clear,Normal
S007,Airport Road,2026-05-22 23:40:00,153,25.4,Medium,Cloudy,Normal
S005,Durres Road,2026-05-22 23:45:00,56,40.5,Low,Rainy,Normal
S004,Blloku,2026-05-22 23:50:00,96,33.9,Medium,Rainy,Normal
S001,Tirana Center,2026-05-22 23:55:00,75,57.9,Low,Rainy,Normal
S001,Tirana Center,2026-05-23 00:00:00,97,31.4,Medium,Rainy,Normal
S006,Zogu i Zi,2026-05-23 00:05:00,143,42.6,Low,Cloudy,Normal
S002,Ring Road,2026-05-23 00:10:00,97,39.2,Low,Clear,Normal
S001,Tirana Center,2026-05-23 00:15:00,90,39.0,Low,Foggy,Normal
S001,Tirana Center,2026-05-23 00:20:00,98,33.7,Medium,Cloudy,Accident
S003,Student City,2026-05-23 00:25:00,113,40.2,Low,Cloudy,Normal
S001,Tirana Center,2026-05-23 00:30:00,97,48.2,Low,Foggy,Normal
S007,Airport Road,2026-05-23 00:35:00,87,40.6,Low,Rainy,Normal
S003,Student City,2026-05-23 00:40:00,122,52.2,Low,Cloudy,Normal
S006,Zogu i Zi,2026-05-23 00:45:00,90,55.1,Low,Foggy,Roadwork
S008,New Boulevard,2026-05-23 00:50:00,89,47.3,Low,Foggy,Normal
S008,New Boulevard,2026-05-23 00:55:00,101,37.9,Medium,Foggy,Normal
S007,Airport Road,2026-05-23 01:00:00,117,41.6,Low,Foggy,Normal
S006,Zogu i Zi,2026-05-23 01:05:00,117,34.2,Medium,Cloudy,Normal
S001,Tirana Center,2026-05-23 01:10:00,108,47.4,Low,Rainy,Normal
S004,Blloku,2026-05-23 01:15:00,89,46.8,Low,Clear,Normal
S007,Airport Road,2026-05-23 01:20:00,106,45.5,Low,Clear,Normal
S004,Blloku,2026-05-23 01:25:00,57,58.3,Low,Cloudy,Normal
S004,Blloku,2026-05-23 01:30:00,81,39.7,Low,Foggy,Normal
S005,Durres Road,2026-05-23 01:35:00,137,36.0,Medium,Clear,Normal
S001,Tirana Center,2026-05-23 01:40:00,107,38.8,Low,Cloudy,Normal
S008,New Boulevard,2026-05-23 01:45:00,91,52.1,Low,Clear,Normal
S001,Tirana Center,2026-05-23 01:50:00,104,45.1,Low,Cloudy,Normal
S001,Tirana Center,2026-05-23 01:55:00,128,38.8,Low,Clear,Normal
S001,Tirana Center,2026-05-23 02:00:00,192,29.3,Medium,Cloudy,Normal
S003,Student City,2026-05-23 02:05:00,127,42.8,Low,Cloudy,Normal
S001,Tirana Center,2026-05-23 02:10:00,96,40.9,Low,Cloudy,Heavy Traffic
S001,Tirana Center,2026-05-23 02:15:00,110,46.3,Low,Rainy,Normal
S003,Student City,2026-05-23 02:20:00,176,24.9,Medium,Rainy,Normal
S006,Zogu i Zi,2026-05-23 02:25:00,157,37.9,Medium,Cloudy,Normal
S003,Student City,2026-05-23 02:30:00,118,38.2,Low,Foggy,Normal
S004,Blloku,2026-05-23 02:35:00,144,28.5,Medium,Clear,Normal
S008,New Boulevard,2026-05-23 02:40:00,68,53.2,Low,Rainy,Normal
S008,New Boulevard,2026-05-23 02:45:00,148,38.8,Low,Rainy,Normal
S002,Ring Road,2026-05-23 02:50:00,115,44.4,Low,Clear,Normal
S008,New Boulevard,2026-05-23 02:55:00,75,58.9,Low,Clear,Normal
S003,Student City,2026-05-23 03:00:00,94,43.4,Low,Rainy,Normal
S004,Blloku,2026-05-23 03:05:00,96,49.5,Low,Foggy,Normal
S003,Student City,2026-05-23 03:10:00,92,48.7,Low,Foggy,Normal
S002,Ring Road,2026-05-23 03:15:00,76,44.4,Low,Foggy,Normal
S005,Durres Road,2026-05-23 03:20:00,77,50.5,Low,Cloudy,Normal
S001,Tirana Center,2026-05-23 03:25:00,157,34.0,Medium,Rainy,Normal
S006,Zogu i Zi,2026-05-23 03:30:00,161,36.8,Medium,Clear,Normal
S004,Blloku,2026-05-23 03:35:00,117,44.4,Low,Foggy,Roadwork
S006,Zogu i Zi,2026-05-23 03:40:00,123,31.9,Medium,Cloudy,Normal
S003,Student City,2026-05-23 03:45:00,71,50.0,Low,Rainy,Normal
S007,Airport Road,2026-05-23 03:50:00,149,54.0,Low,Clear,Normal
S001,Tirana Center,2026-05-23 03:55:00,116,24.1,Medium,Clear,Normal
S008,New Boulevard,2026-05-23 04:00:00,129,38.0,Low,Clear,Heavy Traffic
S001,Tirana Center,2026-05-23 04:05:00,64,43.3,Low,Foggy,Normal
S005,Durres Road,2026-05-23 04:10:00,95,45.3,Low,Cloudy,Normal
S007,Airport Road,2026-05-23 04:15:00,180,39.9,Medium,Rainy,Normal
S003,Student City,2026-05-23 04:20:00,169,24.5,Medium,Foggy,Normal
S008,New Boulevard,2026-05-23 04:25:00,134,33.2,Medium,Foggy,Normal
S006,Zogu i Zi,2026-05-23 04:30:00,79,54.6,Low,Clear,Normal
S002,Ring Road,2026-05-23 04:35:00,98,28.4,Medium,Clear,Heavy Traffic
S005,Durres Road,2026-05-23 04:40:00,20,43.3,Low,Foggy,Normal
S006,Zogu i Zi,2026-05-23 04:45:00,82,38.7,Low,Cloudy,Normal
S004,Blloku,2026-05-23 04:50:00,86,24.7,Medium,Cloudy,Normal
S007,Airport Road,2026-05-23 04:55:00,139,38.2,Low,Cloudy,Heavy Traffic
S001,Tirana Center,2026-05-23 05:00:00,82,34.3,Medium,Rainy,Normal
S002,Ring Road,2026-05-23 05:05:00,170,10.8,High,Cloudy,Normal
S004,Blloku,2026-05-23 05:10:00,145,38.4,Low,Rainy,Normal
S003,Student City,2026-05-23 05:15:00,97,47.5,Low,Rainy,Normal
S003,Student City,2026-05-23 05:20:00,104,38.0,Medium,Clear,Heavy Traffic
S005,Durres Road,2026-05-23 05:25:00,103,41.7,Low,Rainy,Heavy Traffic
S008,New Boulevard,2026-05-23 05:30:00,84,43.8,Low,Foggy,Normal
S005,Durres Road,2026-05-23 05:35:00,129,26.1,Medium,Cloudy,Normal
S006,Zogu i Zi,2026-05-23 05:40:00,91,41.7,Low,Rainy,Normal
S002,Ring Road,2026-05-23 05:45:00,177,29.8,Medium,Clear,Normal
S003,Student City,2026-05-23 05:50:00,65,47.1,Low,Clear,Normal
S003,Student City,2026-05-23 05:55:00,20,50.7,Low,Cloudy,Normal
S005,Durres Road,2026-05-23 06:00:00,102,43.3,Low,Clear,Normal
S003,Student City,2026-05-23 06:05:00,104,44.2,Low,Foggy,Normal
S004,Blloku,2026-05-23 06:10:00,89,51.4,Low,Cloudy,Normal
S002,Ring Road,2026-05-23 06:15:00,166,34.7,Medium,Cloudy,Normal
S006,Zogu i Zi,2026-05-23 06:20:00,61,61.8,Low,Foggy,Accident
S001,Tirana Center,2026-05-23 06:25:00,117,38.5,Low,Rainy,Normal
S005,Durres Road,2026-05-23 06:30:00,115,44.3,Low,Clear,Normal
S006,Zogu i Zi,2026-05-23 06:35:00,144,31.1,Medium,Clear,Normal
S003,Student City,2026-05-23 06:40:00,118,40.2,Low,Clear,Normal
S007,Airport Road,2026-05-23 06:45:00,117,56.5,Low,Clear,Normal
S004,Blloku,2026-05-23 06:50:00,43,51.7,Low,Foggy,Normal
S008,New Boulevard,2026-05-23 06:55:00,102,48.1,Low,Cloudy,Normal
S006,Zogu i Zi,2026-05-23 07:00:00,218,12.5,High,Foggy,Normal
S007,Airport Road,2026-05-23 07:05:00,222,25.8,Medium,Rainy,Normal
S003,Student City,2026-05-23 07:10:00,227,19.5,High,Rainy,Roadwork
S007,Airport Road,2026-05-23 07:15:00,205,8,High,Clear,Normal
S007,Airport Road,2026-05-23 07:20:00,254,19.0,High,Clear,Normal
S006,Zogu i Zi,2026-05-23 07:25:00,212,13.1,High,Clear,Heavy Traffic
S002,Ring Road,2026-05-23 07:30:00,221,35.1,Medium,Cloudy,Normal
S004,Blloku,2026-05-23 07:35:00,289,8,High,Rainy,Normal
S005,Durres Road,2026-05-23 07:40:00,239,8,High,Clear,Normal
S002,Ring Road,2026-05-23 07:45:00,254,24.4,High,Clear,Normal
S007,Airport Road,2026-05-23 07:50:00,228,30.0,Medium,Cloudy,Normal
S005,Durres Road,2026-05-23 07:55:00,201,23.5,Medium,Clear,Normal
S004,Blloku,2026-05-23 08:00:00,258,14.3,High,Rainy,Normal
S001,Tirana Center,2026-05-23 08:05:00,260,16.4,High,Foggy,Roadwork
S003,Student City,2026-05-23 08:10:00,227,21.7,High,Cloudy,Roadwork
S005,Durres Road,2026-05-23 08:15:00,151,25.7,Medium,Foggy,Normal
S006,Zogu i Zi,2026-05-23 08:20:00,180,28.7,Medium,Rainy,Normal
S003,Student City,2026-05-23 08:25:00,210,16.2,High,Foggy,Normal
S008,New Boulevard,2026-05-23 08:30:00,206,47.3,Medium,Clear,Normal
S001,Tirana Center,2026-05-23 08:35:00,180,32.5,Medium,Foggy,Normal
S006,Zogu i Zi,2026-05-23 08:40:00,211,33.3,Medium,Foggy,Normal
S002,Ring Road,2026-05-23 08:45:00,184,30.0,Medium,Rainy,Heavy Traffic
S002,Ring Road,2026-05-23 08:50:00,214,18.4,High,Foggy,Normal
S002,Ring Road,2026-05-23 08:55:00,196,28.8,Medium,Foggy,Normal
S006,Zogu i Zi,2026-05-23 09:00:00,168,11.8,High,Foggy,Normal
S001,Tirana Center,2026-05-23 09:05:00,244,14.3,High,Cloudy,Heavy Traffic
S001,Tirana Center,2026-05-23 09:10:00,256,14.0,High,Clear,Normal
S007,Airport Road,2026-05-23 09:15:00,193,33.7,Medium,Foggy,Normal
S006,Zogu i Zi,2026-05-23 09:20:00,267,10.2,High,Clear,Normal
S006,Zogu i Zi,2026-05-23 09:25:00,249,14.3,High,Cloudy,Normal
S005,Durres Road,2026-05-23 09:30:00,205,26.2,Medium,Rainy,Normal
S007,Airport Road,2026-05-23 09:35:00,298,8,High,Rainy,Normal
S004,Blloku,2026-05-23 09:40:00,201,28.9,Medium,Clear,Normal
S008,New Boulevard,2026-05-23 09:45:00,272,8,High,Cloudy,Roadwork
S001,Tirana Center,2026-05-23 09:50:00,260,8,High,Rainy,Normal
S007,Airport Road,2026-05-23 09:55:00,243,19.1,High,Cloudy,Normal
S005,Durres Road,2026-05-23 10:00:00,90,52.9,Low,Cloudy,Normal
S007,Airport Road,2026-05-23 10:05:00,107,45.4,Low,Clear,Heavy Traffic
S002,Ring Road,2026-05-23 10:10:00,104,35.7,Medium,Rainy,Normal
S008,New Boulevard,2026-05-23 10:15:00,97,44.1,Low,Cloudy,Normal
S001,Tirana Center,2026-05-23 10:20:00,79,48.0,Low,Cloudy,Normal
S002,Ring Road,2026-05-23 10:25:00,128,24.1,Medium,Rainy,Normal
S007,Airport Road,2026-05-23 10:30:00,93,49.0,Low,Cloudy,Normal
S004,Blloku,2026-05-23 10:35:00,69,47.7,Low,Foggy,Normal
S001,Tirana Center,2026-05-23 10:40:00,153,22.7,Medium,Foggy,Normal
S004,Blloku,2026-05-23 10:45:00,95,51.7,Low,Clear,Normal
S001,Tirana Center,2026-05-23 10:50:00,140,26.6,Medium,Clear,Normal
S004,Blloku,2026-05-23 10:55:00,110,39.8,Low,Foggy,Normal
S006,Zogu i Zi,2026-05-23 11:00:00,85,43.9,Low,Rainy,Normal
S007,Airport Road,2026-05-23 11:05:00,71,43.8,Low,Foggy,Normal
S006,Zogu i Zi,2026-05-23 11:10:00,75,39.3,Low,Rainy,Heavy Traffic
S002,Ring Road,2026-05-23 11:15:00,137,36.6,Medium,Cloudy,Normal
S002,Ring Road,2026-05-23 11:20:00,94,30.6,Medium,Rainy,Roadwork
S008,New Boulevard,2026-05-23 11:25:00,104,51.2,Low,Cloudy,Normal
S001,Tirana Center,2026-05-23 11:30:00,133,39.9,Low,Rainy,Normal
S001,Tirana Center,2026-05-23 11:35:00,113,45.0,Low,Foggy,Normal
S005,Durres Road,2026-05-23 11:40:00,93,33.7,Medium,Cloudy,Normal
S004,Blloku,2026-05-23 11:45:00,165,23.3,Medium,Cloudy,Normal
S003,Student City,2026-05-23 11:50:00,144,32.4,Medium,Rainy,Normal
S001,Tirana Center,2026-05-23 11:55:00,65,68.1,Low,Foggy,Normal
S005,Durres Road,2026-05-23 12:00:00,129,29.2,Medium,Foggy,Heavy Traffic
S006,Zogu i Zi,2026-05-23 12:05:00,86,44.2,Low,Cloudy,Normal
S004,Blloku,2026-05-23 12:10:00,118,34.0,Medium,Cloudy,Heavy Traffic
S001,Tirana Center,2026-05-23 12:15:00,35,43.4,Low,Rainy,Normal
S002,Ring Road,2026-05-23 12:20:00,116,39.2,Low,Cloudy,Normal
S001,Tirana Center,2026-05-23 12:25:00,78,40.3,Low,Foggy,Normal
S001,Tirana Center,2026-05-23 12:30:00,159,26.5,Medium,Cloudy,Normal
S006,Zogu i Zi,2026-05-23 12:35:00,166,37.1,Medium,Foggy,Normal
S003,Student City,2026-05-23 12:40:00,94,47.6,Low,Rainy,Normal
S003,Student City,2026-05-23 12:45:00,188,24.7,Medium,Cloudy,Normal
S001,Tirana Center,2026-05-23 12:50:00,127,43.1,Low,Cloudy,Normal
S006,Zogu i Zi,2026-05-23 12:55:00,62,38.4,Low,Foggy,Normal
S008,New Boulevard,2026-05-23 13:00:00,47,45.8,Low,Clear,Normal
S002,Ring Road,2026-05-23 13:05:00,60,45.7,Low,Cloudy,Normal
S001,Tirana Center,2026-05-23 13:10:00,142,28.5,Medium,Cloudy,Normal
S006,Zogu i Zi,2026-05-23 13:15:00,89,46.6,Low,Cloudy,Normal
S001,Tirana Center,2026-05-23 13:20:00,93,50.4,Low,Rainy,Normal
S005,Durres Road,2026-05-23 13:25:00,136,44.0,Low,Foggy,Heavy Traffic
S004,Blloku,2026-05-23 13:30:00,49,54.6,Low,Clear,Normal
S004,Blloku,2026-05-23 13:35:00,108,51.5,Low,Rainy,Normal
S003,Student City,2026-05-23 13:40:00,97,60.5,Low,Foggy,Normal
S001,Tirana Center,2026-05-23 13:45:00,115,44.4,Low,Foggy,Normal
S004,Blloku,2026-05-23 13:50:00,137,42.1,Low,Foggy,Normal
S006,Zogu i Zi,2026-05-23 13:55:00,80,22.0,Medium,Rainy,Normal
S007,Airport Road,2026-05-23 14:00:00,103,56.8,Low,Cloudy,Heavy Traffic
S003,Student City,2026-05-23 14:05:00,54,53.4,Low,Rainy,Normal
S001,Tirana Center,2026-05-23 14:10:00,63,49.8,Low,Rainy,Normal
S005,Durres Road,2026-05-23 14:15:00,111,47.0,Low,Clear,Normal
S001,Tirana Center,2026-05-23 14:20:00,132,42.7,Low,Clear,Normal
S003,Student City,2026-05-23 14:25:00,185,18.4,High,Cloudy,Normal
S003,Student City,2026-05-23 14:30:00,128,52.2,Low,Cloudy,Normal
S008,New Boulevard,2026-05-23 14:35:00,109,48.5,Low,Foggy,Normal
S007,Airport Road,2026-05-23 14:40:00,63,48.4,Low,Rainy,Normal
S008,New Boulevard,2026-05-23 14:45:00,85,49.0,Low,Rainy,Normal
S003,Student City,2026-05-23 14:50:00,69,48.7,Low,Rainy,Roadwork
S004,Blloku,2026-05-23 14:55:00,152,31.0,Medium,Clear,Normal
S001,Tirana Center,2026-05-23 15:00:00,62,36.0,Medium,Clear,Normal
S008,New Boulevard,2026-05-23 15:05:00,123,38.6,Low,Cloudy,Normal
S003,Student City,2026-05-23 15:10:00,120,48.3,Low,Cloudy,Normal
S005,Durres Road,2026-05-23 15:15:00,125,35.9,Medium,Rainy,Normal
S006,Zogu i Zi,2026-05-23 15:20:00,96,42.7,Low,Rainy,Normal
S006,Zogu i Zi,2026-05-23 15:25:00,90,34.9,Medium,Rainy,Normal
S006,Zogu i Zi,2026-05-23 15:30:00,51,34.7,Medium,Foggy,Normal
S005,Durres Road,2026-05-23 15:35:00,41,63.8,Low,Cloudy,Normal
S004,Blloku,2026-05-23 15:40:00,42,53.3,Low,Cloudy,Normal
S006,Zogu i Zi,2026-05-23 15:45:00,91,38.5,Low,Foggy,Accident
S007,Airport Road,2026-05-23 15:50:00,112,46.4,Low,Rainy,Normal
S007,Airport Road,2026-05-23 15:55:00,137,41.2,Low,Foggy,Normal
S008,New Boulevard,2026-05-23 16:00:00,238,8.2,High,Rainy,Normal
S007,Airport Road,2026-05-23 16:05:00,196,28.4,Medium,Clear,Normal
S002,Ring Road,2026-05-23 16:10:00,234,20.5,High,Cloudy,Normal
S005,Durres Road,2026-05-23 16:15:00,225,13.7,High,Foggy,Normal
S006,Zogu i Zi,2026-05-23 16:20:00,225,24.9,Medium,Rainy,Roadwork
S005,Durres Road,2026-05-23 16:25:00,211,16.7,High,Rainy,Accident
S007,Airport Road,2026-05-23 16:30:00,229,10.2,High,Cloudy,Normal
S003,Student City,2026-05-23 16:35:00,235,8,High,Rainy,Normal
S004,Blloku,2026-05-23 16:40:00,223,16.2,High,Cloudy,Normal
S004,Blloku,2026-05-23 16:45:00,166,41.1,Medium,Cloudy,Normal
S008,New Boulevard,2026-05-23 16:50:00,268,11.2,High,Rainy,Normal
S008,New Boulevard,2026-05-23 16:55:00,225,15.0,High,Rainy,Normal
S004,Blloku,2026-05-23 17:00:00,222,16.2,High,Rainy,Normal
S002,Ring Road,2026-05-23 17:05:00,243,33.1,Medium,Foggy,Normal
S001,Tirana Center,2026-05-23 17:10:00,212,16.2,High,Clear,Normal
S005,Durres Road,2026-05-23 17:15:00,270,14.4,High,Cloudy,Normal
S002,Ring Road,2026-05-23 17:20:00,197,31.4,Medium,Clear,Normal
S003,Student City,2026-05-23 17:25:00,164,36.2,Medium,Foggy,Normal
S004,Blloku,2026-05-23 17:30:00,208,19.7,High,Cloudy,Normal
S007,Airport Road,2026-05-23 17:35:00,221,11.1,High,Clear,Roadwork
S006,Zogu i Zi,2026-05-23 17:40:00,289,8,High,Clear,Normal
S006,Zogu i Zi,2026-05-23 17:45:00,295,12.0,High,Cloudy,Normal
S007,Airport Road,2026-05-23 17:50:00,272,8,High,Foggy,Normal
S004,Blloku,2026-05-23 17:55:00,254,25.0,High,Rainy,Normal
S004,Blloku,2026-05-23 18:00:00,212,30.9,Medium,Clear,Heavy Traffic
S008,New Boulevard,2026-05-23 18:05:00,247,17.5,High,Rainy,Normal
S003,Student City,2026-05-23 18:10:00,260,15.4,High,Clear,Normal
S003,Student City,2026-05-23 18:15:00,228,12.0,High,Foggy,Normal
S007,Airport Road,2026-05-23 18:20:00,193,37.0,Medium,Clear,Normal
S008,New Boulevard,2026-05-23 18:25:00,250,21.5,High,Clear,Heavy Traffic
S002,Ring Road,2026-05-23 18:30:00,266,38.5,High,Clear,Normal
S002,Ring Road,2026-05-23 18:35:00,194,18.0,High,Foggy,Normal
S003,Student City,2026-05-23 18:40:00,260,22.8,High,Clear,Normal
S003,Student City,2026-05-23 18:45:00,209,21.1,High,Cloudy,Normal
S006,Zogu i Zi,2026-05-23 18:50:00,269,8,High,Foggy,Normal
S007,Airport Road,2026-05-23 18:55:00,230,30.3,Medium,Rainy,Normal
S005,Durres Road,2026-05-23 19:00:00,140,28.5,Medium,Clear,Normal
S007,Airport Road,2026-05-23 19:05:00,69,48.3,Low,Cloudy,Normal
S004,Blloku,2026-05-23 19:10:00,169,40.8,Medium,Clear,Normal
S001,Tirana Center,2026-05-23 19:15:00,105,41.7,Low,Cloudy,Normal
S007,Airport Road,2026-05-23 19:20:00,99,30.9,Medium,Foggy,Normal
S002,Ring Road,2026-05-23 19:25:00,61,42.2,Low,Clear,Normal
S001,Tirana Center,2026-05-23 19:30:00,20,51.2,Low,Cloudy,Accident
S003,Student City,2026-05-23 19:35:00,53,47.1,Low,Foggy,Normal
S004,Blloku,2026-05-23 19:40:00,64,57.0,Low,Clear,Heavy Traffic
S002,Ring Road,2026-05-23 19:45:00,57,39.8,Low,Cloudy,Normal
S005,Durres Road,2026-05-23 19:50:00,137,35.4,Medium,Rainy,Normal
S002,Ring Road,2026-05-23 19:55:00,149,27.3,Medium,Cloudy,Normal
S006,Zogu i Zi,2026-05-23 20:00:00,121,31.4,Medium,Foggy,Normal
S007,Airport Road,2026-05-23 20:05:00,87,36.9,Medium,Foggy,Normal
S003,Student City,2026-05-23 20:10:00,78,34.3,Medium,Clear,Normal
S008,New Boulevard,2026-05-23 20:15:00,93,42.3,Low,Cloudy,Normal
S008,New Boulevard,2026-05-23 20:20:00,95,32.3,Medium,Foggy,Normal
S008,New Boulevard,2026-05-23 20:25:00,123,36.7,Medium,Rainy,Roadwork
S008,New Boulevard,2026-05-23 20:30:00,93,32.7,Medium,Rainy,Normal
S005,Durres Road,2026-05-23 20:35:00,157,30.2,Medium,Cloudy,Normal
S005,Durres Road,2026-05-23 20:40:00,130,30.8,Medium,Foggy,Normal
S008,New Boulevard,2026-05-23 20:45:00,73,43.2,Low,Rainy,Normal
S006,Zogu i Zi,2026-05-23 20:50:00,83,48.2,Low,Cloudy,Roadwork
S006,Zogu i Zi,2026-05-23 20:55:00,166,28.3,Medium,Rainy,Normal
S005,Durres Road,2026-05-23 21:00:00,135,41.4,Low,Cloudy,Normal
S006,Zogu i Zi,2026-05-23 21:05:00,131,37.7,Medium,Cloudy,Normal
S007,Airport Road,2026-05-23 21:10:00,113,38.9,Low,Cloudy,Normal
S005,Durres Road,2026-05-23 21:15:00,114,42.9,Low,Foggy,Normal
S008,New Boulevard,2026-05-23 21:20:00,63,52.1,Low,Cloudy,Normal
S005,Durres Road,2026-05-23 21:25:00,112,30.2,Medium,Clear,Normal
S003,Student City,2026-05-23 21:30:00,138,28.5,Medium,Clear,Normal
S002,Ring Road,2026-05-23 21:35:00,123,44.6,Low,Rainy,Normal
S002,Ring Road,2026-05-23 21:40:00,103,57.7,Low,Clear,Normal
S001,Tirana Center,2026-05-23 21:45:00,82,50.6,Low,Cloudy,Normal
S008,New Boulevard,2026-05-23 21:50:00,58,53.8,Low,Rainy,Roadwork
S001,Tirana Center,2026-05-23 21:55:00,89,47.5,Low,Clear,Normal
S007,Airport Road,2026-05-23 22:00:00,195,18.3,High,Clear,Normal
S004,Blloku,2026-05-23 22:05:00,46,48.3,Low,Rainy,Normal
S002,Ring Road,2026-05-23 22:10:00,109,33.4,Medium,Foggy,Heavy Traffic
S001,Tirana Center,2026-05-23 22:15:00,103,55.3,Low,Rainy,Normal
S003,Student City,2026-05-23 22:20:00,98,35.5,Medium,Cloudy,Normal
S008,New Boulevard,2026-05-23 22:25:00,76,53.4,Low,Cloudy,Normal
S003,Student City,2026-05-23 22:30:00,104,40.9,Low,Rainy,Normal
S008,New Boulevard,2026-05-23 22:35:00,55,42.4,Low,Clear,Normal
S008,New Boulevard,2026-05-23 22:40:00,95,41.9,Low,Cloudy,Normal
S003,Student City,2026-05-23 22:45:00,127,35.8,Medium,Cloudy,Normal
S008,New Boulevard,2026-05-23 22:50:00,132,27.7,Medium,Cloudy,Normal
S001,Tirana Center,2026-05-23 22:55:00,114,42.2,Low,Rainy,Normal
S007,Airport Road,2026-05-23 23:00:00,80,53.8,Low,Cloudy,Normal
S004,Blloku,2026-05-23 23:05:00,155,40.1,Medium,Rainy,Normal
S001,Tirana Center,2026-05-23 23:10:00,105,43.2,Low,Rainy,Normal
S007,Airport Road,2026-05-23 23:15:00,153,39.7,Medium,Rainy,Normal
S005,Durres Road,2026-05-23 23:20:00,122,31.1,Medium,Cloudy,Heavy Traffic
S008,New Boulevard,2026-05-23 23:25:00,77,38.6,Low,Foggy,Normal
S007,Airport Road,2026-05-23 23:30:00,67,57.8,Low,Rainy,Normal
S005,Durres Road,2026-05-23 23:35:00,46,60.6,Low,Clear,Accident
S005,Durres Road,2026-05-23 23:40:00,60,60.0,Low,Cloudy,Heavy Traffic
S001,Tirana Center,2026-05-23 23:45:00,128,27.7,Medium,Rainy,Normal
S005,Durres Road,2026-05-23 23:50:00,171,41.1,Medium,Rainy,Normal
S007,Airport Road,2026-05-23 23:55:00,154,34.7,Medium,Rainy,Normal
S003,Student City,2026-05-24 00:00:00,101,39.8,Low,Clear,Normal
S004,Blloku,2026-05-24 00:05:00,92,60.3,Low,Cloudy,Roadwork
S002,Ring Road,2026-05-24 00:10:00,74,43.9,Low,Foggy,Normal
S008,New Boulevard,2026-05-24 00:15:00,122,27.4,Medium,Foggy,Normal
S005,Durres Road,2026-05-24 00:20:00,145,21.2,High,Rainy,Normal
S004,Blloku,2026-05-24 00:25:00,100,34.4,Medium,Clear,Normal
S002,Ring Road,2026-05-24 00:30:00,57,65.6,Low,Foggy,Normal
S003,Student City,2026-05-24 00:35:00,104,47.2,Low,Foggy,Normal
S002,Ring Road,2026-05-24 00:40:00,52,47.6,Low,Clear,Normal
S001,Tirana Center,2026-05-24 00:45:00,58,40.8,Low,Foggy,Normal
S008,New Boulevard,2026-05-24 00:50:00,139,25.3,Medium,Clear,Normal
S006,Zogu i Zi,2026-05-24 00:55:00,149,36.4,Medium,Foggy,Normal
S002,Ring Road,2026-05-24 01:00:00,70,43.6,Low,Clear,Heavy Traffic
S001,Tirana Center,2026-05-24 01:05:00,92,39.9,Low,Rainy,Normal
S005,Durres Road,2026-05-24 01:10:00,147,43.5,Low,Cloudy,Normal
S006,Zogu i Zi,2026-05-24 01:15:00,178,56.3,Medium,Clear,Normal
S004,Blloku,2026-05-24 01:20:00,111,25.8,Medium,Foggy,Normal
S006,Zogu i Zi,2026-05-24 01:25:00,37,56.5,Low,Rainy,Normal
S008,New Boulevard,2026-05-24 01:30:00,151,33.4,Medium,Rainy,Normal
S003,Student City,2026-05-24 01:35:00,111,34.4,Medium,Rainy,Normal
S002,Ring Road,2026-05-24 01:40:00,88,40.9,Low,Foggy,Normal
S003,Student City,2026-05-24 01:45:00,57,58.3,Low,Foggy,Normal
S004,Blloku,2026-05-24 01:50:00,125,29.9,Medium,Foggy,Normal
S006,Zogu i Zi,2026-05-24 01:55:00,116,34.6,Medium,Clear,Normal
S005,Durres Road,2026-05-24 02:00:00,100,40.8,Low,Clear,Normal
S008,New Boulevard,2026-05-24 02:05:00,71,45.0,Low,Foggy,Normal
S003,Student City,2026-05-24 02:10:00,29,56.6,Low,Rainy,Normal
S005,Durres Road,2026-05-24 02:15:00,55,31.3,Medium,Clear,Normal
S001,Tirana Center,2026-05-24 02:20:00,89,50.7,Low,Foggy,Normal
S007,Airport Road,2026-05-24 02:25:00,132,36.4,Medium,Cloudy,Normal
S002,Ring Road,2026-05-24 02:30:00,119,25.2,Medium,Clear,Normal
S004,Blloku,2026-05-24 02:35:00,54,48.9,Low,Clear,Roadwork
S001,Tirana Center,2026-05-24 02:40:00,103,33.5,Medium,Foggy,Normal
S003,Student City,2026-05-24 02:45:00,147,32.9,Medium,Foggy,Heavy Traffic
S001,Tirana Center,2026-05-24 02:50:00,28,56.6,Low,Rainy,Normal
S006,Zogu i Zi,2026-05-24 02:55:00,99,35.1,Medium,Clear,Normal
S002,Ring Road,2026-05-24 03:00:00,48,38.1,Low,Rainy,Normal
S007,Airport Road,2026-05-24 03:05:00,57,48.9,Low,Rainy,Normal
S005,Durres Road,2026-05-24 03:10:00,94,23.3,Medium,Clear,Normal
S002,Ring Road,2026-05-24 03:15:00,128,44.7,Low,Foggy,Normal
S001,Tirana Center,2026-05-24 03:20:00,134,47.5,Low,Cloudy,Accident
S008,New Boulevard,2026-05-24 03:25:00,151,33.2,Medium,Clear,Normal
S001,Tirana Center,2026-05-24 03:30:00,71,48.3,Low,Clear,Normal
S002,Ring Road,2026-05-24 03:35:00,111,52.4,Low,Cloudy,Roadwork
S002,Ring Road,2026-05-24 03:40:00,143,23.4,Medium,Clear,Normal
S002,Ring Road,2026-05-24 03:45:00,151,50.6,Medium,Foggy,Heavy Traffic
S008,New Boulevard,2026-05-24 03:50:00,101,30.6,Medium,Foggy,Normal
S002,Ring Road,2026-05-24 03:55:00,143,25.8,Medium,Foggy,Normal
S008,New Boulevard,2026-05-24 04:00:00,54,48.9,Low,Clear,Normal
S003,Student City,2026-05-24 04:05:00,94,43.4,Low,Foggy,Normal
S007,Airport Road,2026-05-24 04:10:00,66,42.9,Low,Cloudy,Normal
S005,Durres Road,2026-05-24 04:15:00,110,40.6,Low,Cloudy,Normal
S004,Blloku,2026-05-24 04:20:00,149,31.2,Medium,Cloudy,Heavy Traffic
S001,Tirana Center,2026-05-24 04:25:00,124,42.6,Low,Cloudy,Normal
S004,Blloku,2026-05-24 04:30:00,135,40.1,Low,Rainy,Normal
S004,Blloku,2026-05-24 04:35:00,83,35.7,Medium,Rainy,Normal
S004,Blloku,2026-05-24 04:40:00,20,60.4,Low,Rainy,Normal
S002,Ring Road,2026-05-24 04:45:00,128,37.2,Medium,Foggy,Roadwork
S001,Tirana Center,2026-05-24 04:50:00,56,36.3,Medium,Rainy,Normal
S003,Student City,2026-05-24 04:55:00,63,45.9,Low,Clear,Normal
S001,Tirana Center,2026-05-24 05:00:00,123,42.3,Low,Foggy,Accident
S006,Zogu i Zi,2026-05-24 05:05:00,125,29.0,Medium,Cloudy,Normal
S001,Tirana Center,2026-05-24 05:10:00,108,49.9,Low,Foggy,Normal
S004,Blloku,2026-05-24 05:15:00,162,34.8,Medium,Clear,Normal
S005,Durres Road,2026-05-24 05:20:00,59,55.0,Low,Clear,Normal
S002,Ring Road,2026-05-24 05:25:00,75,41.1,Low,Clear,Normal
S003,Student City,2026-05-24 05:30:00,56,43.5,Low,Cloudy,Heavy Traffic
S001,Tirana Center,2026-05-24 05:35:00,93,40.6,Low,Rainy,Normal
S008,New Boulevard,2026-05-24 05:40:00,189,26.4,Medium,Clear,Normal
S002,Ring Road,2026-05-24 05:45:00,123,26.5,Medium,Rainy,Normal
S003,Student City,2026-05-24 05:50:00,115,25.1,Medium,Clear,Accident
S001,Tirana Center,2026-05-24 05:55:00,58,62.0,Low,Foggy,Normal
S001,Tirana Center,2026-05-24 06:00:00,80,54.7,Low,Rainy,Normal
S002,Ring Road,2026-05-24 06:05:00,117,42.3,Low,Rainy,Normal
S007,Airport Road,2026-05-24 06:10:00,109,48.2,Low,Cloudy,Normal
S007,Airport Road,2026-05-24 06:15:00,65,47.9,Low,Clear,Normal
S007,Airport Road,2026-05-24 06:20:00,141,26.0,Medium,Foggy,Normal
S004,Blloku,2026-05-24 06:25:00,80,33.9,Medium,Clear,Normal
S004,Blloku,2026-05-24 06:30:00,145,37.3,Medium,Foggy,Normal
S003,Student City,2026-05-24 06:35:00,22,61.9,Low,Foggy,Normal
S008,New Boulevard,2026-05-24 06:40:00,73,57.4,Low,Foggy,Normal
S007,Airport Road,2026-05-24 06:45:00,63,41.5,Low,Rainy,Normal
S008,New Boulevard,2026-05-24 06:50:00,78,48.6,Low,Foggy,Accident
S005,Durres Road,2026-05-24 06:55:00,134,38.4,Low,Cloudy,Roadwork
S006,Zogu i Zi,2026-05-24 07:00:00,222,21.5,High,Clear,Normal
S002,Ring Road,2026-05-24 07:05:00,226,35.3,Medium,Cloudy,Normal
S003,Student City,2026-05-24 07:10:00,238,10.7,High,Rainy,Accident
S005,Durres Road,2026-05-24 07:15:00,216,22.1,Medium,Cloudy,Normal
S008,New Boulevard,2026-05-24 07:20:00,223,17.5,High,Clear,Normal
S007,Airport Road,2026-05-24 07:25:00,249,8,High,Rainy,Normal
S002,Ring Road,2026-05-24 07:30:00,237,8,High,Rainy,Normal
S006,Zogu i Zi,2026-05-24 07:35:00,184,37.0,Medium,Cloudy,Normal
S001,Tirana Center,2026-05-24 07:40:00,203,12.5,High,Cloudy,Normal
S004,Blloku,2026-05-24 07:45:00,239,11.8,High,Clear,Normal
S004,Blloku,2026-05-24 07:50:00,207,29.3,Medium,Clear,Normal
S003,Student City,2026-05-24 07:55:00,238,27.3,Medium,Rainy,Normal
S001,Tirana Center,2026-05-24 08:00:00,228,18.6,High,Clear,Normal
S005,Durres Road,2026-05-24 08:05:00,206,10.4,High,Rainy,Normal
S008,New Boulevard,2026-05-24 08:10:00,249,9.6,High,Cloudy,Normal
S007,Airport Road,2026-05-24 08:15:00,226,16.2,High,Clear,Normal
S006,Zogu i Zi,2026-05-24 08:20:00,228,16.2,High,Cloudy,Normal
S002,Ring Road,2026-05-24 08:25:00,232,10.7,High,Cloudy,Normal
S005,Durres Road,2026-05-24 08:30:00,202,33.5,Medium,Rainy,Normal
S001,Tirana Center,2026-05-24 08:35:00,207,25.0,Medium,Foggy,Normal
S005,Durres Road,2026-05-24 08:40:00,213,21.1,High,Clear,Normal
S007,Airport Road,2026-05-24 08:45:00,166,47.6,Medium,Clear,Normal
S007,Airport Road,2026-05-24 08:50:00,285,32.5,High,Rainy,Normal
S002,Ring Road,2026-05-24 08:55:00,280,8,High,Rainy,Normal
S004,Blloku,2026-05-24 09:00:00,231,27.8,Medium,Clear,Normal
S003,Student City,2026-05-24 09:05:00,232,21.9,High,Cloudy,Normal
S006,Zogu i Zi,2026-05-24 09:10:00,218,17.0,High,Foggy,Normal
S006,Zogu i Zi,2026-05-24 09:15:00,224,19.9,High,Clear,Normal
S004,Blloku,2026-05-24 09:20:00,270,8.3,High,Rainy,Normal
S002,Ring Road,2026-05-24 09:25:00,226,12.7,High,Cloudy,Normal
S008,New Boulevard,2026-05-24 09:30:00,229,8,High,Rainy,Normal
S005,Durres Road,2026-05-24 09:35:00,196,24.4,Medium,Foggy,Normal
S002,Ring Road,2026-05-24 09:40:00,169,14.4,High,Cloudy,Normal
S001,Tirana Center,2026-05-24 09:45:00,171,26.0,Medium,Cloudy,Normal
S002,Ring Road,2026-05-24 09:50:00,246,8,High,Cloudy,Roadwork
S006,Zogu i Zi,2026-05-24 09:55:00,228,31.3,Medium,Clear,Heavy Traffic
S007,Airport Road,2026-05-24 10:00:00,44,32.8,Medium,Clear,Normal
S006,Zogu i Zi,2026-05-24 10:05:00,115,31.3,Medium,Foggy,Heavy Traffic
S007,Airport Road,2026-05-24 10:10:00,112,24.3,Medium,Foggy,Normal
S007,Airport Road,2026-05-24 10:15:00,122,41.7,Low,Clear,Normal
S005,Durres Road,2026-05-24 10:20:00,127,46.3,Low,Rainy,Normal
S005,Durres Road,2026-05-24 10:25:00,115,35.3,Medium,Cloudy,Accident
S005,Durres Road,2026-05-24 10:30:00,112,36.9,Medium,Clear,Normal
S008,New Boulevard,2026-05-24 10:35:00,83,48.7,Low,Foggy,Normal
S005,Durres Road,2026-05-24 10:40:00,86,47.8,Low,Rainy,Normal
S004,Blloku,2026-05-24 10:45:00,141,52.2,Low,Cloudy,Normal
S007,Airport Road,2026-05-24 10:50:00,90,49.8,Low,Clear,Heavy Traffic
S001,Tirana Center,2026-05-24 10:55:00,101,42.5,Low,Cloudy,Normal
S001,Tirana Center,2026-05-24 11:00:00,91,59.6,Low,Cloudy,Normal
S004,Blloku,2026-05-24 11:05:00,127,38.9,Low,Rainy,Normal
S007,Airport Road,2026-05-24 11:10:00,75,37.9,Medium,Rainy,Normal
S002,Ring Road,2026-05-24 11:15:00,133,37.7,Medium,Cloudy,Normal
S005,Durres Road,2026-05-24 11:20:00,123,42.4,Low,Rainy,Normal
S002,Ring Road,2026-05-24 11:25:00,158,35.4,Medium,Cloudy,Heavy Traffic
S007,Airport Road,2026-05-24 11:30:00,190,29.8,Medium,Clear,Normal
S005,Durres Road,2026-05-24 11:35:00,20,48.5,Low,Foggy,Heavy Traffic
S005,Durres Road,2026-05-24 11:40:00,67,31.9,Medium,Clear,Normal
S005,Durres Road,2026-05-24 11:45:00,108,29.8,Medium,Clear,Normal
S007,Airport Road,2026-05-24 11:50:00,136,44.0,Low,Cloudy,Normal
S007,Airport Road,2026-05-24 11:55:00,84,70.6,Low,Rainy,Normal
S002,Ring Road,2026-05-24 12:00:00,128,40.5,Low,Rainy,Normal
S001,Tirana Center,2026-05-24 12:05:00,162,39.3,Medium,Cloudy,Roadwork
S003,Student City,2026-05-24 12:10:00,119,38.3,Low,Clear,Normal
S006,Zogu i Zi,2026-05-24 12:15:00,89,38.6,Low,Rainy,Normal
S006,Zogu i Zi,2026-05-24 12:20:00,142,37.9,Medium,Cloudy,Normal
S005,Durres Road,2026-05-24 12:25:00,111,34.8,Medium,Rainy,Normal
S002,Ring Road,2026-05-24 12:30:00,64,52.7,Low,Foggy,Normal
S002,Ring Road,2026-05-24 12:35:00,199,24.7,Medium,Clear,Normal
S005,Durres Road,2026-05-24 12:40:00,77,48.5,Low,Foggy,Normal
S003,Student City,2026-05-24 12:45:00,118,40.0,Low,Foggy,Normal
S004,Blloku,2026-05-24 12:50:00,128,35.6,Medium,Cloudy,Normal
S005,Durres Road,2026-05-24 12:55:00,72,39.8,Low,Foggy,Normal
S006,Zogu i Zi,2026-05-24 13:00:00,105,24.3,Medium,Rainy,Normal
S008,New Boulevard,2026-05-24 13:05:00,67,60.5,Low,Clear,Normal
S002,Ring Road,2026-05-24 13:10:00,74,57.9,Low,Cloudy,Normal
S008,New Boulevard,2026-05-24 13:15:00,103,35.6,Medium,Clear,Normal
S005,Durres Road,2026-05-24 13:20:00,179,26.8,Medium,Cloudy,Heavy Traffic
S002,Ring Road,2026-05-24 13:25:00,97,29.6,Medium,Foggy,Normal
S004,Blloku,2026-05-24 13:30:00,104,30.2,Medium,Clear,Heavy Traffic
S007,Airport Road,2026-05-24 13:35:00,123,39.9,Low,Rainy,Normal
S004,Blloku,2026-05-24 13:40:00,38,60.4,Low,Rainy,Normal
S002,Ring Road,2026-05-24 13:45:00,86,42.0,Low,Cloudy,Normal
S001,Tirana Center,2026-05-24 13:50:00,39,49.5,Low,Foggy,Normal
S002,Ring Road,2026-05-24 13:55:00,174,16.1,High,Clear,Normal
S005,Durres Road,2026-05-24 14:00:00,77,30.1,Medium,Cloudy,Normal
S005,Durres Road,2026-05-24 14:05:00,106,26.8,Medium,Clear,Normal
S008,New Boulevard,2026-05-24 14:10:00,89,30.9,Medium,Rainy,Normal
S004,Blloku,2026-05-24 14:15:00,112,34.6,Medium,Foggy,Roadwork
S007,Airport Road,2026-05-24 14:20:00,102,43.4,Low,Foggy,Normal
S005,Durres Road,2026-05-24 14:25:00,110,43.8,Low,Rainy,Normal
S008,New Boulevard,2026-05-24 14:30:00,126,48.0,Low,Cloudy,Normal
S005,Durres Road,2026-05-24 14:35:00,105,49.4,Low,Rainy,Normal
S004,Blloku,2026-05-24 14:40:00,130,44.2,Low,Cloudy,Normal
S004,Blloku,2026-05-24 14:45:00,88,43.1,Low,Clear,Normal
S003,Student City,2026-05-24 14:50:00,120,51.2,Low,Clear,Normal
S001,Tirana Center,2026-05-24 14:55:00,95,49.2,Low,Clear,Normal
S006,Zogu i Zi,2026-05-24 15:00:00,154,29.0,Medium,Clear,Normal
S001,Tirana Center,2026-05-24 15:05:00,135,36.0,Medium,Clear,Normal
S001,Tirana Center,2026-05-24 15:10:00,90,63.0,Low,Rainy,Heavy Traffic
S005,Durres Road,2026-05-24 15:15:00,150,33.0,Medium,Rainy,Normal
S005,Durres Road,2026-05-24 15:20:00,134,59.2,Low,Rainy,Normal
S003,Student City,2026-05-24 15:25:00,130,42.0,Low,Foggy,Normal
S001,Tirana Center,2026-05-24 15:30:00,123,46.6,Low,Foggy,Normal
S001,Tirana Center,2026-05-24 15:35:00,129,32.2,Medium,Rainy,Heavy Traffic
S006,Zogu i Zi,2026-05-24 15:40:00,153,51.7,Medium,Foggy,Heavy Traffic
S003,Student City,2026-05-24 15:45:00,81,39.3,Low,Clear,Normal
S004,Blloku,2026-05-24 15:50:00,86,39.2,Low,Rainy,Normal
S002,Ring Road,2026-05-24 15:55:00,69,48.6,Low,Rainy,Normal
S002,Ring Road,2026-05-24 16:00:00,163,46.2,Medium,Rainy,Normal
S007,Airport Road,2026-05-24 16:05:00,223,29.6,Medium,Foggy,Normal
S005,Durres Road,2026-05-24 16:10:00,194,9.4,High,Cloudy,Normal
S006,Zogu i Zi,2026-05-24 16:15:00,246,13.4,High,Rainy,Heavy Traffic
S003,Student City,2026-05-24 16:20:00,195,21.9,High,Foggy,Normal
S001,Tirana Center,2026-05-24 16:25:00,187,44.3,Medium,Foggy,Normal
S006,Zogu i Zi,2026-05-24 16:30:00,192,24.0,Medium,Cloudy,Heavy Traffic
S005,Durres Road,2026-05-24 16:35:00,226,14.3,High,Cloudy,Normal
S007,Airport Road,2026-05-24 16:40:00,219,32.9,Medium,Cloudy,Normal
S002,Ring Road,2026-05-24 16:45:00,233,33.0,Medium,Clear,Normal
S005,Durres Road,2026-05-24 16:50:00,278,11.0,High,Foggy,Normal
S005,Durres Road,2026-05-24 16:55:00,186,29.2,Medium,Foggy,Heavy Traffic
S002,Ring Road,2026-05-24 17:00:00,224,10.1,High,Rainy,Normal
S008,New Boulevard,2026-05-24 17:05:00,239,8.1,High,Foggy,Normal
S001,Tirana Center,2026-05-24 17:10:00,198,35.0,Medium,Cloudy,Normal
S004,Blloku,2026-05-24 17:15:00,243,31.7,Medium,Cloudy,Heavy Traffic
S004,Blloku,2026-05-24 17:20:00,194,24.4,Medium,Foggy,Normal
S007,Airport Road,2026-05-24 17:25:00,233,16.6,High,Foggy,Normal
S002,Ring Road,2026-05-24 17:30:00,239,25.0,Medium,Cloudy,Normal
S001,Tirana Center,2026-05-24 17:35:00,258,28.9,High,Cloudy,Normal
S004,Blloku,2026-05-24 17:40:00,212,16.3,High,Cloudy,Normal
S002,Ring Road,2026-05-24 17:45:00,305,8,High,Rainy,Normal
S004,Blloku,2026-05-24 17:50:00,222,33.0,Medium,Rainy,Normal
S001,Tirana Center,2026-05-24 17:55:00,242,24.5,Medium,Rainy,Normal
S001,Tirana Center,2026-05-24 18:00:00,247,9.3,High,Cloudy,Normal
S001,Tirana Center,2026-05-24 18:05:00,210,20.4,High,Rainy,Normal
S001,Tirana Center,2026-05-24 18:10:00,200,8.3,High,Clear,Normal
S006,Zogu i Zi,2026-05-24 18:15:00,214,32.8,Medium,Foggy,Normal
S003,Student City,2026-05-24 18:20:00,249,19.6,High,Cloudy,Normal
S001,Tirana Center,2026-05-24 18:25:00,226,37.1,Medium,Cloudy,Normal
S002,Ring Road,2026-05-24 18:30:00,257,23.7,High,Cloudy,Normal
S006,Zogu i Zi,2026-05-24 18:35:00,236,29.5,Medium,Foggy,Normal
S001,Tirana Center,2026-05-24 18:40:00,137,32.4,Medium,Rainy,Roadwork
S005,Durres Road,2026-05-24 18:45:00,248,25.1,Medium,Foggy,Normal
S003,Student City,2026-05-24 18:50:00,270,8,High,Cloudy,Normal
S001,Tirana Center,2026-05-24 18:55:00,171,17.7,High,Foggy,Normal
S005,Durres Road,2026-05-24 19:00:00,107,29.5,Medium,Rainy,Normal
S004,Blloku,2026-05-24 19:05:00,73,36.9,Medium,Rainy,Normal
S003,Student City,2026-05-24 19:10:00,135,46.6,Low,Rainy,Normal
S004,Blloku,2026-05-24 19:15:00,126,40.0,Low,Foggy,Normal
S008,New Boulevard,2026-05-24 19:20:00,41,68.4,Low,Foggy,Normal
S007,Airport Road,2026-05-24 19:25:00,189,24.6,Medium,Foggy,Normal
S007,Airport Road,2026-05-24 19:30:00,30,49.9,Low,Clear,Normal
S005,Durres Road,2026-05-24 19:35:00,130,59.1,Low,Foggy,Normal
S002,Ring Road,2026-05-24 19:40:00,175,9.6,High,Clear,Normal
S003,Student City,2026-05-24 19:45:00,91,35.3,Medium,Clear,Normal
S002,Ring Road,2026-05-24 19:50:00,212,32.3,Medium,Foggy,Normal
S004,Blloku,2026-05-24 19:55:00,154,28.1,Medium,Rainy,Normal
S007,Airport Road,2026-05-24 20:00:00,70,47.3,Low,Clear,Normal
S006,Zogu i Zi,2026-05-24 20:05:00,97,55.6,Low,Foggy,Normal
S007,Airport Road,2026-05-24 20:10:00,98,38.5,Low,Cloudy,Normal
S003,Student City,2026-05-24 20:15:00,181,15.3,High,Cloudy,Normal
S003,Student City,2026-05-24 20:20:00,91,63.8,Low,Rainy,Normal
S003,Student City,2026-05-24 20:25:00,160,19.5,High,Foggy,Normal
S002,Ring Road,2026-05-24 20:30:00,98,58.0,Low,Foggy,Normal
S007,Airport Road,2026-05-24 20:35:00,112,33.8,Medium,Cloudy,Accident
S006,Zogu i Zi,2026-05-24 20:40:00,82,49.0,Low,Rainy,Normal
S001,Tirana Center,2026-05-24 20:45:00,129,38.9,Low,Foggy,Normal
S004,Blloku,2026-05-24 20:50:00,24,61.5,Low,Clear,Normal
S002,Ring Road,2026-05-24 20:55:00,182,24.6,Medium,Foggy,Normal
S004,Blloku,2026-05-24 21:00:00,81,42.5,Low,Cloudy,Normal
S008,New Boulevard,2026-05-24 21:05:00,113,40.5,Low,Foggy,Normal
S001,Tirana Center,2026-05-24 21:10:00,115,49.5,Low,Rainy,Normal
S001,Tirana Center,2026-05-24 21:15:00,56,34.6,Medium,Foggy,Normal
S005,Durres Road,2026-05-24 21:20:00,122,39.6,Low,Rainy,Normal
S002,Ring Road,2026-05-24 21:25:00,105,56.3,Low,Foggy,Normal
S003,Student City,2026-05-24 21:30:00,48,56.2,Low,Clear,Normal
S008,New Boulevard,2026-05-24 21:35:00,131,37.2,Medium,Cloudy,Heavy Traffic
S003,Student City,2026-05-24 21:40:00,113,44.3,Low,Foggy,Normal
S007,Airport Road,2026-05-24 21:45:00,74,41.8,Low,Rainy,Normal
S004,Blloku,2026-05-24 21:50:00,114,34.3,Medium,Foggy,Normal
S007,Airport Road,2026-05-24 21:55:00,60,32.9,Medium,Clear,Normal
S005,Durres Road,2026-05-24 22:00:00,103,28.5,Medium,Rainy,Accident
S001,Tirana Center,2026-05-24 22:05:00,46,55.6,Low,Cloudy,Normal
S003,Student City,2026-05-24 22:10:00,143,27.7,Medium,Clear,Normal
S008,New Boulevard,2026-05-24 22:15:00,128,43.4,Low,Foggy,Normal
S001,Tirana Center,2026-05-24 22:20:00,28,52.9,Low,Clear,Normal
S005,Durres Road,2026-05-24 22:25:00,108,29.0,Medium,Clear,Accident
S004,Blloku,2026-05-24 22:30:00,43,42.0,Low,Cloudy,Roadwork
S005,Durres Road,2026-05-24 22:35:00,104,45.0,Low,Clear,Normal
S003,Student City,2026-05-24 22:40:00,111,36.8,Medium,Cloudy,Normal
S003,Student City,2026-05-24 22:45:00,133,20.1,High,Cloudy,Normal
S006,Zogu i Zi,2026-05-24 22:50:00,125,47.2,Low,Clear,Normal
S007,Airport Road,2026-05-24 22:55:00,139,27.6,Medium,Foggy,Normal
S003,Student City,2026-05-24 23:00:00,127,46.0,Low,Cloudy,Normal
S003,Student City,2026-05-24 23:05:00,83,47.0,Low,Cloudy,Normal
S001,Tirana Center,2026-05-24 23:10:00,20,59.7,Low,Cloudy,Normal
S001,Tirana Center,2026-05-24 23:15:00,95,38.7,Low,Rainy,Heavy Traffic
S001,Tirana Center,2026-05-24 23:20:00,140,30.4,Medium,Cloudy,Normal
S001,Tirana Center,2026-05-24 23:25:00,116,38.2,Low,Rainy,Normal
S001,Tirana Center,2026-05-24 23:30:00,65,51.7,Low,Rainy,Normal
S002,Ring Road,2026-05-24 23:35:00,179,25.8,Medium,Cloudy,Normal
S004,Blloku,2026-05-24 23:40:00,71,37.3,Medium,Foggy,Normal
S006,Zogu i Zi,2026-05-24 23:45:00,108,58.9,Low,Rainy,Normal
S007,Airport Road,2026-05-24 23:50:00,116,47.5,Low,Rainy,Normal
S003,Student City,2026-05-24 23:55:00,123,42.2,Low,Foggy,Normal
S004,Blloku,2026-05-25 00:00:00,109,25.4,Medium,Foggy,Normal
S006,Zogu i Zi,2026-05-25 00:05:00,165,24.8,Medium,Rainy,Normal
S004,Blloku,2026-05-25 00:10:00,117,37.8,Medium,Cloudy,Normal
S002,Ring Road,2026-05-25 00:15:00,111,34.9,Medium,Rainy,Normal
S008,New Boulevard,2026-05-25 00:20:00,149,35.7,Medium,Foggy,Normal
S003,Student City,2026-05-25 00:25:00,128,39.1,Low,Clear,Normal
S007,Airport Road,2026-05-25 00:30:00,109,48.7,Low,Rainy,Normal
S008,New Boulevard,2026-05-25 00:35:00,119,45.7,Low,Cloudy,Normal
S003,Student City,2026-05-25 00:40:00,115,29.9,Medium,Foggy,Normal
S001,Tirana Center,2026-05-25 00:45:00,126,42.1,Low,Clear,Normal
S007,Airport Road,2026-05-25 00:50:00,123,25.5,Medium,Clear,Normal
S006,Zogu i Zi,2026-05-25 00:55:00,89,32.5,Medium,Cloudy,Normal
S007,Airport Road,2026-05-25 01:00:00,150,29.5,Medium,Clear,Normal
S001,Tirana Center,2026-05-25 01:05:00,152,40.9,Medium,Rainy,Normal
S007,Airport Road,2026-05-25 01:10:00,66,50.0,Low,Cloudy,Normal
S006,Zogu i Zi,2026-05-25 01:15:00,91,47.0,Low,Foggy,Heavy Traffic
S001,Tirana Center,2026-05-25 01:20:00,103,41.0,Low,Rainy,Normal
S006,Zogu i Zi,2026-05-25 01:25:00,65,39.6,Low,Rainy,Normal
S006,Zogu i Zi,2026-05-25 01:30:00,33,59.9,Low,Clear,Normal
S007,Airport Road,2026-05-25 01:35:00,89,40.1,Low,Foggy,Normal
S002,Ring Road,2026-05-25 01:40:00,114,23.0,Medium,Cloudy,Normal
S007,Airport Road,2026-05-25 01:45:00,86,39.9,Low,Rainy,Normal
S007,Airport Road,2026-05-25 01:50:00,84,33.9,Medium,Foggy,Normal
S005,Durres Road,2026-05-25 01:55:00,185,18.3,High,Cloudy,Normal
S008,New Boulevard,2026-05-25 02:00:00,20,57.5,Low,Clear,Normal
S002,Ring Road,2026-05-25 02:05:00,121,34.4,Medium,Cloudy,Normal
S007,Airport Road,2026-05-25 02:10:00,121,34.8,Medium,Foggy,Normal
S002,Ring Road,2026-05-25 02:15:00,98,45.4,Low,Foggy,Normal
S008,New Boulevard,2026-05-25 02:20:00,118,26.4,Medium,Clear,Normal
S002,Ring Road,2026-05-25 02:25:00,77,36.2,Medium,Rainy,Normal
S006,Zogu i Zi,2026-05-25 02:30:00,84,37.5,Medium,Clear,Normal
S004,Blloku,2026-05-25 02:35:00,155,40.2,Medium,Foggy,Normal
S004,Blloku,2026-05-25 02:40:00,57,54.4,Low,Cloudy,Normal
S003,Student City,2026-05-25 02:45:00,77,61.0,Low,Cloudy,Normal
S007,Airport Road,2026-05-25 02:50:00,68,47.0,Low,Clear,Normal
S001,Tirana Center,2026-05-25 02:55:00,82,53.6,Low,Clear,Normal
S003,Student City,2026-05-25 03:00:00,28,46.1,Low,Cloudy,Normal
S002,Ring Road,2026-05-25 03:05:00,50,40.3,Low,Rainy,Accident
S004,Blloku,2026-05-25 03:10:00,131,19.9,High,Rainy,Normal
S003,Student City,2026-05-25 03:15:00,123,42.7,Low,Cloudy,Roadwork
S005,Durres Road,2026-05-25 03:20:00,91,46.4,Low,Foggy,Normal
S002,Ring Road,2026-05-25 03:25:00,112,45.7,Low,Cloudy,Normal
S004,Blloku,2026-05-25 03:30:00,70,53.4,Low,Rainy,Normal
S005,Durres Road,2026-05-25 03:35:00,115,41.9,Low,Cloudy,Normal
S003,Student City,2026-05-25 03:40:00,71,39.2,Low,Cloudy,Heavy Traffic
S005,Durres Road,2026-05-25 03:45:00,109,41.9,Low,Clear,Normal
S007,Airport Road,2026-05-25 03:50:00,130,31.1,Medium,Foggy,Normal
S008,New Boulevard,2026-05-25 03:55:00,130,44.2,Low,Rainy,Normal
S004,Blloku,2026-05-25 04:00:00,124,36.9,Medium,Foggy,Normal
S006,Zogu i Zi,2026-05-25 04:05:00,96,60.9,Low,Foggy,Normal
S005,Durres Road,2026-05-25 04:10:00,121,48.0,Low,Rainy,Heavy Traffic
S005,Durres Road,2026-05-25 04:15:00,110,45.5,Low,Clear,Normal
S002,Ring Road,2026-05-25 04:20:00,140,32.4,Medium,Foggy,Normal
S002,Ring Road,2026-05-25 04:25:00,100,51.2,Low,Foggy,Roadwork
S006,Zogu i Zi,2026-05-25 04:30:00,132,30.6,Medium,Clear,Accident
S005,Durres Road,2026-05-25 04:35:00,110,37.4,Medium,Cloudy,Normal
S005,Durres Road,2026-05-25 04:40:00,55,54.9,Low,Clear,Normal
S006,Zogu i Zi,2026-05-25 04:45:00,20,61.7,Low,Rainy,Heavy Traffic
S007,Airport Road,2026-05-25 04:50:00,151,25.3,Medium,Clear,Normal
S008,New Boulevard,2026-05-25 04:55:00,97,30.2,Medium,Foggy,Normal
S001,Tirana Center,2026-05-25 05:00:00,105,46.0,Low,Rainy,Normal
S007,Airport Road,2026-05-25 05:05:00,113,27.5,Medium,Foggy,Normal
S007,Airport Road,2026-05-25 05:10:00,109,28.0,Medium,Rainy,Normal
S008,New Boulevard,2026-05-25 05:15:00,128,40.4,Low,Clear,Normal
S008,New Boulevard,2026-05-25 05:20:00,84,36.1,Medium,Rainy,Accident
S005,Durres Road,2026-05-25 05:25:00,135,23.6,Medium,Rainy,Normal
S008,New Boulevard,2026-05-25 05:30:00,119,31.8,Medium,Foggy,Normal
S007,Airport Road,2026-05-25 05:35:00,113,40.3,Low,Foggy,Normal
S003,Student City,2026-05-25 05:40:00,129,33.7,Medium,Cloudy,Normal
S005,Durres Road,2026-05-25 05:45:00,101,39.6,Low,Cloudy,Normal
S001,Tirana Center,2026-05-25 05:50:00,54,55.5,Low,Clear,Normal
S008,New Boulevard,2026-05-25 05:55:00,84,53.7,Low,Cloudy,Normal
S006,Zogu i Zi,2026-05-25 06:00:00,101,44.4,Low,Clear,Heavy Traffic
S007,Airport Road,2026-05-25 06:05:00,157,35.1,Medium,Cloudy,Normal
S005,Durres Road,2026-05-25 06:10:00,148,38.1,Low,Foggy,Normal
S005,Durres Road,2026-05-25 06:15:00,148,32.9,Medium,Foggy,Normal
S004,Blloku,2026-05-25 06:20:00,71,43.4,Low,Cloudy,Normal
S001,Tirana Center,2026-05-25 06:25:00,56,52.7,Low,Cloudy,Normal
S003,Student City,2026-05-25 06:30:00,95,38.1,Low,Foggy,Normal
S006,Zogu i Zi,2026-05-25 06:35:00,95,37.6,Medium,Cloudy,Normal
S005,Durres Road,2026-05-25 06:40:00,101,41.2,Low,Cloudy,Normal
S005,Durres Road,2026-05-25 06:45:00,122,41.1,Low,Clear,Normal
S004,Blloku,2026-05-25 06:50:00,78,46.5,Low,Foggy,Normal
S001,Tirana Center,2026-05-25 06:55:00,181,36.4,Medium,Rainy,Normal
S004,Blloku,2026-05-25 07:00:00,188,34.9,Medium,Clear,Normal
S005,Durres Road,2026-05-25 07:05:00,262,9.0,High,Clear,Normal
S001,Tirana Center,2026-05-25 07:10:00,239,8,High,Cloudy,Normal
S007,Airport Road,2026-05-25 07:15:00,206,27.4,Medium,Foggy,Normal
S002,Ring Road,2026-05-25 07:20:00,217,13.9,High,Foggy,Normal
S003,Student City,2026-05-25 07:25:00,311,8,High,Rainy,Normal
S008,New Boulevard,2026-05-25 07:30:00,245,10.4,High,Rainy,Normal
S007,Airport Road,2026-05-25 07:35:00,228,21.6,High,Rainy,Normal
S006,Zogu i Zi,2026-05-25 07:40:00,277,8,High,Foggy,Normal
S006,Zogu i Zi,2026-05-25 07:45:00,241,35.0,Medium,Cloudy,Normal
S004,Blloku,2026-05-25 07:50:00,225,27.6,Medium,Cloudy,Normal
S006,Zogu i Zi,2026-05-25 07:55:00,234,12.8,High,Foggy,Normal
S001,Tirana Center,2026-05-25 08:00:00,252,20.0,High,Rainy,Normal
S006,Zogu i Zi,2026-05-25 08:05:00,216,8,High,Clear,Normal
S007,Airport Road,2026-05-25 08:10:00,196,40.1,Medium,Foggy,Normal
S008,New Boulevard,2026-05-25 08:15:00,235,39.3,Medium,Cloudy,Normal
S002,Ring Road,2026-05-25 08:20:00,203,13.7,High,Cloudy,Normal
S006,Zogu i Zi,2026-05-25 08:25:00,141,42.3,Low,Foggy,Heavy Traffic
S008,New Boulevard,2026-05-25 08:30:00,247,14.4,High,Foggy,Normal
S001,Tirana Center,2026-05-25 08:35:00,223,10.3,High,Clear,Normal
S008,New Boulevard,2026-05-25 08:40:00,223,10.2,High,Rainy,Heavy Traffic
S006,Zogu i Zi,2026-05-25 08:45:00,251,19.5,High,Foggy,Normal
S005,Durres Road,2026-05-25 08:50:00,249,18.0,High,Cloudy,Normal
S006,Zogu i Zi,2026-05-25 08:55:00,153,25.3,Medium,Clear,Normal
S008,New Boulevard,2026-05-25 09:00:00,149,51.0,Low,Clear,Normal
S006,Zogu i Zi,2026-05-25 09:05:00,243,8,High,Clear,Normal
S001,Tirana Center,2026-05-25 09:10:00,252,14.8,High,Clear,Normal
S001,Tirana Center,2026-05-25 09:15:00,237,14.4,High,Rainy,Normal
S005,Durres Road,2026-05-25 09:20:00,249,13.8,High,Foggy,Heavy Traffic
S002,Ring Road,2026-05-25 09:25:00,194,17.1,High,Foggy,Normal
S003,Student City,2026-05-25 09:30:00,197,37.4,Medium,Clear,Normal
S006,Zogu i Zi,2026-05-25 09:35:00,260,40.6,High,Rainy,Roadwork
S001,Tirana Center,2026-05-25 09:40:00,216,32.5,Medium,Cloudy,Normal
S008,New Boulevard,2026-05-25 09:45:00,238,13.5,High,Clear,Normal
S007,Airport Road,2026-05-25 09:50:00,235,17.4,High,Foggy,Roadwork
S003,Student City,2026-05-25 09:55:00,263,12.4,High,Cloudy,Normal
S006,Zogu i Zi,2026-05-25 10:00:00,109,34.4,Medium,Cloudy,Normal
S007,Airport Road,2026-05-25 10:05:00,140,39.8,Low,Clear,Accident
S005,Durres Road,2026-05-25 10:10:00,158,26.6,Medium,Rainy,Normal
S002,Ring Road,2026-05-25 10:15:00,117,30.7,Medium,Rainy,Normal
S002,Ring Road,2026-05-25 10:20:00,84,51.1,Low,Clear,Normal
S005,Durres Road,2026-05-25 10:25:00,119,50.9,Low,Cloudy,Roadwork
S003,Student City,2026-05-25 10:30:00,153,28.6,Medium,Cloudy,Normal
S002,Ring Road,2026-05-25 10:35:00,119,32.5,Medium,Rainy,Heavy Traffic
S006,Zogu i Zi,2026-05-25 10:40:00,129,32.6,Medium,Foggy,Normal
S008,New Boulevard,2026-05-25 10:45:00,157,35.7,Medium,Clear,Normal
S005,Durres Road,2026-05-25 10:50:00,173,23.3,Medium,Cloudy,Normal
S004,Blloku,2026-05-25 10:55:00,20,34.7,Medium,Rainy,Normal
S007,Airport Road,2026-05-25 11:00:00,158,42.0,Medium,Rainy,Normal
S001,Tirana Center,2026-05-25 11:05:00,87,41.0,Low,Clear,Heavy Traffic
S003,Student City,2026-05-25 11:10:00,94,36.9,Medium,Clear,Accident
S006,Zogu i Zi,2026-05-25 11:15:00,122,41.4,Low,Clear,Normal
S002,Ring Road,2026-05-25 11:20:00,78,60.1,Low,Foggy,Normal
S008,New Boulevard,2026-05-25 11:25:00,133,29.1,Medium,Rainy,Normal
S007,Airport Road,2026-05-25 11:30:00,101,34.9,Medium,Foggy,Normal
S004,Blloku,2026-05-25 11:35:00,170,20.0,High,Foggy,Normal
S003,Student City,2026-05-25 11:40:00,37,64.1,Low,Clear,Normal
S008,New Boulevard,2026-05-25 11:45:00,80,44.7,Low,Foggy,Normal
S004,Blloku,2026-05-25 11:50:00,82,38.2,Low,Foggy,Normal
S002,Ring Road,2026-05-25 11:55:00,104,40.0,Low,Cloudy,Normal
S008,New Boulevard,2026-05-25 12:00:00,77,24.0,Medium,Foggy,Normal
S001,Tirana Center,2026-05-25 12:05:00,101,53.6,Low,Rainy,Normal
S006,Zogu i Zi,2026-05-25 12:10:00,117,39.5,Low,Rainy,Normal
S007,Airport Road,2026-05-25 12:15:00,89,36.2,Medium,Foggy,Normal
S008,New Boulevard,2026-05-25 12:20:00,28,53.7,Low,Foggy,Normal
S008,New Boulevard,2026-05-25 12:25:00,50,52.6,Low,Cloudy,Normal
S004,Blloku,2026-05-25 12:30:00,120,34.2,Medium,Foggy,Normal
S002,Ring Road,2026-05-25 12:35:00,96,58.1,Low,Foggy,Normal
S001,Tirana Center,2026-05-25 12:40:00,52,40.1,Low,Cloudy,Normal
S004,Blloku,2026-05-25 12:45:00,157,45.3,Medium,Cloudy,Normal
S005,Durres Road,2026-05-25 12:50:00,91,47.3,Low,Foggy,Normal
S003,Student City,2026-05-25 12:55:00,101,47.9,Low,Rainy,Normal
S006,Zogu i Zi,2026-05-25 13:00:00,65,55.1,Low,Rainy,Normal
S004,Blloku,2026-05-25 13:05:00,116,50.5,Low,Rainy,Normal
S008,New Boulevard,2026-05-25 13:10:00,152,55.1,Medium,Rainy,Normal
S001,Tirana Center,2026-05-25 13:15:00,160,29.1,Medium,Cloudy,Normal
S001,Tirana Center,2026-05-25 13:20:00,120,35.7,Medium,Clear,Normal
S005,Durres Road,2026-05-25 13:25:00,115,28.0,Medium,Clear,Normal
S001,Tirana Center,2026-05-25 13:30:00,97,49.0,Low,Foggy,Normal
S002,Ring Road,2026-05-25 13:35:00,98,54.4,Low,Clear,Normal
S001,Tirana Center,2026-05-25 13:40:00,107,36.6,Medium,Clear,Heavy Traffic
S008,New Boulevard,2026-05-25 13:45:00,135,22.5,Medium,Clear,Normal
S004,Blloku,2026-05-25 13:50:00,130,20.5,High,Rainy,Normal
S002,Ring Road,2026-05-25 13:55:00,163,40.8,Medium,Foggy,Normal
S007,Airport Road,2026-05-25 14:00:00,74,50.2,Low,Rainy,Normal
S006,Zogu i Zi,2026-05-25 14:05:00,97,37.0,Medium,Clear,Normal
S006,Zogu i Zi,2026-05-25 14:10:00,77,35.7,Medium,Rainy,Normal
S007,Airport Road,2026-05-25 14:15:00,135,27.1,Medium,Clear,Normal
S007,Airport Road,2026-05-25 14:20:00,112,29.7,Medium,Cloudy,Normal
S008,New Boulevard,2026-05-25 14:25:00,113,33.6,Medium,Cloudy,Normal
S001,Tirana Center,2026-05-25 14:30:00,138,35.8,Medium,Cloudy,Normal
S004,Blloku,2026-05-25 14:35:00,94,36.9,Medium,Cloudy,Normal
S005,Durres Road,2026-05-25 14:40:00,74,54.3,Low,Foggy,Roadwork
S003,Student City,2026-05-25 14:45:00,152,39.6,Medium,Rainy,Normal
S002,Ring Road,2026-05-25 14:50:00,126,27.5,Medium,Rainy,Normal
S008,New Boulevard,2026-05-25 14:55:00,20,47.5,Low,Foggy,Normal
S007,Airport Road,2026-05-25 15:00:00,117,23.0,Medium,Foggy,Heavy Traffic
S007,Airport Road,2026-05-25 15:05:00,92,28.6,Medium,Foggy,Normal
S008,New Boulevard,2026-05-25 15:10:00,144,43.2,Low,Cloudy,Normal
S002,Ring Road,2026-05-25 15:15:00,102,43.3,Low,Clear,Normal
S004,Blloku,2026-05-25 15:20:00,81,44.4,Low,Rainy,Normal
S003,Student City,2026-05-25 15:25:00,54,32.2,Medium,Rainy,Normal
S007,Airport Road,2026-05-25 15:30:00,52,62.5,Low,Foggy,Normal
S001,Tirana Center,2026-05-25 15:35:00,92,42.4,Low,Cloudy,Normal
S006,Zogu i Zi,2026-05-25 15:40:00,83,44.5,Low,Rainy,Normal
S001,Tirana Center,2026-05-25 15:45:00,59,33.0,Medium,Foggy,Normal
S002,Ring Road,2026-05-25 15:50:00,98,41.5,Low,Rainy,Normal
S003,Student City,2026-05-25 15:55:00,103,47.9,Low,Clear,Normal
S001,Tirana Center,2026-05-25 16:00:00,186,21.2,High,Cloudy,Normal
S008,New Boulevard,2026-05-25 16:05:00,183,34.4,Medium,Rainy,Normal
S001,Tirana Center,2026-05-25 16:10:00,209,22.7,Medium,Rainy,Normal
S003,Student City,2026-05-25 16:15:00,196,21.9,High,Clear,Roadwork
S005,Durres Road,2026-05-25 16:20:00,211,30.3,Medium,Cloudy,Normal
S001,Tirana Center,2026-05-25 16:25:00,178,24.1,Medium,Foggy,Normal
S003,Student City,2026-05-25 16:30:00,213,20.9,High,Rainy,Normal
S006,Zogu i Zi,2026-05-25 16:35:00,197,23.5,Medium,Cloudy,Normal
S003,Student City,2026-05-25 16:40:00,235,27.3,Medium,Cloudy,Normal
S007,Airport Road,2026-05-25 16:45:00,158,33.4,Medium,Cloudy,Normal
S002,Ring Road,2026-05-25 16:50:00,177,30.7,Medium,Foggy,Heavy Traffic
S003,Student City,2026-05-25 16:55:00,187,18.9,High,Rainy,Normal
S004,Blloku,2026-05-25 17:00:00,259,19.9,High,Rainy,Normal
S006,Zogu i Zi,2026-05-25 17:05:00,296,10.5,High,Rainy,Normal
S005,Durres Road,2026-05-25 17:10:00,136,28.5,Medium,Clear,Normal
S003,Student City,2026-05-25 17:15:00,192,11.7,High,Rainy,Normal
S003,Student City,2026-05-25 17:20:00,200,20.0,High,Clear,Normal
S006,Zogu i Zi,2026-05-25 17:25:00,206,25.3,Medium,Clear,Heavy Traffic
S002,Ring Road,2026-05-25 17:30:00,146,25.3,Medium,Cloudy,Normal
S003,Student City,2026-05-25 17:35:00,217,18.0,High,Cloudy,Normal
S001,Tirana Center,2026-05-25 17:40:00,252,26.5,High,Clear,Normal
S004,Blloku,2026-05-25 17:45:00,168,38.8,Medium,Clear,Normal
S008,New Boulevard,2026-05-25 17:50:00,154,40.0,Medium,Foggy,Normal
S003,Student City,2026-05-25 17:55:00,185,11.5,High,Foggy,Normal
S002,Ring Road,2026-05-25 18:00:00,239,26.9,Medium,Foggy,Normal
S004,Blloku,2026-05-25 18:05:00,194,34.0,Medium,Clear,Normal
S008,New Boulevard,2026-05-25 18:10:00,233,34.5,Medium,Clear,Normal
S005,Durres Road,2026-05-25 18:15:00,193,23.2,Medium,Rainy,Normal
S006,Zogu i Zi,2026-05-25 18:20:00,181,39.1,Medium,Cloudy,Normal
S006,Zogu i Zi,2026-05-25 18:25:00,288,17.4,High,Clear,Normal
S003,Student City,2026-05-25 18:30:00,237,8,High,Cloudy,Normal
S006,Zogu i Zi,2026-05-25 18:35:00,221,8,High,Foggy,Normal
S008,New Boulevard,2026-05-25 18:40:00,216,15.5,High,Clear,Normal
S007,Airport Road,2026-05-25 18:45:00,191,25.5,Medium,Cloudy,Accident
S004,Blloku,2026-05-25 18:50:00,276,12.0,High,Clear,Normal
S004,Blloku,2026-05-25 18:55:00,173,30.6,Medium,Foggy,Normal
S002,Ring Road,2026-05-25 19:00:00,139,28.5,Medium,Clear,Normal
S004,Blloku,2026-05-25 19:05:00,124,32.8,Medium,Clear,Normal
S001,Tirana Center,2026-05-25 19:10:00,178,26.9,Medium,Cloudy,Normal
S006,Zogu i Zi,2026-05-25 19:15:00,95,43.4,Low,Cloudy,Normal
S005,Durres Road,2026-05-25 19:20:00,116,39.2,Low,Clear,Normal
S008,New Boulevard,2026-05-25 19:25:00,115,34.4,Medium,Foggy,Normal
S006,Zogu i Zi,2026-05-25 19:30:00,66,45.0,Low,Foggy,Normal
S005,Durres Road,2026-05-25 19:35:00,140,38.2,Low,Foggy,Normal
S007,Airport Road,2026-05-25 19:40:00,138,32.3,Medium,Clear,Normal
S001,Tirana Center,2026-05-25 19:45:00,128,40.8,Low,Clear,Normal
S001,Tirana Center,2026-05-25 19:50:00,144,35.6,Medium,Cloudy,Normal
S005,Durres Road,2026-05-25 19:55:00,97,46.6,Low,Clear,Normal
S005,Durres Road,2026-05-25 20:00:00,116,46.6,Low,Clear,Normal
S007,Airport Road,2026-05-25 20:05:00,110,37.2,Medium,Clear,Normal
S007,Airport Road,2026-05-25 20:10:00,107,35.3,Medium,Clear,Normal
S008,New Boulevard,2026-05-25 20:15:00,82,47.2,Low,Clear,Normal
S003,Student City,2026-05-25 20:20:00,75,30.1,Medium,Rainy,Heavy Traffic
S005,Durres Road,2026-05-25 20:25:00,104,48.0,Low,Rainy,Normal
S001,Tirana Center,2026-05-25 20:30:00,113,57.8,Low,Clear,Normal
S005,Durres Road,2026-05-25 20:35:00,167,29.4,Medium,Clear,Normal
S004,Blloku,2026-05-25 20:40:00,56,42.5,Low,Clear,Normal
S006,Zogu i Zi,2026-05-25 20:45:00,135,29.7,Medium,Cloudy,Normal
S007,Airport Road,2026-05-25 20:50:00,100,42.2,Low,Cloudy,Roadwork
S001,Tirana Center,2026-05-25 20:55:00,133,44.4,Low,Foggy,Normal
S003,Student City,2026-05-25 21:00:00,160,26.7,Medium,Foggy,Normal
S006,Zogu i Zi,2026-05-25 21:05:00,98,49.8,Low,Rainy,Normal
S007,Airport Road,2026-05-25 21:10:00,132,49.7,Low,Cloudy,Normal
S008,New Boulevard,2026-05-25 21:15:00,184,32.5,Medium,Foggy,Normal
S002,Ring Road,2026-05-25 21:20:00,113,58.1,Low,Foggy,Normal
S007,Airport Road,2026-05-25 21:25:00,65,56.3,Low,Clear,Normal
S004,Blloku,2026-05-25 21:30:00,117,20.6,High,Rainy,Normal
S003,Student City,2026-05-25 21:35:00,38,53.7,Low,Clear,Normal
S001,Tirana Center,2026-05-25 21:40:00,118,53.6,Low,Rainy,Normal
S003,Student City,2026-05-25 21:45:00,103,26.9,Medium,Cloudy,Normal
S008,New Boulevard,2026-05-25 21:50:00,135,38.7,Low,Cloudy,Heavy Traffic
S008,New Boulevard,2026-05-25 21:55:00,102,37.5,Medium,Foggy,Heavy Traffic
S007,Airport Road,2026-05-25 22:00:00,160,31.5,Medium,Rainy,Normal
S007,Airport Road,2026-05-25 22:05:00,93,25.6,Medium,Rainy,Normal
S001,Tirana Center,2026-05-25 22:10:00,90,56.5,Low,Rainy,Normal
S008,New Boulevard,2026-05-25 22:15:00,160,49.3,Medium,Foggy,Normal
S008,New Boulevard,2026-05-25 22:20:00,121,29.9,Medium,Foggy,Normal
S003,Student City,2026-05-25 22:25:00,69,41.6,Low,Rainy,Normal
S002,Ring Road,2026-05-25 22:30:00,61,51.8,Low,Rainy,Normal
S008,New Boulevard,2026-05-25 22:35:00,113,41.7,Low,Clear,Normal
S005,Durres Road,2026-05-25 22:40:00,98,52.8,Low,Cloudy,Normal
S003,Student City,2026-05-25 22:45:00,126,36.6,Medium,Rainy,Normal
S001,Tirana Center,2026-05-25 22:50:00,89,63.7,Low,Cloudy,Normal
S005,Durres Road,2026-05-25 22:55:00,140,42.1,Low,Foggy,Normal
S004,Blloku,2026-05-25 23:00:00,90,25.5,Medium,Clear,Normal
S008,New Boulevard,2026-05-25 23:05:00,43,40.4,Low,Cloudy,Normal
S008,New Boulevard,2026-05-25 23:10:00,131,28.9,Medium,Foggy,Normal
S004,Blloku,2026-05-25 23:15:00,66,38.4,Low,Foggy,Normal
S005,Durres Road,2026-05-25 23:20:00,77,43.5,Low,Rainy,Normal
S007,Airport Road,2026-05-25 23:25:00,153,32.9,Medium,Clear,Normal
S003,Student City,2026-05-25 23:30:00,105,41.8,Low,Cloudy,Normal
S004,Blloku,2026-05-25 23:35:00,62,56.3,Low,Clear,Normal
S005,Durres Road,2026-05-25 23:40:00,168,32.1,Medium,Cloudy,Roadwork
S005,Durres Road,2026-05-25 23:45:00,33,58.6,Low,Clear,Normal
S001,Tirana Center,2026-05-25 23:50:00,90,38.9,Low,Rainy,Heavy Traffic
S004,Blloku,2026-05-25 23:55:00,133,25.1,Medium,Clear,Normal
S003,Student City,2026-05-26 00:00:00,60,60.5,Low,Rainy,Normal
S006,Zogu i Zi,2026-05-26 00:05:00,38,42.1,Low,Rainy,Normal
S007,Airport Road,2026-05-26 00:10:00,57,64.2,Low,Rainy,Normal
S003,Student City,2026-05-26 00:15:00,94,40.9,Low,Cloudy,Accident
S005,Durres Road,2026-05-26 00:20:00,83,52.7,Low,Clear,Normal
S003,Student City,2026-05-26 00:25:00,157,36.5,Medium,Cloudy,Normal
S005,Durres Road,2026-05-26 00:30:00,41,41.0,Low,Rainy,Normal
S008,New Boulevard,2026-05-26 00:35:00,155,25.3,Medium,Clear,Normal
S008,New Boulevard,2026-05-26 00:40:00,85,54.9,Low,Clear,Normal
S006,Zogu i Zi,2026-05-26 00:45:00,103,51.0,Low,Foggy,Normal
S004,Blloku,2026-05-26 00:50:00,101,35.5,Medium,Clear,Normal
S008,New Boulevard,2026-05-26 00:55:00,74,52.1,Low,Foggy,Normal
S001,Tirana Center,2026-05-26 01:00:00,155,32.8,Medium,Foggy,Normal
S006,Zogu i Zi,2026-05-26 01:05:00,114,14.8,High,Rainy,Heavy Traffic
S002,Ring Road,2026-05-26 01:10:00,61,43.9,Low,Clear,Normal
S007,Airport Road,2026-05-26 01:15:00,98,43.6,Low,Cloudy,Normal
S007,Airport Road,2026-05-26 01:20:00,122,26.0,Medium,Cloudy,Normal
S001,Tirana Center,2026-05-26 01:25:00,172,28.7,Medium,Foggy,Normal
S004,Blloku,2026-05-26 01:30:00,128,35.3,Medium,Foggy,Normal
S004,Blloku,2026-05-26 01:35:00,141,36.9,Medium,Rainy,Normal
S006,Zogu i Zi,2026-05-26 01:40:00,110,57.1,Low,Cloudy,Roadwork
S006,Zogu i Zi,2026-05-26 01:45:00,123,41.3,Low,Rainy,Heavy Traffic
S005,Durres Road,2026-05-26 01:50:00,159,24.3,Medium,Foggy,Normal
S003,Student City,2026-05-26 01:55:00,95,47.4,Low,Foggy,Normal
S005,Durres Road,2026-05-26 02:00:00,123,41.6,Low,Clear,Normal
S001,Tirana Center,2026-05-26 02:05:00,119,32.6,Medium,Cloudy,Roadwork
S005,Durres Road,2026-05-26 02:10:00,81,36.1,Medium,Clear,Normal
S006,Zogu i Zi,2026-05-26 02:15:00,96,40.0,Low,Rainy,Normal
S005,Durres Road,2026-05-26 02:20:00,79,37.7,Medium,Rainy,Normal
S006,Zogu i Zi,2026-05-26 02:25:00,81,44.3,Low,Clear,Normal
S001,Tirana Center,2026-05-26 02:30:00,99,56.6,Low,Clear,Heavy Traffic
S008,New Boulevard,2026-05-26 02:35:00,141,30.5,Medium,Cloudy,Normal
S005,Durres Road,2026-05-26 02:40:00,134,43.0,Low,Foggy,Normal
S005,Durres Road,2026-05-26 02:45:00,82,53.8,Low,Foggy,Normal
S005,Durres Road,2026-05-26 02:50:00,69,57.3,Low,Cloudy,Normal
S002,Ring Road,2026-05-26 02:55:00,90,52.9,Low,Cloudy,Normal
S005,Durres Road,2026-05-26 03:00:00,157,44.4,Medium,Clear,Normal
S005,Durres Road,2026-05-26 03:05:00,58,41.3,Low,Rainy,Normal
S003,Student City,2026-05-26 03:10:00,124,46.7,Low,Foggy,Normal
S005,Durres Road,2026-05-26 03:15:00,51,46.0,Low,Foggy,Accident
S002,Ring Road,2026-05-26 03:20:00,152,9.7,High,Rainy,Normal
S007,Airport Road,2026-05-26 03:25:00,137,43.0,Low,Foggy,Normal
S008,New Boulevard,2026-05-26 03:30:00,109,42.1,Low,Cloudy,Normal
S001,Tirana Center,2026-05-26 03:35:00,84,38.3,Low,Cloudy,Normal
S002,Ring Road,2026-05-26 03:40:00,105,44.4,Low,Clear,Normal
S006,Zogu i Zi,2026-05-26 03:45:00,139,42.2,Low,Rainy,Heavy Traffic
S005,Durres Road,2026-05-26 03:50:00,97,34.4,Medium,Cloudy,Normal
S006,Zogu i Zi,2026-05-26 03:55:00,87,14.3,High,Foggy,Accident
S002,Ring Road,2026-05-26 04:00:00,64,55.4,Low,Foggy,Normal
S005,Durres Road,2026-05-26 04:05:00,79,56.5,Low,Clear,Heavy Traffic
S003,Student City,2026-05-26 04:10:00,100,47.9,Low,Cloudy,Normal
S001,Tirana Center,2026-05-26 04:15:00,155,41.3,Medium,Rainy,Normal
S003,Student City,2026-05-26 04:20:00,90,61.6,Low,Rainy,Normal
S003,Student City,2026-05-26 04:25:00,91,33.1,Medium,Cloudy,Normal
S003,Student City,2026-05-26 04:30:00,123,39.3,Low,Rainy,Normal
S008,New Boulevard,2026-05-26 04:35:00,65,56.4,Low,Rainy,Normal
S001,Tirana Center,2026-05-26 04:40:00,118,8,High,Foggy,Normal
S004,Blloku,2026-05-26 04:45:00,115,44.2,Low,Clear,Normal
S002,Ring Road,2026-05-26 04:50:00,127,24.5,Medium,Foggy,Normal
S005,Durres Road,2026-05-26 04:55:00,83,61.9,Low,Rainy,Normal
S007,Airport Road,2026-05-26 05:00:00,145,32.8,Medium,Clear,Normal
S005,Durres Road,2026-05-26 05:05:00,171,25.7,Medium,Clear,Normal
S004,Blloku,2026-05-26 05:10:00,129,40.7,Low,Cloudy,Normal
S006,Zogu i Zi,2026-05-26 05:15:00,77,45.2,Low,Clear,Normal
S003,Student City,2026-05-26 05:20:00,62,40.3,Low,Clear,Normal
S006,Zogu i Zi,2026-05-26 05:25:00,107,53.7,Low,Rainy,Normal
S001,Tirana Center,2026-05-26 05:30:00,92,24.9,Medium,Cloudy,Normal
S004,Blloku,2026-05-26 05:35:00,84,39.2,Low,Foggy,Normal
S007,Airport Road,2026-05-26 05:40:00,71,63.1,Low,Foggy,Normal
S003,Student City,2026-05-26 05:45:00,100,59.2,Low,Cloudy,Normal
S003,Student City,2026-05-26 05:50:00,79,37.8,Medium,Clear,Normal
S002,Ring Road,2026-05-26 05:55:00,48,43.1,Low,Rainy,Accident
S006,Zogu i Zi,2026-05-26 06:00:00,94,44.1,Low,Cloudy,Normal
S005,Durres Road,2026-05-26 06:05:00,91,36.8,Medium,Foggy,Normal
S004,Blloku,2026-05-26 06:10:00,151,52.0,Medium,Clear,Normal
S003,Student City,2026-05-26 06:15:00,110,41.1,Low,Clear,Normal
S006,Zogu i Zi,2026-05-26 06:20:00,52,51.4,Low,Foggy,Normal
S001,Tirana Center,2026-05-26 06:25:00,76,46.5,Low,Clear,Normal
S006,Zogu i Zi,2026-05-26 06:30:00,91,39.8,Low,Foggy,Normal
S006,Zogu i Zi,2026-05-26 06:35:00,94,55.2,Low,Cloudy,Normal
S003,Student City,2026-05-26 06:40:00,169,27.0,Medium,Clear,Normal
S001,Tirana Center,2026-05-26 06:45:00,69,38.3,Low,Foggy,Normal
S008,New Boulevard,2026-05-26 06:50:00,99,44.7,Low,Foggy,Normal
S007,Airport Road,2026-05-26 06:55:00,113,52.3,Low,Rainy,Normal
S002,Ring Road,2026-05-26 07:00:00,238,16.9,High,Foggy,Normal
S001,Tirana Center,2026-05-26 07:05:00,180,8.7,High,Cloudy,Normal
S003,Student City,2026-05-26 07:10:00,267,8,High,Rainy,Normal
S007,Airport Road,2026-05-26 07:15:00,270,11.7,High,Cloudy,Normal
S006,Zogu i Zi,2026-05-26 07:20:00,256,12.9,High,Foggy,Normal
S003,Student City,2026-05-26 07:25:00,204,21.2,High,Rainy,Normal
S003,Student City,2026-05-26 07:30:00,201,35.4,Medium,Cloudy,Heavy Traffic
S008,New Boulevard,2026-05-26 07:35:00,254,28.1,High,Clear,Normal
S005,Durres Road,2026-05-26 07:40:00,265,8,High,Foggy,Heavy Traffic
S001,Tirana Center,2026-05-26 07:45:00,247,11.2,High,Cloudy,Roadwork
S007,Airport Road,2026-05-26 07:50:00,189,18.9,High,Cloudy,Normal
S004,Blloku,2026-05-26 07:55:00,236,16.7,High,Clear,Normal
S003,Student City,2026-05-26 08:00:00,229,25.8,Medium,Rainy,Normal
S005,Durres Road,2026-05-26 08:05:00,231,19.0,High,Clear,Normal
S006,Zogu i Zi,2026-05-26 08:10:00,213,39.9,Medium,Clear,Normal
S003,Student City,2026-05-26 08:15:00,110,21.0,High,Clear,Normal
S005,Durres Road,2026-05-26 08:20:00,203,35.2,Medium,Clear,Normal
S003,Student City,2026-05-26 08:25:00,219,25.0,Medium,Foggy,Normal
S008,New Boulevard,2026-05-26 08:30:00,224,14.9,High,Rainy,Normal
S006,Zogu i Zi,2026-05-26 08:35:00,274,11.2,High,Clear,Normal
S007,Airport Road,2026-05-26 08:40:00,182,22.4,Medium,Rainy,Normal
S008,New Boulevard,2026-05-26 08:45:00,217,8.6,High,Cloudy,Normal
S005,Durres Road,2026-05-26 08:50:00,179,35.7,Medium,Clear,Heavy Traffic
S005,Durres Road,2026-05-26 08:55:00,228,22.1,Medium,Rainy,Normal
S001,Tirana Center,2026-05-26 09:00:00,213,26.5,Medium,Clear,Normal
S008,New Boulevard,2026-05-26 09:05:00,181,41.2,Medium,Rainy,Roadwork
S005,Durres Road,2026-05-26 09:10:00,203,27.5,Medium,Foggy,Roadwork
S005,Durres Road,2026-05-26 09:15:00,191,23.5,Medium,Cloudy,Normal
S007,Airport Road,2026-05-26 09:20:00,254,10.0,High,Cloudy,Normal
S002,Ring Road,2026-05-26 09:25:00,255,19.1,High,Cloudy,Normal
S003,Student City,2026-05-26 09:30:00,229,34.6,Medium,Foggy,Accident
S006,Zogu i Zi,2026-05-26 09:35:00,260,8,High,Rainy,Normal
S001,Tirana Center,2026-05-26 09:40:00,222,8,High,Clear,Normal
S002,Ring Road,2026-05-26 09:45:00,204,21.3,High,Rainy,Normal
S006,Zogu i Zi,2026-05-26 09:50:00,245,20.7,High,Foggy,Normal
S002,Ring Road,2026-05-26 09:55:00,223,29.5,Medium,Rainy,Normal
S004,Blloku,2026-05-26 10:00:00,121,41.0,Low,Clear,Heavy Traffic
S004,Blloku,2026-05-26 10:05:00,108,31.0,Medium,Cloudy,Roadwork
S005,Durres Road,2026-05-26 10:10:00,74,71.3,Low,Clear,Normal
S004,Blloku,2026-05-26 10:15:00,144,37.2,Medium,Clear,Normal
S004,Blloku,2026-05-26 10:20:00,145,39.9,Low,Rainy,Heavy Traffic
S001,Tirana Center,2026-05-26 10:25:00,158,29.8,Medium,Rainy,Normal
S003,Student City,2026-05-26 10:30:00,98,42.0,Low,Rainy,Normal
S005,Durres Road,2026-05-26 10:35:00,137,26.4,Medium,Foggy,Normal
S007,Airport Road,2026-05-26 10:40:00,44,60.5,Low,Foggy,Normal
S005,Durres Road,2026-05-26 10:45:00,38,36.2,Medium,Rainy,Normal
S005,Durres Road,2026-05-26 10:50:00,98,39.3,Low,Cloudy,Normal
S005,Durres Road,2026-05-26 10:55:00,196,26.1,Medium,Cloudy,Normal
S002,Ring Road,2026-05-26 11:00:00,42,44.8,Low,Cloudy,Normal
S003,Student City,2026-05-26 11:05:00,110,40.4,Low,Clear,Normal
S003,Student City,2026-05-26 11:10:00,116,41.9,Low,Clear,Normal
S004,Blloku,2026-05-26 11:15:00,136,33.2,Medium,Clear,Normal
S001,Tirana Center,2026-05-26 11:20:00,88,29.9,Medium,Foggy,Normal
S001,Tirana Center,2026-05-26 11:25:00,105,41.4,Low,Foggy,Heavy Traffic
S007,Airport Road,2026-05-26 11:30:00,67,51.9,Low,Foggy,Normal
S002,Ring Road,2026-05-26 11:35:00,103,29.9,Medium,Clear,Roadwork
S006,Zogu i Zi,2026-05-26 11:40:00,115,22.0,Medium,Foggy,Normal
S003,Student City,2026-05-26 11:45:00,140,44.8,Low,Clear,Normal
S008,New Boulevard,2026-05-26 11:50:00,116,39.4,Low,Cloudy,Roadwork
S004,Blloku,2026-05-26 11:55:00,40,42.1,Low,Cloudy,Accident
S005,Durres Road,2026-05-26 12:00:00,125,31.3,Medium,Foggy,Normal
S004,Blloku,2026-05-26 12:05:00,121,49.3,Low,Foggy,Normal
S001,Tirana Center,2026-05-26 12:10:00,91,49.2,Low,Rainy,Normal
S006,Zogu i Zi,2026-05-26 12:15:00,84,48.5,Low,Foggy,Normal
S004,Blloku,2026-05-26 12:20:00,150,28.8,Medium,Foggy,Normal
S006,Zogu i Zi,2026-05-26 12:25:00,55,55.1,Low,Cloudy,Normal
S008,New Boulevard,2026-05-26 12:30:00,97,34.1,Medium,Clear,Normal
S004,Blloku,2026-05-26 12:35:00,100,46.3,Low,Cloudy,Heavy Traffic
S003,Student City,2026-05-26 12:40:00,135,20.5,High,Cloudy,Normal
S008,New Boulevard,2026-05-26 12:45:00,133,39.3,Low,Cloudy,Normal
S005,Durres Road,2026-05-26 12:50:00,120,47.9,Low,Foggy,Normal
S007,Airport Road,2026-05-26 12:55:00,112,39.5,Low,Rainy,Normal
S007,Airport Road,2026-05-26 13:00:00,127,37.4,Medium,Cloudy,Normal
S006,Zogu i Zi,2026-05-26 13:05:00,106,39.7,Low,Foggy,Normal
S007,Airport Road,2026-05-26 13:10:00,145,35.5,Medium,Clear,Normal
S005,Durres Road,2026-05-26 13:15:00,129,34.1,Medium,Cloudy,Normal
S007,Airport Road,2026-05-26 13:20:00,173,36.3,Medium,Rainy,Normal
S003,Student City,2026-05-26 13:25:00,71,43.6,Low,Clear,Normal
S008,New Boulevard,2026-05-26 13:30:00,100,37.8,Medium,Clear,Normal
S004,Blloku,2026-05-26 13:35:00,146,34.1,Medium,Foggy,Normal
S001,Tirana Center,2026-05-26 13:40:00,88,42.0,Low,Foggy,Normal
S002,Ring Road,2026-05-26 13:45:00,43,51.3,Low,Cloudy,Accident
S003,Student City,2026-05-26 13:50:00,83,52.4,Low,Foggy,Normal
S006,Zogu i Zi,2026-05-26 13:55:00,93,41.8,Low,Cloudy,Normal
S003,Student City,2026-05-26 14:00:00,119,32.5,Medium,Clear,Heavy Traffic
S006,Zogu i Zi,2026-05-26 14:05:00,75,39.0,Low,Clear,Normal
S001,Tirana Center,2026-05-26 14:10:00,73,46.2,Low,Foggy,Normal
S004,Blloku,2026-05-26 14:15:00,80,53.6,Low,Clear,Normal
S004,Blloku,2026-05-26 14:20:00,160,39.0,Medium,Rainy,Normal
S004,Blloku,2026-05-26 14:25:00,68,50.4,Low,Rainy,Accident
S002,Ring Road,2026-05-26 14:30:00,78,35.4,Medium,Cloudy,Normal
S004,Blloku,2026-05-26 14:35:00,75,56.7,Low,Clear,Normal
S003,Student City,2026-05-26 14:40:00,119,33.5,Medium,Rainy,Normal
S006,Zogu i Zi,2026-05-26 14:45:00,62,60.9,Low,Foggy,Normal
S007,Airport Road,2026-05-26 14:50:00,72,47.2,Low,Clear,Normal
S002,Ring Road,2026-05-26 14:55:00,138,27.5,Medium,Foggy,Normal
S002,Ring Road,2026-05-26 15:00:00,62,56.4,Low,Rainy,Normal
S003,Student City,2026-05-26 15:05:00,151,39.3,Medium,Cloudy,Normal
S006,Zogu i Zi,2026-05-26 15:10:00,79,45.6,Low,Foggy,Normal
S001,Tirana Center,2026-05-26 15:15:00,154,27.8,Medium,Foggy,Normal
S004,Blloku,2026-05-26 15:20:00,129,42.3,Low,Clear,Roadwork
S004,Blloku,2026-05-26 15:25:00,65,44.9,Low,Foggy,Heavy Traffic
S007,Airport Road,2026-05-26 15:30:00,77,42.1,Low,Rainy,Normal
S006,Zogu i Zi,2026-05-26 15:35:00,99,23.2,Medium,Foggy,Roadwork
S006,Zogu i Zi,2026-05-26 15:40:00,129,28.2,Medium,Clear,Normal
S007,Airport Road,2026-05-26 15:45:00,166,41.5,Medium,Rainy,Normal
S005,Durres Road,2026-05-26 15:50:00,60,56.7,Low,Cloudy,Normal
S003,Student City,2026-05-26 15:55:00,124,44.2,Low,Cloudy,Normal
S004,Blloku,2026-05-26 16:00:00,185,24.4,Medium,Clear,Normal
S004,Blloku,2026-05-26 16:05:00,292,8,High,Foggy,Normal
S008,New Boulevard,2026-05-26 16:10:00,249,25.3,Medium,Cloudy,Normal
S006,Zogu i Zi,2026-05-26 16:15:00,281,22.3,High,Cloudy,Normal
S006,Zogu i Zi,2026-05-26 16:20:00,248,19.6,High,Clear,Heavy Traffic
S005,Durres Road,2026-05-26 16:25:00,128,37.5,Medium,Clear,Normal
S002,Ring Road,2026-05-26 16:30:00,256,22.7,High,Clear,Normal
S005,Durres Road,2026-05-26 16:35:00,180,34.4,Medium,Clear,Roadwork
S004,Blloku,2026-05-26 16:40:00,211,35.4,Medium,Foggy,Normal
S004,Blloku,2026-05-26 16:45:00,225,11.7,High,Foggy,Normal
S002,Ring Road,2026-05-26 16:50:00,171,36.9,Medium,Foggy,Normal
S003,Student City,2026-05-26 16:55:00,275,27.9,High,Rainy,Normal
S008,New Boulevard,2026-05-26 17:00:00,203,28.1,Medium,Cloudy,Normal
S007,Airport Road,2026-05-26 17:05:00,192,14.8,High,Rainy,Normal
S008,New Boulevard,2026-05-26 17:10:00,154,38.0,Medium,Clear,Normal
S008,New Boulevard,2026-05-26 17:15:00,180,26.7,Medium,Rainy,Normal
S007,Airport Road,2026-05-26 17:20:00,271,25.5,High,Clear,Normal
S008,New Boulevard,2026-05-26 17:25:00,164,25.7,Medium,Clear,Normal
S007,Airport Road,2026-05-26 17:30:00,195,39.8,Medium,Clear,Normal
S008,New Boulevard,2026-05-26 17:35:00,217,36.4,Medium,Rainy,Normal
S003,Student City,2026-05-26 17:40:00,206,30.5,Medium,Clear,Normal
S001,Tirana Center,2026-05-26 17:45:00,252,11.9,High,Foggy,Normal
S007,Airport Road,2026-05-26 17:50:00,273,11.0,High,Clear,Normal
S008,New Boulevard,2026-05-26 17:55:00,207,23.6,Medium,Foggy,Normal
S004,Blloku,2026-05-26 18:00:00,185,25.8,Medium,Foggy,Heavy Traffic
S004,Blloku,2026-05-26 18:05:00,195,23.4,Medium,Foggy,Normal
S008,New Boulevard,2026-05-26 18:10:00,258,21.1,High,Clear,Normal
S007,Airport Road,2026-05-26 18:15:00,271,12.3,High,Cloudy,Normal
S001,Tirana Center,2026-05-26 18:20:00,242,14.8,High,Cloudy,Normal
S005,Durres Road,2026-05-26 18:25:00,216,26.5,Medium,Foggy,Normal
S003,Student City,2026-05-26 18:30:00,216,41.1,Medium,Foggy,Roadwork
S007,Airport Road,2026-05-26 18:35:00,195,18.1,High,Clear,Accident
S001,Tirana Center,2026-05-26 18:40:00,266,14.1,High,Clear,Normal
S006,Zogu i Zi,2026-05-26 18:45:00,179,40.5,Medium,Clear,Normal
S002,Ring Road,2026-05-26 18:50:00,225,14.3,High,Cloudy,Normal
S006,Zogu i Zi,2026-05-26 18:55:00,263,19.4,High,Clear,Normal
S007,Airport Road,2026-05-26 19:00:00,144,30.8,Medium,Clear,Normal
S006,Zogu i Zi,2026-05-26 19:05:00,84,48.0,Low,Foggy,Normal
S002,Ring Road,2026-05-26 19:10:00,97,62.2,Low,Rainy,Roadwork
S003,Student City,2026-05-26 19:15:00,60,41.2,Low,Clear,Normal
S002,Ring Road,2026-05-26 19:20:00,99,39.0,Low,Rainy,Normal
S002,Ring Road,2026-05-26 19:25:00,123,42.2,Low,Rainy,Heavy Traffic
S003,Student City,2026-05-26 19:30:00,114,31.7,Medium,Foggy,Normal
S007,Airport Road,2026-05-26 19:35:00,79,44.2,Low,Cloudy,Normal
S008,New Boulevard,2026-05-26 19:40:00,114,28.0,Medium,Rainy,Heavy Traffic
S004,Blloku,2026-05-26 19:45:00,162,16.0,High,Rainy,Normal
S004,Blloku,2026-05-26 19:50:00,92,36.4,Medium,Clear,Normal
S006,Zogu i Zi,2026-05-26 19:55:00,38,57.7,Low,Rainy,Normal
S001,Tirana Center,2026-05-26 20:00:00,34,50.4,Low,Cloudy,Normal
S006,Zogu i Zi,2026-05-26 20:05:00,90,49.7,Low,Rainy,Roadwork
S003,Student City,2026-05-26 20:10:00,145,42.1,Low,Cloudy,Normal
S001,Tirana Center,2026-05-26 20:15:00,46,54.3,Low,Cloudy,Normal
S004,Blloku,2026-05-26 20:20:00,83,42.0,Low,Rainy,Heavy Traffic
S004,Blloku,2026-05-26 20:25:00,103,33.4,Medium,Foggy,Normal
S006,Zogu i Zi,2026-05-26 20:30:00,156,30.8,Medium,Rainy,Normal
S003,Student City,2026-05-26 20:35:00,93,43.1,Low,Foggy,Heavy Traffic
S003,Student City,2026-05-26 20:40:00,145,40.2,Low,Clear,Normal
S003,Student City,2026-05-26 20:45:00,113,37.4,Medium,Foggy,Normal
S008,New Boulevard,2026-05-26 20:50:00,43,58.2,Low,Foggy,Normal
S007,Airport Road,2026-05-26 20:55:00,67,45.6,Low,Clear,Normal
S002,Ring Road,2026-05-26 21:00:00,103,38.9,Low,Rainy,Normal
S004,Blloku,2026-05-26 21:05:00,121,58.9,Low,Rainy,Normal
S002,Ring Road,2026-05-26 21:10:00,134,42.5,Low,Foggy,Normal
S007,Airport Road,2026-05-26 21:15:00,192,21.8,High,Rainy,Normal
S002,Ring Road,2026-05-26 21:20:00,150,24.4,Medium,Foggy,Accident
S008,New Boulevard,2026-05-26 21:25:00,124,39.2,Low,Foggy,Normal
S001,Tirana Center,2026-05-26 21:30:00,102,36.2,Medium,Clear,Normal
S006,Zogu i Zi,2026-05-26 21:35:00,50,47.8,Low,Clear,Normal
S006,Zogu i Zi,2026-05-26 21:40:00,136,24.4,Medium,Cloudy,Normal
S008,New Boulevard,2026-05-26 21:45:00,107,35.2,Medium,Clear,Accident
S008,New Boulevard,2026-05-26 21:50:00,74,57.3,Low,Rainy,Normal
S007,Airport Road,2026-05-26 21:55:00,115,34.4,Medium,Clear,Normal
S003,Student City,2026-05-26 22:00:00,126,52.1,Low,Rainy,Roadwork
S003,Student City,2026-05-26 22:05:00,56,43.0,Low,Cloudy,Normal
S001,Tirana Center,2026-05-26 22:10:00,112,43.6,Low,Rainy,Heavy Traffic
S005,Durres Road,2026-05-26 22:15:00,95,48.1,Low,Rainy,Normal
S004,Blloku,2026-05-26 22:20:00,66,37.1,Medium,Rainy,Normal
S005,Durres Road,2026-05-26 22:25:00,126,47.7,Low,Foggy,Normal
S007,Airport Road,2026-05-26 22:30:00,147,34.7,Medium,Foggy,Normal
S001,Tirana Center,2026-05-26 22:35:00,118,40.7,Low,Rainy,Normal
S007,Airport Road,2026-05-26 22:40:00,91,45.4,Low,Clear,Normal
S007,Airport Road,2026-05-26 22:45:00,127,37.5,Medium,Cloudy,Normal
S002,Ring Road,2026-05-26 22:50:00,159,35.3,Medium,Rainy,Normal
S006,Zogu i Zi,2026-05-26 22:55:00,176,10.3,High,Rainy,Normal
S004,Blloku,2026-05-26 23:00:00,113,35.8,Medium,Cloudy,Accident
S003,Student City,2026-05-26 23:05:00,123,26.4,Medium,Clear,Normal
S008,New Boulevard,2026-05-26 23:10:00,65,48.3,Low,Clear,Normal
S002,Ring Road,2026-05-26 23:15:00,59,54.9,Low,Clear,Heavy Traffic
S004,Blloku,2026-05-26 23:20:00,114,34.2,Medium,Rainy,Normal
S007,Airport Road,2026-05-26 23:25:00,121,35.0,Medium,Clear,Normal
S006,Zogu i Zi,2026-05-26 23:30:00,101,36.0,Medium,Clear,Normal
S006,Zogu i Zi,2026-05-26 23:35:00,133,33.6,Medium,Clear,Normal
S007,Airport Road,2026-05-26 23:40:00,82,46.3,Low,Cloudy,Normal
S005,Durres Road,2026-05-26 23:45:00,129,48.2,Low,Clear,Normal
S004,Blloku,2026-05-26 23:50:00,96,42.9,Low,Rainy,Heavy Traffic
S005,Durres Road,2026-05-26 23:55:00,78,44.9,Low,Clear,Normal
S005,Durres Road,2026-05-27 00:00:00,71,47.0,Low,Cloudy,Normal
S004,Blloku,2026-05-27 00:05:00,86,31.2,Medium,Clear,Normal
S007,Airport Road,2026-05-27 00:10:00,118,61.5,Low,Rainy,Heavy Traffic
S006,Zogu i Zi,2026-05-27 00:15:00,132,44.0,Low,Clear,Normal
S003,Student City,2026-05-27 00:20:00,69,59.0,Low,Foggy,Normal
S007,Airport Road,2026-05-27 00:25:00,60,54.2,Low,Rainy,Heavy Traffic
S001,Tirana Center,2026-05-27 00:30:00,60,39.6,Low,Clear,Normal
S008,New Boulevard,2026-05-27 00:35:00,114,24.1,Medium,Foggy,Normal
S006,Zogu i Zi,2026-05-27 00:40:00,45,43.5,Low,Cloudy,Normal
S001,Tirana Center,2026-05-27 00:45:00,152,41.6,Medium,Clear,Normal
S002,Ring Road,2026-05-27 00:50:00,85,48.5,Low,Rainy,Normal
S002,Ring Road,2026-05-27 00:55:00,106,42.8,Low,Foggy,Normal
S007,Airport Road,2026-05-27 01:00:00,72,42.2,Low,Rainy,Normal
S003,Student City,2026-05-27 01:05:00,80,49.1,Low,Cloudy,Normal
S006,Zogu i Zi,2026-05-27 01:10:00,156,37.8,Medium,Clear,Normal
S006,Zogu i Zi,2026-05-27 01:15:00,83,48.2,Low,Clear,Normal
S008,New Boulevard,2026-05-27 01:20:00,83,54.1,Low,Cloudy,Normal
S008,New Boulevard,2026-05-27 01:25:00,78,34.8,Medium,Cloudy,Normal
S006,Zogu i Zi,2026-05-27 01:30:00,112,43.3,Low,Cloudy,Normal
S003,Student City,2026-05-27 01:35:00,43,61.3,Low,Foggy,Normal
S007,Airport Road,2026-05-27 01:40:00,125,35.3,Medium,Foggy,Normal
S001,Tirana Center,2026-05-27 01:45:00,140,33.8,Medium,Rainy,Normal
S007,Airport Road,2026-05-27 01:50:00,132,33.0,Medium,Clear,Normal
S007,Airport Road,2026-05-27 01:55:00,134,34.6,Medium,Rainy,Normal
S008,New Boulevard,2026-05-27 02:00:00,98,39.8,Low,Cloudy,Normal
S005,Durres Road,2026-05-27 02:05:00,121,20.3,High,Clear,Normal
S007,Airport Road,2026-05-27 02:10:00,121,42.3,Low,Cloudy,Normal
S004,Blloku,2026-05-27 02:15:00,88,69.6,Low,Cloudy,Heavy Traffic
S006,Zogu i Zi,2026-05-27 02:20:00,151,32.4,Medium,Foggy,Normal
S002,Ring Road,2026-05-27 02:25:00,131,54.2,Low,Cloudy,Normal
S003,Student City,2026-05-27 02:30:00,190,22.4,Medium,Cloudy,Normal
S003,Student City,2026-05-27 02:35:00,110,35.9,Medium,Foggy,Normal
S001,Tirana Center,2026-05-27 02:40:00,119,27.7,Medium,Clear,Normal
S006,Zogu i Zi,2026-05-27 02:45:00,114,29.4,Medium,Cloudy,Normal
S008,New Boulevard,2026-05-27 02:50:00,128,34.4,Medium,Rainy,Normal
S005,Durres Road,2026-05-27 02:55:00,129,22.9,Medium,Rainy,Accident
S003,Student City,2026-05-27 03:00:00,123,43.0,Low,Rainy,Normal
S005,Durres Road,2026-05-27 03:05:00,104,35.3,Medium,Foggy,Normal
S003,Student City,2026-05-27 03:10:00,125,33.4,Medium,Cloudy,Normal
S006,Zogu i Zi,2026-05-27 03:15:00,113,43.0,Low,Clear,Normal
S002,Ring Road,2026-05-27 03:20:00,142,34.8,Medium,Rainy,Normal
S001,Tirana Center,2026-05-27 03:25:00,125,39.2,Low,Cloudy,Normal
S007,Airport Road,2026-05-27 03:30:00,106,58.6,Low,Clear,Normal
S005,Durres Road,2026-05-27 03:35:00,108,35.2,Medium,Cloudy,Normal
S001,Tirana Center,2026-05-27 03:40:00,118,28.4,Medium,Clear,Normal
S004,Blloku,2026-05-27 03:45:00,106,42.8,Low,Rainy,Normal
S001,Tirana Center,2026-05-27 03:50:00,70,49.8,Low,Clear,Normal
S008,New Boulevard,2026-05-27 03:55:00,159,22.9,Medium,Clear,Normal
S005,Durres Road,2026-05-27 04:00:00,106,47.1,Low,Cloudy,Normal
S003,Student City,2026-05-27 04:05:00,78,44.0,Low,Cloudy,Normal
S007,Airport Road,2026-05-27 04:10:00,168,17.2,High,Clear,Normal
S006,Zogu i Zi,2026-05-27 04:15:00,89,29.2,Medium,Cloudy,Normal
S004,Blloku,2026-05-27 04:20:00,91,40.2,Low,Rainy,Normal
S008,New Boulevard,2026-05-27 04:25:00,103,51.0,Low,Foggy,Normal
S004,Blloku,2026-05-27 04:30:00,111,33.4,Medium,Rainy,Normal
S002,Ring Road,2026-05-27 04:35:00,83,47.8,Low,Cloudy,Normal
S004,Blloku,2026-05-27 04:40:00,132,50.6,Low,Cloudy,Normal
S001,Tirana Center,2026-05-27 04:45:00,115,37.3,Medium,Foggy,Normal
S007,Airport Road,2026-05-27 04:50:00,43,38.1,Low,Rainy,Normal
S005,Durres Road,2026-05-27 04:55:00,128,40.5,Low,Cloudy,Normal
S003,Student City,2026-05-27 05:00:00,37,60.8,Low,Clear,Normal
S003,Student City,2026-05-27 05:05:00,107,54.8,Low,Cloudy,Normal
S003,Student City,2026-05-27 05:10:00,122,45.6,Low,Rainy,Normal
S001,Tirana Center,2026-05-27 05:15:00,134,26.0,Medium,Foggy,Normal
S008,New Boulevard,2026-05-27 05:20:00,163,28.5,Medium,Clear,Normal
S004,Blloku,2026-05-27 05:25:00,86,30.2,Medium,Cloudy,Normal
S002,Ring Road,2026-05-27 05:30:00,88,36.3,Medium,Rainy,Roadwork
S001,Tirana Center,2026-05-27 05:35:00,48,59.6,Low,Clear,Normal
S006,Zogu i Zi,2026-05-27 05:40:00,148,23.7,Medium,Rainy,Heavy Traffic
S004,Blloku,2026-05-27 05:45:00,96,47.5,Low,Cloudy,Normal
S003,Student City,2026-05-27 05:50:00,101,34.9,Medium,Foggy,Normal
S003,Student City,2026-05-27 05:55:00,80,56.2,Low,Clear,Normal
S006,Zogu i Zi,2026-05-27 06:00:00,131,44.1,Low,Rainy,Normal
S001,Tirana Center,2026-05-27 06:05:00,117,33.7,Medium,Foggy,Normal
S005,Durres Road,2026-05-27 06:10:00,110,43.6,Low,Foggy,Roadwork
S003,Student City,2026-05-27 06:15:00,82,44.1,Low,Cloudy,Normal
S003,Student City,2026-05-27 06:20:00,119,43.8,Low,Foggy,Normal
S006,Zogu i Zi,2026-05-27 06:25:00,87,57.0,Low,Foggy,Normal
S003,Student City,2026-05-27 06:30:00,76,31.9,Medium,Clear,Normal
S004,Blloku,2026-05-27 06:35:00,106,58.9,Low,Cloudy,Normal
S006,Zogu i Zi,2026-05-27 06:40:00,90,52.4,Low,Rainy,Normal
S007,Airport Road,2026-05-27 06:45:00,77,34.9,Medium,Clear,Normal
S001,Tirana Center,2026-05-27 06:50:00,71,53.4,Low,Clear,Normal
S006,Zogu i Zi,2026-05-27 06:55:00,147,27.8,Medium,Clear,Normal
S008,New Boulevard,2026-05-27 07:00:00,213,8,High,Cloudy,Normal
S002,Ring Road,2026-05-27 07:05:00,278,25.9,High,Clear,Normal
S005,Durres Road,2026-05-27 07:10:00,200,16.7,High,Rainy,Normal
S003,Student City,2026-05-27 07:15:00,207,26.7,Medium,Rainy,Normal
S008,New Boulevard,2026-05-27 07:20:00,221,22.8,Medium,Clear,Normal
S003,Student City,2026-05-27 07:25:00,209,11.5,High,Foggy,Normal
S001,Tirana Center,2026-05-27 07:30:00,233,21.9,High,Cloudy,Heavy Traffic
S002,Ring Road,2026-05-27 07:35:00,227,8,High,Clear,Roadwork
S002,Ring Road,2026-05-27 07:40:00,197,25.5,Medium,Clear,Normal
S003,Student City,2026-05-27 07:45:00,334,8,High,Foggy,Normal
S005,Durres Road,2026-05-27 07:50:00,302,8,High,Foggy,Normal
S003,Student City,2026-05-27 07:55:00,250,13.5,High,Clear,Normal
S007,Airport Road,2026-05-27 08:00:00,219,23.7,Medium,Foggy,Normal
S001,Tirana Center,2026-05-27 08:05:00,207,26.9,Medium,Foggy,Normal
S005,Durres Road,2026-05-27 08:10:00,230,18.2,High,Rainy,Normal
S007,Airport Road,2026-05-27 08:15:00,264,16.4,High,Rainy,Normal
S005,Durres Road,2026-05-27 08:20:00,208,25.7,Medium,Rainy,Normal
S001,Tirana Center,2026-05-27 08:25:00,261,17.7,High,Foggy,Normal
S002,Ring Road,2026-05-27 08:30:00,211,15.1,High,Foggy,Normal
S004,Blloku,2026-05-27 08:35:00,211,8,High,Foggy,Normal
S001,Tirana Center,2026-05-27 08:40:00,233,48.8,Medium,Clear,Normal
S006,Zogu i Zi,2026-05-27 08:45:00,200,20.1,High,Clear,Normal
S005,Durres Road,2026-05-27 08:50:00,231,22.8,Medium,Cloudy,Normal
S007,Airport Road,2026-05-27 08:55:00,289,21.9,High,Cloudy,Normal
S006,Zogu i Zi,2026-05-27 09:00:00,232,17.8,High,Foggy,Normal
S008,New Boulevard,2026-05-27 09:05:00,265,27.5,High,Foggy,Normal
S001,Tirana Center,2026-05-27 09:10:00,223,29.9,Medium,Rainy,Normal
S007,Airport Road,2026-05-27 09:15:00,206,35.2,Medium,Foggy,Heavy Traffic
S002,Ring Road,2026-05-27 09:20:00,254,8,High,Foggy,Heavy Traffic
S003,Student City,2026-05-27 09:25:00,245,25.0,Medium,Clear,Normal
S003,Student City,2026-05-27 09:30:00,250,8,High,Rainy,Normal
S005,Durres Road,2026-05-27 09:35:00,223,8,High,Clear,Normal
S003,Student City,2026-05-27 09:40:00,214,16.5,High,Rainy,Normal
S006,Zogu i Zi,2026-05-27 09:45:00,190,29.8,Medium,Foggy,Normal
S001,Tirana Center,2026-05-27 09:50:00,297,13.0,High,Cloudy,Normal
S005,Durres Road,2026-05-27 09:55:00,257,31.0,High,Foggy,Heavy Traffic
S004,Blloku,2026-05-27 10:00:00,140,36.3,Medium,Clear,Normal
S008,New Boulevard,2026-05-27 10:05:00,118,33.3,Medium,Cloudy,Normal
S007,Airport Road,2026-05-27 10:10:00,137,36.0,Medium,Foggy,Normal
S002,Ring Road,2026-05-27 10:15:00,116,53.5,Low,Cloudy,Normal
S006,Zogu i Zi,2026-05-27 10:20:00,117,23.7,Medium,Clear,Normal
S003,Student City,2026-05-27 10:25:00,100,49.4,Low,Cloudy,Normal
S003,Student City,2026-05-27 10:30:00,132,39.2,Low,Cloudy,Normal
S004,Blloku,2026-05-27 10:35:00,82,46.4,Low,Cloudy,Normal
S004,Blloku,2026-05-27 10:40:00,90,56.1,Low,Foggy,Normal
S001,Tirana Center,2026-05-27 10:45:00,97,28.5,Medium,Cloudy,Roadwork
S008,New Boulevard,2026-05-27 10:50:00,124,39.7,Low,Foggy,Normal
S007,Airport Road,2026-05-27 10:55:00,57,45.4,Low,Foggy,Normal
S008,New Boulevard,2026-05-27 11:00:00,26,55.5,Low,Foggy,Normal
S004,Blloku,2026-05-27 11:05:00,45,59.9,Low,Foggy,Normal
S001,Tirana Center,2026-05-27 11:10:00,89,45.3,Low,Cloudy,Normal
S008,New Boulevard,2026-05-27 11:15:00,90,27.5,Medium,Clear,Normal
S003,Student City,2026-05-27 11:20:00,132,34.0,Medium,Clear,Normal
S004,Blloku,2026-05-27 11:25:00,83,39.0,Low,Rainy,Normal
S002,Ring Road,2026-05-27 11:30:00,88,43.7,Low,Cloudy,Normal
S002,Ring Road,2026-05-27 11:35:00,86,32.2,Medium,Clear,Heavy Traffic
S005,Durres Road,2026-05-27 11:40:00,118,31.8,Medium,Foggy,Normal
S002,Ring Road,2026-05-27 11:45:00,79,46.4,Low,Clear,Normal
S004,Blloku,2026-05-27 11:50:00,93,43.3,Low,Foggy,Normal
S008,New Boulevard,2026-05-27 11:55:00,142,23.7,Medium,Cloudy,Normal
S004,Blloku,2026-05-27 12:00:00,84,37.1,Medium,Cloudy,Accident
S007,Airport Road,2026-05-27 12:05:00,96,29.5,Medium,Clear,Normal
S001,Tirana Center,2026-05-27 12:10:00,164,22.7,Medium,Foggy,Normal
S001,Tirana Center,2026-05-27 12:15:00,54,60.4,Low,Foggy,Normal
S004,Blloku,2026-05-27 12:20:00,91,40.6,Low,Rainy,Normal
S006,Zogu i Zi,2026-05-27 12:25:00,159,36.2,Medium,Cloudy,Normal
S008,New Boulevard,2026-05-27 12:30:00,105,36.2,Medium,Foggy,Roadwork
S007,Airport Road,2026-05-27 12:35:00,61,56.8,Low,Cloudy,Normal
S006,Zogu i Zi,2026-05-27 12:40:00,122,26.6,Medium,Clear,Heavy Traffic
S005,Durres Road,2026-05-27 12:45:00,104,40.6,Low,Rainy,Normal
S002,Ring Road,2026-05-27 12:50:00,145,35.2,Medium,Cloudy,Normal
S001,Tirana Center,2026-05-27 12:55:00,106,50.5,Low,Foggy,Normal
S006,Zogu i Zi,2026-05-27 13:00:00,113,41.7,Low,Rainy,Normal
S008,New Boulevard,2026-05-27 13:05:00,161,32.0,Medium,Foggy,Normal
S008,New Boulevard,2026-05-27 13:10:00,137,27.7,Medium,Cloudy,Normal
S002,Ring Road,2026-05-27 13:15:00,121,36.7,Medium,Rainy,Normal
S007,Airport Road,2026-05-27 13:20:00,33,62.2,Low,Clear,Normal
S001,Tirana Center,2026-05-27 13:25:00,33,66.4,Low,Rainy,Normal
S003,Student City,2026-05-27 13:30:00,66,47.7,Low,Clear,Heavy Traffic
S003,Student City,2026-05-27 13:35:00,125,31.0,Medium,Clear,Normal
S008,New Boulevard,2026-05-27 13:40:00,111,36.3,Medium,Cloudy,Normal
S004,Blloku,2026-05-27 13:45:00,107,39.3,Low,Rainy,Normal
S008,New Boulevard,2026-05-27 13:50:00,96,39.5,Low,Clear,Normal
S007,Airport Road,2026-05-27 13:55:00,81,26.8,Medium,Clear,Normal
S004,Blloku,2026-05-27 14:00:00,115,37.4,Medium,Clear,Heavy Traffic
S002,Ring Road,2026-05-27 14:05:00,90,43.7,Low,Rainy,Normal
S004,Blloku,2026-05-27 14:10:00,109,29.0,Medium,Clear,Normal
S006,Zogu i Zi,2026-05-27 14:15:00,104,55.2,Low,Clear,Heavy Traffic
S006,Zogu i Zi,2026-05-27 14:20:00,37,49.5,Low,Rainy,Roadwork
S005,Durres Road,2026-05-27 14:25:00,86,44.7,Low,Rainy,Normal
S003,Student City,2026-05-27 14:30:00,84,31.9,Medium,Foggy,Normal
S002,Ring Road,2026-05-27 14:35:00,88,47.1,Low,Cloudy,Normal
S001,Tirana Center,2026-05-27 14:40:00,70,39.3,Low,Foggy,Normal
S008,New Boulevard,2026-05-27 14:45:00,153,31.7,Medium,Cloudy,Normal
S005,Durres Road,2026-05-27 14:50:00,20,50.4,Low,Foggy,Normal
S007,Airport Road,2026-05-27 14:55:00,122,21.8,High,Clear,Normal
S004,Blloku,2026-05-27 15:00:00,74,58.8,Low,Foggy,Normal
S003,Student City,2026-05-27 15:05:00,135,34.6,Medium,Cloudy,Normal
S007,Airport Road,2026-05-27 15:10:00,110,46.4,Low,Rainy,Normal
S001,Tirana Center,2026-05-27 15:15:00,85,32.8,Medium,Clear,Normal
S003,Student City,2026-05-27 15:20:00,121,44.0,Low,Foggy,Normal
S003,Student City,2026-05-27 15:25:00,132,41.6,Low,Rainy,Normal
S002,Ring Road,2026-05-27 15:30:00,179,38.6,Medium,Clear,Normal
S006,Zogu i Zi,2026-05-27 15:35:00,87,42.2,Low,Foggy,Roadwork
S001,Tirana Center,2026-05-27 15:40:00,164,25.8,Medium,Cloudy,Normal
S006,Zogu i Zi,2026-05-27 15:45:00,213,14.3,High,Clear,Normal
S007,Airport Road,2026-05-27 15:50:00,89,40.4,Low,Clear,Normal
S003,Student City,2026-05-27 15:55:00,66,58.4,Low,Foggy,Normal
S004,Blloku,2026-05-27 16:00:00,193,23.0,Medium,Foggy,Normal
S002,Ring Road,2026-05-27 16:05:00,196,20.5,High,Rainy,Normal
S008,New Boulevard,2026-05-27 16:10:00,225,26.6,Medium,Cloudy,Normal
S004,Blloku,2026-05-27 16:15:00,246,25.1,Medium,Clear,Normal
S001,Tirana Center,2026-05-27 16:20:00,231,17.7,High,Clear,Normal
S001,Tirana Center,2026-05-27 16:25:00,237,20.7,High,Foggy,Accident
S005,Durres Road,2026-05-27 16:30:00,213,14.1,High,Clear,Heavy Traffic
S007,Airport Road,2026-05-27 16:35:00,257,8,High,Clear,Normal
S004,Blloku,2026-05-27 16:40:00,290,8,High,Clear,Normal
S003,Student City,2026-05-27 16:45:00,227,15.4,High,Foggy,Normal
S001,Tirana Center,2026-05-27 16:50:00,227,24.6,Medium,Foggy,Normal
S003,Student City,2026-05-27 16:55:00,260,8,High,Cloudy,Normal
S005,Durres Road,2026-05-27 17:00:00,185,37.5,Medium,Rainy,Normal
S006,Zogu i Zi,2026-05-27 17:05:00,270,34.2,High,Cloudy,Heavy Traffic
S002,Ring Road,2026-05-27 17:10:00,202,10.2,High,Rainy,Normal
S003,Student City,2026-05-27 17:15:00,237,17.8,High,Clear,Normal
S001,Tirana Center,2026-05-27 17:20:00,196,8,High,Clear,Normal
S007,Airport Road,2026-05-27 17:25:00,196,22.7,Medium,Rainy,Normal
S005,Durres Road,2026-05-27 17:30:00,181,20.9,High,Cloudy,Normal
S001,Tirana Center,2026-05-27 17:35:00,258,11.3,High,Clear,Normal
S004,Blloku,2026-05-27 17:40:00,252,20.2,High,Cloudy,Heavy Traffic
S001,Tirana Center,2026-05-27 17:45:00,198,23.7,Medium,Cloudy,Normal
S007,Airport Road,2026-05-27 17:50:00,207,26.9,Medium,Rainy,Normal
S002,Ring Road,2026-05-27 17:55:00,252,18.0,High,Clear,Normal
S008,New Boulevard,2026-05-27 18:00:00,190,32.7,Medium,Clear,Normal
S001,Tirana Center,2026-05-27 18:05:00,163,37.8,Medium,Cloudy,Normal
S004,Blloku,2026-05-27 18:10:00,243,8,High,Clear,Normal
S008,New Boulevard,2026-05-27 18:15:00,183,36.2,Medium,Foggy,Normal
S007,Airport Road,2026-05-27 18:20:00,263,14.5,High,Rainy,Normal
S003,Student City,2026-05-27 18:25:00,210,24.0,Medium,Foggy,Normal
S004,Blloku,2026-05-27 18:30:00,206,11.3,High,Rainy,Normal
S006,Zogu i Zi,2026-05-27 18:35:00,235,10.2,High,Rainy,Normal
S001,Tirana Center,2026-05-27 18:40:00,264,18.0,High,Rainy,Normal
S007,Airport Road,2026-05-27 18:45:00,196,36.5,Medium,Foggy,Normal
S001,Tirana Center,2026-05-27 18:50:00,303,8,High,Rainy,Roadwork
S006,Zogu i Zi,2026-05-27 18:55:00,179,37.4,Medium,Clear,Normal
S008,New Boulevard,2026-05-27 19:00:00,118,45.8,Low,Rainy,Normal
S004,Blloku,2026-05-27 19:05:00,87,29.4,Medium,Clear,Normal
S003,Student City,2026-05-27 19:10:00,91,47.9,Low,Foggy,Roadwork
S007,Airport Road,2026-05-27 19:15:00,80,25.7,Medium,Foggy,Normal
S008,New Boulevard,2026-05-27 19:20:00,75,32.9,Medium,Rainy,Normal
S003,Student City,2026-05-27 19:25:00,140,37.7,Medium,Rainy,Heavy Traffic
S005,Durres Road,2026-05-27 19:30:00,188,28.8,Medium,Cloudy,Normal
S003,Student City,2026-05-27 19:35:00,116,40.4,Low,Rainy,Normal
S003,Student City,2026-05-27 19:40:00,80,53.7,Low,Foggy,Normal
S002,Ring Road,2026-05-27 19:45:00,83,41.7,Low,Cloudy,Normal
S001,Tirana Center,2026-05-27 19:50:00,162,27.5,Medium,Cloudy,Normal
S006,Zogu i Zi,2026-05-27 19:55:00,135,30.5,Medium,Foggy,Normal
S001,Tirana Center,2026-05-27 20:00:00,98,34.7,Medium,Cloudy,Accident
S004,Blloku,2026-05-27 20:05:00,113,42.3,Low,Foggy,Normal
S003,Student City,2026-05-27 20:10:00,156,38.8,Medium,Rainy,Normal
S003,Student City,2026-05-27 20:15:00,138,56.0,Low,Foggy,Normal
S002,Ring Road,2026-05-27 20:20:00,70,51.7,Low,Clear,Normal
S008,New Boulevard,2026-05-27 20:25:00,82,45.9,Low,Clear,Normal
S008,New Boulevard,2026-05-27 20:30:00,57,64.4,Low,Clear,Roadwork
S007,Airport Road,2026-05-27 20:35:00,177,33.9,Medium,Cloudy,Normal
S007,Airport Road,2026-05-27 20:40:00,110,34.7,Medium,Clear,Accident
S006,Zogu i Zi,2026-05-27 20:45:00,89,42.5,Low,Foggy,Normal
S001,Tirana Center,2026-05-27 20:50:00,108,47.6,Low,Cloudy,Normal
S006,Zogu i Zi,2026-05-27 20:55:00,111,41.8,Low,Clear,Normal
S003,Student City,2026-05-27 21:00:00,91,43.1,Low,Rainy,Roadwork
S003,Student City,2026-05-27 21:05:00,55,66.3,Low,Rainy,Normal
S001,Tirana Center,2026-05-27 21:10:00,62,37.9,Medium,Rainy,Normal
S004,Blloku,2026-05-27 21:15:00,75,49.6,Low,Foggy,Accident
S004,Blloku,2026-05-27 21:20:00,75,50.2,Low,Clear,Normal
S004,Blloku,2026-05-27 21:25:00,123,39.9,Low,Cloudy,Normal
S006,Zogu i Zi,2026-05-27 21:30:00,147,37.0,Medium,Rainy,Normal
S008,New Boulevard,2026-05-27 21:35:00,84,38.6,Low,Rainy,Accident
S008,New Boulevard,2026-05-27 21:40:00,163,30.2,Medium,Foggy,Normal
S003,Student City,2026-05-27 21:45:00,156,9.7,High,Clear,Normal
S003,Student City,2026-05-27 21:50:00,130,31.3,Medium,Clear,Normal
S003,Student City,2026-05-27 21:55:00,95,33.9,Medium,Rainy,Normal
S006,Zogu i Zi,2026-05-27 22:00:00,121,44.2,Low,Clear,Normal
S006,Zogu i Zi,2026-05-27 22:05:00,153,23.5,Medium,Rainy,Normal
S003,Student City,2026-05-27 22:10:00,128,47.3,Low,Clear,Normal
S007,Airport Road,2026-05-27 22:15:00,104,45.0,Low,Rainy,Normal
S002,Ring Road,2026-05-27 22:20:00,80,46.0,Low,Clear,Normal
S003,Student City,2026-05-27 22:25:00,88,31.5,Medium,Foggy,Normal
S006,Zogu i Zi,2026-05-27 22:30:00,90,39.7,Low,Cloudy,Heavy Traffic
S006,Zogu i Zi,2026-05-27 22:35:00,101,47.0,Low,Rainy,Normal
S004,Blloku,2026-05-27 22:40:00,144,38.4,Low,Clear,Normal
S008,New Boulevard,2026-05-27 22:45:00,115,38.2,Low,Foggy,Normal
S005,Durres Road,2026-05-27 22:50:00,82,46.8,Low,Foggy,Normal
S004,Blloku,2026-05-27 22:55:00,100,44.0,Low,Cloudy,Normal
S001,Tirana Center,2026-05-27 23:00:00,26,49.5,Low,Rainy,Normal
S006,Zogu i Zi,2026-05-27 23:05:00,140,34.9,Medium,Rainy,Normal
S005,Durres Road,2026-05-27 23:10:00,75,54.7,Low,Foggy,Normal
S002,Ring Road,2026-05-27 23:15:00,67,35.6,Medium,Cloudy,Normal
S004,Blloku,2026-05-27 23:20:00,97,47.3,Low,Rainy,Normal
S002,Ring Road,2026-05-27 23:25:00,20,54.9,Low,Rainy,Normal
S002,Ring Road,2026-05-27 23:30:00,29,43.5,Low,Foggy,Normal
S003,Student City,2026-05-27 23:35:00,78,45.4,Low,Cloudy,Normal
S001,Tirana Center,2026-05-27 23:40:00,104,34.2,Medium,Clear,Normal
S003,Student City,2026-05-27 23:45:00,44,51.4,Low,Clear,Heavy Traffic
S003,Student City,2026-05-27 23:50:00,133,51.1,Low,Foggy,Normal
S001,Tirana Center,2026-05-27 23:55:00,148,22.6,Medium,Clear,Normal
S003,Student City,2026-05-28 00:00:00,94,41.3,Low,Cloudy,Normal
S004,Blloku,2026-05-28 00:05:00,159,45.1,Medium,Clear,Normal
S007,Airport Road,2026-05-28 00:10:00,50,51.4,Low,Rainy,Normal
S004,Blloku,2026-05-28 00:15:00,156,30.2,Medium,Cloudy,Normal
S008,New Boulevard,2026-05-28 00:20:00,127,33.8,Medium,Rainy,Heavy Traffic
S006,Zogu i Zi,2026-05-28 00:25:00,134,50.2,Low,Foggy,Normal
S004,Blloku,2026-05-28 00:30:00,109,48.5,Low,Clear,Normal
S004,Blloku,2026-05-28 00:35:00,165,42.0,Medium,Foggy,Normal
S002,Ring Road,2026-05-28 00:40:00,159,34.9,Medium,Cloudy,Normal
S005,Durres Road,2026-05-28 00:45:00,124,48.3,Low,Clear,Normal
S005,Durres Road,2026-05-28 00:50:00,59,42.8,Low,Foggy,Normal
S001,Tirana Center,2026-05-28 00:55:00,115,45.5,Low,Rainy,Normal
S005,Durres Road,2026-05-28 01:00:00,99,37.0,Medium,Cloudy,Normal
S003,Student City,2026-05-28 01:05:00,57,67.8,Low,Rainy,Normal
S004,Blloku,2026-05-28 01:10:00,48,41.4,Low,Foggy,Roadwork
S004,Blloku,2026-05-28 01:15:00,116,39.8,Low,Clear,Normal
S007,Airport Road,2026-05-28 01:20:00,79,49.1,Low,Cloudy,Heavy Traffic
S003,Student City,2026-05-28 01:25:00,35,47.9,Low,Foggy,Normal
S004,Blloku,2026-05-28 01:30:00,123,39.0,Low,Foggy,Normal
S003,Student City,2026-05-28 01:35:00,98,29.6,Medium,Rainy,Normal
S002,Ring Road,2026-05-28 01:40:00,114,30.5,Medium,Rainy,Heavy Traffic
S002,Ring Road,2026-05-28 01:45:00,157,27.9,Medium,Foggy,Normal
S005,Durres Road,2026-05-28 01:50:00,78,33.5,Medium,Foggy,Normal
S007,Airport Road,2026-05-28 01:55:00,38,45.7,Low,Clear,Normal
S002,Ring Road,2026-05-28 02:00:00,134,43.6,Low,Clear,Heavy Traffic
S007,Airport Road,2026-05-28 02:05:00,157,43.2,Medium,Rainy,Normal
S006,Zogu i Zi,2026-05-28 02:10:00,104,38.3,Low,Rainy,Normal
S005,Durres Road,2026-05-28 02:15:00,94,36.1,Medium,Rainy,Normal
S001,Tirana Center,2026-05-28 02:20:00,66,54.1,Low,Foggy,Normal
S001,Tirana Center,2026-05-28 02:25:00,42,56.0,Low,Clear,Normal
S001,Tirana Center,2026-05-28 02:30:00,110,34.4,Medium,Cloudy,Normal
S001,Tirana Center,2026-05-28 02:35:00,102,56.0,Low,Clear,Normal
S008,New Boulevard,2026-05-28 02:40:00,104,51.8,Low,Clear,Normal
S007,Airport Road,2026-05-28 02:45:00,71,35.0,Medium,Foggy,Normal
S003,Student City,2026-05-28 02:50:00,152,29.8,Medium,Clear,Normal
S002,Ring Road,2026-05-28 02:55:00,94,45.7,Low,Clear,Normal
S008,New Boulevard,2026-05-28 03:00:00,107,46.8,Low,Clear,Normal
S007,Airport Road,2026-05-28 03:05:00,190,34.8,Medium,Foggy,Normal
S002,Ring Road,2026-05-28 03:10:00,56,49.7,Low,Foggy,Normal
S001,Tirana Center,2026-05-28 03:15:00,129,59.1,Low,Cloudy,Normal
S007,Airport Road,2026-05-28 03:20:00,102,38.1,Low,Cloudy,Normal
S006,Zogu i Zi,2026-05-28 03:25:00,108,42.7,Low,Foggy,Normal
S004,Blloku,2026-05-28 03:30:00,124,41.9,Low,Clear,Normal
S005,Durres Road,2026-05-28 03:35:00,39,45.7,Low,Rainy,Normal
S002,Ring Road,2026-05-28 03:40:00,139,31.8,Medium,Cloudy,Normal
S005,Durres Road,2026-05-28 03:45:00,170,47.8,Medium,Cloudy,Heavy Traffic
S004,Blloku,2026-05-28 03:50:00,59,31.7,Medium,Rainy,Normal
S001,Tirana Center,2026-05-28 03:55:00,129,41.0,Low,Rainy,Normal
S006,Zogu i Zi,2026-05-28 04:00:00,108,40.5,Low,Clear,Normal
S007,Airport Road,2026-05-28 04:05:00,99,33.2,Medium,Rainy,Normal
S003,Student City,2026-05-28 04:10:00,94,34.8,Medium,Foggy,Normal
S004,Blloku,2026-05-28 04:15:00,145,31.1,Medium,Foggy,Accident
S008,New Boulevard,2026-05-28 04:20:00,77,52.3,Low,Clear,Normal
S007,Airport Road,2026-05-28 04:25:00,89,61.6,Low,Foggy,Heavy Traffic
S006,Zogu i Zi,2026-05-28 04:30:00,102,39.2,Low,Cloudy,Normal
S008,New Boulevard,2026-05-28 04:35:00,36,47.1,Low,Cloudy,Heavy Traffic
S003,Student City,2026-05-28 04:40:00,129,33.9,Medium,Foggy,Normal
S006,Zogu i Zi,2026-05-28 04:45:00,43,56.0,Low,Cloudy,Normal
S007,Airport Road,2026-05-28 04:50:00,137,26.5,Medium,Foggy,Normal
S001,Tirana Center,2026-05-28 04:55:00,99,42.5,Low,Rainy,Normal
S002,Ring Road,2026-05-28 05:00:00,78,59.2,Low,Foggy,Normal
S005,Durres Road,2026-05-28 05:05:00,154,27.7,Medium,Foggy,Accident
S002,Ring Road,2026-05-28 05:10:00,124,56.1,Low,Rainy,Heavy Traffic
S003,Student City,2026-05-28 05:15:00,106,39.6,Low,Rainy,Normal
S001,Tirana Center,2026-05-28 05:20:00,134,40.8,Low,Rainy,Normal
S005,Durres Road,2026-05-28 05:25:00,93,54.9,Low,Cloudy,Normal
S007,Airport Road,2026-05-28 05:30:00,88,27.6,Medium,Clear,Normal
S008,New Boulevard,2026-05-28 05:35:00,110,44.6,Low,Cloudy,Normal
S006,Zogu i Zi,2026-05-28 05:40:00,116,28.1,Medium,Clear,Accident
S005,Durres Road,2026-05-28 05:45:00,127,37.5,Medium,Cloudy,Heavy Traffic
S006,Zogu i Zi,2026-05-28 05:50:00,75,48.0,Low,Rainy,Normal
S006,Zogu i Zi,2026-05-28 05:55:00,79,46.0,Low,Cloudy,Normal
S008,New Boulevard,2026-05-28 06:00:00,107,23.5,Medium,Foggy,Normal
S005,Durres Road,2026-05-28 06:05:00,119,39.1,Low,Foggy,Normal
S002,Ring Road,2026-05-28 06:10:00,79,54.2,Low,Rainy,Normal
S003,Student City,2026-05-28 06:15:00,81,60.5,Low,Cloudy,Heavy Traffic
S004,Blloku,2026-05-28 06:20:00,119,38.1,Low,Cloudy,Normal
S007,Airport Road,2026-05-28 06:25:00,88,47.1,Low,Foggy,Normal
S007,Airport Road,2026-05-28 06:30:00,76,45.2,Low,Clear,Normal
S002,Ring Road,2026-05-28 06:35:00,67,49.6,Low,Rainy,Normal
S007,Airport Road,2026-05-28 06:40:00,131,40.3,Low,Foggy,Normal
S001,Tirana Center,2026-05-28 06:45:00,31,45.0,Low,Foggy,Roadwork
S005,Durres Road,2026-05-28 06:50:00,161,24.9,Medium,Cloudy,Normal
S007,Airport Road,2026-05-28 06:55:00,88,41.3,Low,Cloudy,Normal
S008,New Boulevard,2026-05-28 07:00:00,172,42.2,Medium,Cloudy,Normal
S003,Student City,2026-05-28 07:05:00,255,22.7,High,Clear,Normal
S005,Durres Road,2026-05-28 07:10:00,206,39.0,Medium,Clear,Normal
S006,Zogu i Zi,2026-05-28 07:15:00,174,11.8,High,Foggy,Normal
S002,Ring Road,2026-05-28 07:20:00,202,22.6,Medium,Foggy,Normal
S007,Airport Road,2026-05-28 07:25:00,255,21.4,High,Foggy,Normal
S003,Student City,2026-05-28 07:30:00,220,30.0,Medium,Foggy,Heavy Traffic
S003,Student City,2026-05-28 07:35:00,253,27.4,High,Rainy,Normal
S007,Airport Road,2026-05-28 07:40:00,205,29.0,Medium,Foggy,Accident
S007,Airport Road,2026-05-28 07:45:00,280,10.7,High,Rainy,Normal
S001,Tirana Center,2026-05-28 07:50:00,196,40.6,Medium,Cloudy,Roadwork
S007,Airport Road,2026-05-28 07:55:00,207,14.9,High,Rainy,Normal
S003,Student City,2026-05-28 08:00:00,205,9.0,High,Cloudy,Normal
S002,Ring Road,2026-05-28 08:05:00,316,11.6,High,Clear,Normal
S002,Ring Road,2026-05-28 08:10:00,201,29.9,Medium,Rainy,Normal
S003,Student City,2026-05-28 08:15:00,235,19.7,High,Cloudy,Normal
S002,Ring Road,2026-05-28 08:20:00,201,26.9,Medium,Cloudy,Normal
S004,Blloku,2026-05-28 08:25:00,194,36.5,Medium,Rainy,Normal
S007,Airport Road,2026-05-28 08:30:00,241,11.4,High,Cloudy,Normal
S003,Student City,2026-05-28 08:35:00,208,23.2,Medium,Cloudy,Normal
S004,Blloku,2026-05-28 08:40:00,248,12.4,High,Cloudy,Normal
S005,Durres Road,2026-05-28 08:45:00,239,38.2,Medium,Rainy,Normal
S002,Ring Road,2026-05-28 08:50:00,181,19.5,High,Rainy,Normal
S008,New Boulevard,2026-05-28 08:55:00,191,34.2,Medium,Clear,Normal
S003,Student City,2026-05-28 09:00:00,250,19.6,High,Cloudy,Normal
S003,Student City,2026-05-28 09:05:00,156,45.2,Medium,Clear,Normal
S007,Airport Road,2026-05-28 09:10:00,219,18.0,High,Clear,Normal
S005,Durres Road,2026-05-28 09:15:00,207,8.1,High,Rainy,Normal
S005,Durres Road,2026-05-28 09:20:00,220,31.8,Medium,Clear,Normal
S007,Airport Road,2026-05-28 09:25:00,242,16.3,High,Cloudy,Normal
S006,Zogu i Zi,2026-05-28 09:30:00,220,17.7,High,Rainy,Normal
S008,New Boulevard,2026-05-28 09:35:00,198,30.1,Medium,Foggy,Normal
S005,Durres Road,2026-05-28 09:40:00,200,19.7,High,Cloudy,Normal
S008,New Boulevard,2026-05-28 09:45:00,232,14.6,High,Clear,Normal
S002,Ring Road,2026-05-28 09:50:00,255,18.3,High,Rainy,Heavy Traffic
S003,Student City,2026-05-28 09:55:00,246,8,High,Foggy,Normal
S007,Airport Road,2026-05-28 10:00:00,99,53.5,Low,Rainy,Normal
S007,Airport Road,2026-05-28 10:05:00,119,28.3,Medium,Foggy,Normal
S001,Tirana Center,2026-05-28 10:10:00,30,53.4,Low,Cloudy,Normal
S008,New Boulevard,2026-05-28 10:15:00,54,37.9,Medium,Cloudy,Normal
S002,Ring Road,2026-05-28 10:20:00,102,35.8,Medium,Clear,Normal
S002,Ring Road,2026-05-28 10:25:00,68,56.4,Low,Cloudy,Normal
S006,Zogu i Zi,2026-05-28 10:30:00,173,37.3,Medium,Clear,Normal
S006,Zogu i Zi,2026-05-28 10:35:00,145,35.0,Medium,Foggy,Normal
S005,Durres Road,2026-05-28 10:40:00,70,36.9,Medium,Rainy,Roadwork
S001,Tirana Center,2026-05-28 10:45:00,110,50.4,Low,Foggy,Normal
S005,Durres Road,2026-05-28 10:50:00,142,22.2,Medium,Foggy,Normal
S007,Airport Road,2026-05-28 10:55:00,60,79.3,Low,Cloudy,Normal
S004,Blloku,2026-05-28 11:00:00,46,46.2,Low,Rainy,Normal
S005,Durres Road,2026-05-28 11:05:00,86,45.6,Low,Foggy,Normal
S007,Airport Road,2026-05-28 11:10:00,48,57.2,Low,Foggy,Roadwork
S002,Ring Road,2026-05-28 11:15:00,140,36.7,Medium,Foggy,Normal
S005,Durres Road,2026-05-28 11:20:00,58,62.1,Low,Clear,Normal
S005,Durres Road,2026-05-28 11:25:00,158,18.2,High,Foggy,Normal
S004,Blloku,2026-05-28 11:30:00,109,25.0,Medium,Foggy,Heavy Traffic
S007,Airport Road,2026-05-28 11:35:00,110,37.3,Medium,Rainy,Normal
S001,Tirana Center,2026-05-28 11:40:00,159,26.7,Medium,Foggy,Normal
S007,Airport Road,2026-05-28 11:45:00,131,57.6,Low,Rainy,Normal
S008,New Boulevard,2026-05-28 11:50:00,77,45.3,Low,Cloudy,Heavy Traffic
S003,Student City,2026-05-28 11:55:00,131,10.0,High,Cloudy,Normal
S007,Airport Road,2026-05-28 12:00:00,134,40.8,Low,Foggy,Normal
S007,Airport Road,2026-05-28 12:05:00,93,38.8,Low,Clear,Normal
S007,Airport Road,2026-05-28 12:10:00,106,27.1,Medium,Cloudy,Normal
S005,Durres Road,2026-05-28 12:15:00,115,34.4,Medium,Cloudy,Normal
S001,Tirana Center,2026-05-28 12:20:00,80,34.8,Medium,Clear,Normal
S002,Ring Road,2026-05-28 12:25:00,123,41.9,Low,Clear,Normal
S005,Durres Road,2026-05-28 12:30:00,97,40.7,Low,Foggy,Normal
S001,Tirana Center,2026-05-28 12:35:00,93,56.1,Low,Rainy,Normal
S004,Blloku,2026-05-28 12:40:00,90,39.6,Low,Cloudy,Normal
S003,Student City,2026-05-28 12:45:00,102,43.9,Low,Clear,Normal
S006,Zogu i Zi,2026-05-28 12:50:00,107,34.5,Medium,Clear,Normal
S008,New Boulevard,2026-05-28 12:55:00,117,33.6,Medium,Clear,Normal
S001,Tirana Center,2026-05-28 13:00:00,67,37.0,Medium,Rainy,Heavy Traffic
S006,Zogu i Zi,2026-05-28 13:05:00,53,58.4,Low,Rainy,Normal
S006,Zogu i Zi,2026-05-28 13:10:00,177,32.6,Medium,Clear,Normal
S003,Student City,2026-05-28 13:15:00,122,46.8,Low,Clear,Normal
S001,Tirana Center,2026-05-28 13:20:00,52,32.6,Medium,Clear,Normal
S008,New Boulevard,2026-05-28 13:25:00,63,25.3,Medium,Foggy,Normal
S003,Student City,2026-05-28 13:30:00,62,49.3,Low,Rainy,Normal
S004,Blloku,2026-05-28 13:35:00,87,42.4,Low,Rainy,Normal
S006,Zogu i Zi,2026-05-28 13:40:00,165,20.0,High,Foggy,Normal
S007,Airport Road,2026-05-28 13:45:00,105,37.1,Medium,Foggy,Normal
S001,Tirana Center,2026-05-28 13:50:00,103,49.5,Low,Foggy,Normal
S001,Tirana Center,2026-05-28 13:55:00,130,45.6,Low,Rainy,Normal
S002,Ring Road,2026-05-28 14:00:00,119,25.7,Medium,Cloudy,Normal
S002,Ring Road,2026-05-28 14:05:00,99,39.5,Low,Clear,Normal
S005,Durres Road,2026-05-28 14:10:00,117,31.5,Medium,Foggy,Normal
S004,Blloku,2026-05-28 14:15:00,99,45.6,Low,Cloudy,Normal
S006,Zogu i Zi,2026-05-28 14:20:00,90,31.3,Medium,Rainy,Normal
S002,Ring Road,2026-05-28 14:25:00,74,40.7,Low,Foggy,Normal
S003,Student City,2026-05-28 14:30:00,66,44.4,Low,Clear,Normal
S002,Ring Road,2026-05-28 14:35:00,159,53.1,Medium,Clear,Normal
S008,New Boulevard,2026-05-28 14:40:00,138,31.4,Medium,Foggy,Normal
S003,Student City,2026-05-28 14:45:00,85,61.5,Low,Clear,Heavy Traffic
S005,Durres Road,2026-05-28 14:50:00,74,45.4,Low,Foggy,Accident
S005,Durres Road,2026-05-28 14:55:00,107,38.6,Low,Foggy,Normal
S004,Blloku,2026-05-28 15:00:00,75,38.2,Low,Cloudy,Normal
S002,Ring Road,2026-05-28 15:05:00,113,35.1,Medium,Clear,Normal
S003,Student City,2026-05-28 15:10:00,83,42.5,Low,Cloudy,Normal
S005,Durres Road,2026-05-28 15:15:00,101,54.8,Low,Rainy,Accident
S003,Student City,2026-05-28 15:20:00,102,54.6,Low,Clear,Normal
S001,Tirana Center,2026-05-28 15:25:00,128,43.2,Low,Foggy,Normal
S008,New Boulevard,2026-05-28 15:30:00,64,41.6,Low,Clear,Normal
S005,Durres Road,2026-05-28 15:35:00,76,48.5,Low,Cloudy,Normal
S006,Zogu i Zi,2026-05-28 15:40:00,66,51.9,Low,Foggy,Normal
S001,Tirana Center,2026-05-28 15:45:00,116,51.7,Low,Clear,Normal
S004,Blloku,2026-05-28 15:50:00,182,25.9,Medium,Rainy,Normal
S005,Durres Road,2026-05-28 15:55:00,145,37.3,Medium,Rainy,Normal
S003,Student City,2026-05-28 16:00:00,212,31.7,Medium,Foggy,Normal
S001,Tirana Center,2026-05-28 16:05:00,229,11.9,High,Rainy,Normal
S003,Student City,2026-05-28 16:10:00,231,28.9,Medium,Cloudy,Normal
S003,Student City,2026-05-28 16:15:00,184,31.5,Medium,Foggy,Normal
S006,Zogu i Zi,2026-05-28 16:20:00,256,8,High,Clear,Normal
S001,Tirana Center,2026-05-28 16:25:00,214,15.0,High,Rainy,Normal
S003,Student City,2026-05-28 16:30:00,235,12.1,High,Clear,Normal
S002,Ring Road,2026-05-28 16:35:00,204,9.5,High,Foggy,Normal
S004,Blloku,2026-05-28 16:40:00,175,29.0,Medium,Foggy,Normal
S008,New Boulevard,2026-05-28 16:45:00,182,26.2,Medium,Foggy,Normal
S004,Blloku,2026-05-28 16:50:00,227,20.9,High,Foggy,Normal
S004,Blloku,2026-05-28 16:55:00,155,30.9,Medium,Clear,Heavy Traffic
S006,Zogu i Zi,2026-05-28 17:00:00,240,17.9,High,Foggy,Roadwork
S002,Ring Road,2026-05-28 17:05:00,196,25.1,Medium,Cloudy,Roadwork
S001,Tirana Center,2026-05-28 17:10:00,166,22.3,Medium,Foggy,Normal
S003,Student City,2026-05-28 17:15:00,210,21.8,High,Foggy,Normal
S004,Blloku,2026-05-28 17:20:00,240,25.1,Medium,Rainy,Heavy Traffic
S002,Ring Road,2026-05-28 17:25:00,174,22.1,Medium,Foggy,Normal
S006,Zogu i Zi,2026-05-28 17:30:00,269,11.4,High,Clear,Normal
S004,Blloku,2026-05-28 17:35:00,235,8,High,Rainy,Normal
S004,Blloku,2026-05-28 17:40:00,199,29.8,Medium,Clear,Normal
S003,Student City,2026-05-28 17:45:00,280,8,High,Rainy,Heavy Traffic
S003,Student City,2026-05-28 17:50:00,250,19.0,High,Foggy,Normal
S002,Ring Road,2026-05-28 17:55:00,217,20.6,High,Rainy,Accident
S005,Durres Road,2026-05-28 18:00:00,197,16.2,High,Clear,Normal
S001,Tirana Center,2026-05-28 18:05:00,262,28.1,High,Clear,Normal
S003,Student City,2026-05-28 18:10:00,236,23.8,Medium,Rainy,Normal
S005,Durres Road,2026-05-28 18:15:00,201,20.0,High,Clear,Normal
S001,Tirana Center,2026-05-28 18:20:00,273,8.1,High,Rainy,Normal
S005,Durres Road,2026-05-28 18:25:00,217,19.3,High,Foggy,Normal
S004,Blloku,2026-05-28 18:30:00,196,28.5,Medium,Foggy,Normal
S002,Ring Road,2026-05-28 18:35:00,281,20.6,High,Clear,Normal
S001,Tirana Center,2026-05-28 18:40:00,225,33.1,Medium,Cloudy,Heavy Traffic
S007,Airport Road,2026-05-28 18:45:00,208,23.5,Medium,Clear,Normal
S003,Student City,2026-05-28 18:50:00,230,8.0,High,Foggy,Roadwork
S007,Airport Road,2026-05-28 18:55:00,233,22.2,Medium,Cloudy,Normal
S007,Airport Road,2026-05-28 19:00:00,156,41.0,Medium,Rainy,Normal
S005,Durres Road,2026-05-28 19:05:00,90,33.1,Medium,Clear,Normal
S005,Durres Road,2026-05-28 19:10:00,55,43.8,Low,Rainy,Heavy Traffic
S001,Tirana Center,2026-05-28 19:15:00,141,32.2,Medium,Foggy,Normal
S007,Airport Road,2026-05-28 19:20:00,46,53.0,Low,Rainy,Normal
S003,Student City,2026-05-28 19:25:00,70,41.4,Low,Foggy,Normal
S005,Durres Road,2026-05-28 19:30:00,67,38.4,Low,Cloudy,Accident
S002,Ring Road,2026-05-28 19:35:00,34,46.9,Low,Cloudy,Normal
S002,Ring Road,2026-05-28 19:40:00,92,36.4,Medium,Cloudy,Normal
S004,Blloku,2026-05-28 19:45:00,95,37.0,Medium,Rainy,Normal
S001,Tirana Center,2026-05-28 19:50:00,131,42.9,Low,Foggy,Normal
S001,Tirana Center,2026-05-28 19:55:00,82,57.9,Low,Foggy,Normal
S008,New Boulevard,2026-05-28 20:00:00,67,36.6,Medium,Rainy,Normal
S003,Student City,2026-05-28 20:05:00,81,48.1,Low,Cloudy,Normal
S006,Zogu i Zi,2026-05-28 20:10:00,76,38.5,Low,Foggy,Normal
S007,Airport Road,2026-05-28 20:15:00,87,37.4,Medium,Rainy,Normal
S001,Tirana Center,2026-05-28 20:20:00,141,41.8,Low,Rainy,Normal
S008,New Boulevard,2026-05-28 20:25:00,138,27.6,Medium,Clear,Normal
S002,Ring Road,2026-05-28 20:30:00,46,47.6,Low,Rainy,Normal
S002,Ring Road,2026-05-28 20:35:00,94,45.4,Low,Clear,Roadwork
S006,Zogu i Zi,2026-05-28 20:40:00,94,60.2,Low,Clear,Normal
S003,Student City,2026-05-28 20:45:00,82,47.9,Low,Clear,Normal
S004,Blloku,2026-05-28 20:50:00,125,34.9,Medium,Rainy,Heavy Traffic
S006,Zogu i Zi,2026-05-28 20:55:00,83,34.2,Medium,Foggy,Normal
S002,Ring Road,2026-05-28 21:00:00,73,39.1,Low,Rainy,Normal
S007,Airport Road,2026-05-28 21:05:00,167,27.5,Medium,Clear,Normal
S006,Zogu i Zi,2026-05-28 21:10:00,104,33.9,Medium,Rainy,Normal
S005,Durres Road,2026-05-28 21:15:00,123,28.5,Medium,Cloudy,Normal
S003,Student City,2026-05-28 21:20:00,59,54.7,Low,Foggy,Normal
S008,New Boulevard,2026-05-28 21:25:00,119,47.2,Low,Rainy,Normal
S002,Ring Road,2026-05-28 21:30:00,175,40.9,Medium,Cloudy,Normal
S003,Student City,2026-05-28 21:35:00,82,38.3,Low,Rainy,Normal
S001,Tirana Center,2026-05-28 21:40:00,186,27.7,Medium,Clear,Normal
S006,Zogu i Zi,2026-05-28 21:45:00,76,43.1,Low,Cloudy,Roadwork
S002,Ring Road,2026-05-28 21:50:00,106,38.6,Low,Foggy,Normal
S005,Durres Road,2026-05-28 21:55:00,139,55.5,Low,Clear,Normal
S007,Airport Road,2026-05-28 22:00:00,142,47.1,Low,Cloudy,Normal
S002,Ring Road,2026-05-28 22:05:00,105,39.5,Low,Foggy,Normal
S004,Blloku,2026-05-28 22:10:00,119,33.6,Medium,Rainy,Normal
S006,Zogu i Zi,2026-05-28 22:15:00,77,39.8,Low,Cloudy,Normal
S008,New Boulevard,2026-05-28 22:20:00,110,37.4,Medium,Clear,Normal
S007,Airport Road,2026-05-28 22:25:00,102,50.2,Low,Cloudy,Normal
S006,Zogu i Zi,2026-05-28 22:30:00,167,19.7,High,Cloudy,Normal
S001,Tirana Center,2026-05-28 22:35:00,33,47.9,Low,Cloudy,Normal
S007,Airport Road,2026-05-28 22:40:00,119,32.2,Medium,Clear,Heavy Traffic
S002,Ring Road,2026-05-28 22:45:00,108,41.0,Low,Cloudy,Heavy Traffic
S002,Ring Road,2026-05-28 22:50:00,96,41.2,Low,Rainy,Normal
S002,Ring Road,2026-05-28 22:55:00,95,45.6,Low,Foggy,Normal
S001,Tirana Center,2026-05-28 23:00:00,89,44.5,Low,Rainy,Normal
S003,Student City,2026-05-28 23:05:00,146,50.7,Low,Cloudy,Normal
S007,Airport Road,2026-05-28 23:10:00,205,24.2,Medium,Rainy,Normal
S003,Student City,2026-05-28 23:15:00,100,39.7,Low,Foggy,Normal
S007,Airport Road,2026-05-28 23:20:00,86,52.3,Low,Foggy,Normal
S001,Tirana Center,2026-05-28 23:25:00,146,37.4,Medium,Rainy,Normal
S007,Airport Road,2026-05-28 23:30:00,129,46.8,Low,Clear,Normal
S002,Ring Road,2026-05-28 23:35:00,171,37.4,Medium,Cloudy,Normal
S004,Blloku,2026-05-28 23:40:00,191,37.0,Medium,Cloudy,Normal
S004,Blloku,2026-05-28 23:45:00,112,27.9,Medium,Clear,Normal
S005,Durres Road,2026-05-28 23:50:00,121,25.0,Medium,Cloudy,Normal
S003,Student City,2026-05-28 23:55:00,126,33.1,Medium,Rainy,Normal
S004,Blloku,2026-05-29 00:00:00,120,28.5,Medium,Foggy,Normal
S006,Zogu i Zi,2026-05-29 00:05:00,163,43.2,Medium,Clear,Normal
S007,Airport Road,2026-05-29 00:10:00,111,46.5,Low,Cloudy,Normal
S002,Ring Road,2026-05-29 00:15:00,173,18.4,High,Cloudy,Normal
S001,Tirana Center,2026-05-29 00:20:00,144,40.0,Low,Foggy,Normal
S007,Airport Road,2026-05-29 00:25:00,149,35.8,Medium,Cloudy,Normal
S003,Student City,2026-05-29 00:30:00,104,29.4,Medium,Clear,Normal
S004,Blloku,2026-05-29 00:35:00,46,68.9,Low,Rainy,Normal
S007,Airport Road,2026-05-29 00:40:00,98,42.2,Low,Cloudy,Normal
S004,Blloku,2026-05-29 00:45:00,118,34.0,Medium,Clear,Normal
S002,Ring Road,2026-05-29 00:50:00,64,44.7,Low,Cloudy,Normal
S006,Zogu i Zi,2026-05-29 00:55:00,101,42.5,Low,Foggy,Normal
S001,Tirana Center,2026-05-29 01:00:00,56,43.0,Low,Rainy,Normal
S003,Student City,2026-05-29 01:05:00,109,41.7,Low,Clear,Normal
S005,Durres Road,2026-05-29 01:10:00,53,44.9,Low,Rainy,Normal
S006,Zogu i Zi,2026-05-29 01:15:00,106,54.2,Low,Rainy,Normal
S001,Tirana Center,2026-05-29 01:20:00,83,46.2,Low,Rainy,Normal
S007,Airport Road,2026-05-29 01:25:00,126,48.4,Low,Cloudy,Normal
S007,Airport Road,2026-05-29 01:30:00,96,48.7,Low,Clear,Normal
S006,Zogu i Zi,2026-05-29 01:35:00,54,49.3,Low,Cloudy,Normal
S006,Zogu i Zi,2026-05-29 01:40:00,54,51.0,Low,Foggy,Roadwork
S008,New Boulevard,2026-05-29 01:45:00,76,36.8,Medium,Foggy,Accident
S003,Student City,2026-05-29 01:50:00,141,14.7,High,Foggy,Normal
S004,Blloku,2026-05-29 01:55:00,113,39.2,Low,Clear,Normal
S006,Zogu i Zi,2026-05-29 02:00:00,123,29.6,Medium,Rainy,Normal
S002,Ring Road,2026-05-29 02:05:00,145,40.9,Low,Foggy,Normal
S004,Blloku,2026-05-29 02:10:00,172,26.9,Medium,Cloudy,Accident
S007,Airport Road,2026-05-29 02:15:00,133,50.4,Low,Foggy,Accident
S007,Airport Road,2026-05-29 02:20:00,70,33.1,Medium,Foggy,Heavy Traffic
S007,Airport Road,2026-05-29 02:25:00,102,37.8,Medium,Foggy,Normal
S004,Blloku,2026-05-29 02:30:00,101,36.5,Medium,Cloudy,Normal
S007,Airport Road,2026-05-29 02:35:00,130,40.7,Low,Foggy,Normal
S001,Tirana Center,2026-05-29 02:40:00,131,28.2,Medium,Clear,Normal
S004,Blloku,2026-05-29 02:45:00,181,31.7,Medium,Foggy,Heavy Traffic
S005,Durres Road,2026-05-29 02:50:00,108,52.4,Low,Cloudy,Normal
S001,Tirana Center,2026-05-29 02:55:00,152,38.6,Medium,Cloudy,Normal
S007,Airport Road,2026-05-29 03:00:00,74,46.9,Low,Cloudy,Normal
S004,Blloku,2026-05-29 03:05:00,121,41.9,Low,Rainy,Normal
S008,New Boulevard,2026-05-29 03:10:00,98,58.8,Low,Foggy,Accident
S003,Student City,2026-05-29 03:15:00,92,34.7,Medium,Clear,Normal
S005,Durres Road,2026-05-29 03:20:00,77,62.5,Low,Clear,Normal
S001,Tirana Center,2026-05-29 03:25:00,77,29.2,Medium,Cloudy,Normal
S008,New Boulevard,2026-05-29 03:30:00,157,40.5,Medium,Clear,Normal
S005,Durres Road,2026-05-29 03:35:00,167,33.6,Medium,Foggy,Normal
S004,Blloku,2026-05-29 03:40:00,172,33.3,Medium,Foggy,Normal
S008,New Boulevard,2026-05-29 03:45:00,117,30.5,Medium,Foggy,Normal
S005,Durres Road,2026-05-29 03:50:00,124,34.3,Medium,Clear,Normal
S006,Zogu i Zi,2026-05-29 03:55:00,131,51.5,Low,Cloudy,Normal
S002,Ring Road,2026-05-29 04:00:00,178,44.6,Medium,Clear,Roadwork
S008,New Boulevard,2026-05-29 04:05:00,88,35.3,Medium,Foggy,Normal
S003,Student City,2026-05-29 04:10:00,80,60.9,Low,Clear,Normal
S005,Durres Road,2026-05-29 04:15:00,122,46.8,Low,Foggy,Normal
S003,Student City,2026-05-29 04:20:00,20,71.6,Low,Rainy,Normal
S005,Durres Road,2026-05-29 04:25:00,178,15.2,High,Cloudy,Normal
S001,Tirana Center,2026-05-29 04:30:00,55,56.6,Low,Foggy,Normal
S005,Durres Road,2026-05-29 04:35:00,92,47.0,Low,Rainy,Normal
S003,Student City,2026-05-29 04:40:00,83,43.0,Low,Cloudy,Normal
S005,Durres Road,2026-05-29 04:45:00,87,50.3,Low,Rainy,Normal
S005,Durres Road,2026-05-29 04:50:00,143,33.2,Medium,Foggy,Roadwork
S001,Tirana Center,2026-05-29 04:55:00,95,37.4,Medium,Cloudy,Normal
S002,Ring Road,2026-05-29 05:00:00,109,44.7,Low,Cloudy,Normal
S002,Ring Road,2026-05-29 05:05:00,146,42.8,Low,Foggy,Normal
S002,Ring Road,2026-05-29 05:10:00,124,47.0,Low,Foggy,Normal
S006,Zogu i Zi,2026-05-29 05:15:00,83,66.8,Low,Rainy,Normal
S003,Student City,2026-05-29 05:20:00,152,47.8,Medium,Rainy,Normal
S004,Blloku,2026-05-29 05:25:00,134,40.5,Low,Cloudy,Normal
S004,Blloku,2026-05-29 05:30:00,142,34.3,Medium,Cloudy,Accident
S008,New Boulevard,2026-05-29 05:35:00,94,36.2,Medium,Cloudy,Normal
S005,Durres Road,2026-05-29 05:40:00,77,32.3,Medium,Rainy,Normal
S008,New Boulevard,2026-05-29 05:45:00,87,50.5,Low,Cloudy,Normal
S007,Airport Road,2026-05-29 05:50:00,109,38.5,Low,Clear,Normal
S008,New Boulevard,2026-05-29 05:55:00,179,34.4,Medium,Clear,Roadwork
S001,Tirana Center,2026-05-29 06:00:00,99,52.6,Low,Clear,Normal
S005,Durres Road,2026-05-29 06:05:00,132,40.3,Low,Rainy,Normal
S007,Airport Road,2026-05-29 06:10:00,93,37.0,Medium,Clear,Normal
S003,Student City,2026-05-29 06:15:00,145,33.4,Medium,Rainy,Normal
S002,Ring Road,2026-05-29 06:20:00,63,30.5,Medium,Foggy,Normal
S006,Zogu i Zi,2026-05-29 06:25:00,40,59.5,Low,Cloudy,Normal
S002,Ring Road,2026-05-29 06:30:00,114,28.7,Medium,Clear,Normal
S002,Ring Road,2026-05-29 06:35:00,85,49.8,Low,Rainy,Normal
S001,Tirana Center,2026-05-29 06:40:00,110,32.8,Medium,Rainy,Normal
S008,New Boulevard,2026-05-29 06:45:00,91,36.5,Medium,Foggy,Normal
S006,Zogu i Zi,2026-05-29 06:50:00,199,32.8,Medium,Rainy,Normal
S002,Ring Road,2026-05-29 06:55:00,102,46.0,Low,Rainy,Normal
S008,New Boulevard,2026-05-29 07:00:00,224,8.2,High,Rainy,Normal
S008,New Boulevard,2026-05-29 07:05:00,213,18.2,High,Foggy,Normal
S004,Blloku,2026-05-29 07:10:00,273,20.5,High,Clear,Normal
S001,Tirana Center,2026-05-29 07:15:00,225,14.7,High,Foggy,Normal
S006,Zogu i Zi,2026-05-29 07:20:00,307,8,High,Cloudy,Normal
S008,New Boulevard,2026-05-29 07:25:00,230,33.1,Medium,Rainy,Normal
S005,Durres Road,2026-05-29 07:30:00,232,24.9,Medium,Clear,Normal
S003,Student City,2026-05-29 07:35:00,240,18.4,High,Rainy,Normal
S006,Zogu i Zi,2026-05-29 07:40:00,193,26.4,Medium,Rainy,Normal
S004,Blloku,2026-05-29 07:45:00,244,13.9,High,Cloudy,Normal
S008,New Boulevard,2026-05-29 07:50:00,169,35.0,Medium,Cloudy,Normal
S006,Zogu i Zi,2026-05-29 07:55:00,219,27.9,Medium,Foggy,Normal
S002,Ring Road,2026-05-29 08:00:00,210,29.4,Medium,Foggy,Roadwork
S008,New Boulevard,2026-05-29 08:05:00,210,30.8,Medium,Rainy,Normal
S004,Blloku,2026-05-29 08:10:00,198,19.6,High,Rainy,Normal
S008,New Boulevard,2026-05-29 08:15:00,278,15.8,High,Clear,Normal
S006,Zogu i Zi,2026-05-29 08:20:00,266,8.9,High,Clear,Normal
S006,Zogu i Zi,2026-05-29 08:25:00,241,8,High,Foggy,Normal
S003,Student City,2026-05-29 08:30:00,240,22.5,Medium,Foggy,Normal
S005,Durres Road,2026-05-29 08:35:00,122,34.1,Medium,Clear,Normal
S003,Student City,2026-05-29 08:40:00,185,17.8,High,Foggy,Normal
S006,Zogu i Zi,2026-05-29 08:45:00,256,8,High,Cloudy,Normal
S007,Airport Road,2026-05-29 08:50:00,221,25.7,Medium,Clear,Normal
S003,Student City,2026-05-29 08:55:00,217,21.8,High,Clear,Normal
S002,Ring Road,2026-05-29 09:00:00,234,21.0,High,Clear,Normal
S002,Ring Road,2026-05-29 09:05:00,158,41.1,Medium,Rainy,Heavy Traffic
S001,Tirana Center,2026-05-29 09:10:00,207,24.7,Medium,Clear,Normal
S002,Ring Road,2026-05-29 09:15:00,169,28.9,Medium,Clear,Normal
S006,Zogu i Zi,2026-05-29 09:20:00,191,31.8,Medium,Foggy,Normal
S001,Tirana Center,2026-05-29 09:25:00,233,10.8,High,Clear,Normal
S003,Student City,2026-05-29 09:30:00,230,21.3,High,Foggy,Normal
S007,Airport Road,2026-05-29 09:35:00,262,8,High,Clear,Normal
S005,Durres Road,2026-05-29 09:40:00,234,23.9,Medium,Foggy,Normal
S004,Blloku,2026-05-29 09:45:00,239,11.6,High,Foggy,Normal
S003,Student City,2026-05-29 09:50:00,196,36.1,Medium,Rainy,Normal
S008,New Boulevard,2026-05-29 09:55:00,229,22.2,Medium,Foggy,Normal
S005,Durres Road,2026-05-29 10:00:00,25,53.4,Low,Rainy,Roadwork
S005,Durres Road,2026-05-29 10:05:00,65,55.0,Low,Cloudy,Normal
S001,Tirana Center,2026-05-29 10:10:00,158,39.5,Medium,Rainy,Normal
S003,Student City,2026-05-29 10:15:00,96,41.5,Low,Rainy,Heavy Traffic
S006,Zogu i Zi,2026-05-29 10:20:00,122,25.4,Medium,Foggy,Normal
S002,Ring Road,2026-05-29 10:25:00,114,29.7,Medium,Clear,Normal
S004,Blloku,2026-05-29 10:30:00,83,52.2,Low,Foggy,Normal
S004,Blloku,2026-05-29 10:35:00,140,26.7,Medium,Clear,Normal
S002,Ring Road,2026-05-29 10:40:00,87,39.5,Low,Cloudy,Normal
S004,Blloku,2026-05-29 10:45:00,88,28.9,Medium,Rainy,Normal
S007,Airport Road,2026-05-29 10:50:00,26,51.6,Low,Cloudy,Normal
S005,Durres Road,2026-05-29 10:55:00,148,9.1,High,Cloudy,Normal
S006,Zogu i Zi,2026-05-29 11:00:00,125,40.1,Low,Rainy,Normal
S002,Ring Road,2026-05-29 11:05:00,99,42.8,Low,Foggy,Normal
S002,Ring Road,2026-05-29 11:10:00,122,33.4,Medium,Rainy,Normal
S002,Ring Road,2026-05-29 11:15:00,116,43.6,Low,Clear,Roadwork
S008,New Boulevard,2026-05-29 11:20:00,124,29.7,Medium,Cloudy,Normal
S007,Airport Road,2026-05-29 11:25:00,125,26.4,Medium,Rainy,Normal
S004,Blloku,2026-05-29 11:30:00,126,33.3,Medium,Cloudy,Heavy Traffic
S004,Blloku,2026-05-29 11:35:00,130,51.9,Low,Clear,Normal
S002,Ring Road,2026-05-29 11:40:00,110,35.1,Medium,Rainy,Normal
S005,Durres Road,2026-05-29 11:45:00,105,46.4,Low,Foggy,Normal
S002,Ring Road,2026-05-29 11:50:00,133,48.9,Low,Clear,Normal
S007,Airport Road,2026-05-29 11:55:00,82,49.8,Low,Rainy,Heavy Traffic
S006,Zogu i Zi,2026-05-29 12:00:00,102,43.8,Low,Rainy,Normal
S004,Blloku,2026-05-29 12:05:00,122,51.9,Low,Foggy,Normal
S005,Durres Road,2026-05-29 12:10:00,127,32.1,Medium,Foggy,Normal
S003,Student City,2026-05-29 12:15:00,120,33.4,Medium,Rainy,Normal
S001,Tirana Center,2026-05-29 12:20:00,150,24.6,Medium,Cloudy,Normal
S008,New Boulevard,2026-05-29 12:25:00,96,55.5,Low,Cloudy,Normal
S005,Durres Road,2026-05-29 12:30:00,80,38.6,Low,Rainy,Normal
S002,Ring Road,2026-05-29 12:35:00,107,39.3,Low,Clear,Normal
S007,Airport Road,2026-05-29 12:40:00,76,43.2,Low,Foggy,Normal
S003,Student City,2026-05-29 12:45:00,147,39.3,Low,Foggy,Roadwork
S003,Student City,2026-05-29 12:50:00,58,60.8,Low,Foggy,Normal
S007,Airport Road,2026-05-29 12:55:00,90,42.3,Low,Cloudy,Normal
S004,Blloku,2026-05-29 13:00:00,59,39.3,Low,Cloudy,Normal
S008,New Boulevard,2026-05-29 13:05:00,96,44.6,Low,Foggy,Heavy Traffic
S002,Ring Road,2026-05-29 13:10:00,108,32.8,Medium,Cloudy,Normal
S002,Ring Road,2026-05-29 13:15:00,109,44.4,Low,Foggy,Normal
S005,Durres Road,2026-05-29 13:20:00,86,35.8,Medium,Foggy,Normal
S002,Ring Road,2026-05-29 13:25:00,89,42.1,Low,Rainy,Heavy Traffic
S002,Ring Road,2026-05-29 13:30:00,97,28.5,Medium,Cloudy,Normal
S005,Durres Road,2026-05-29 13:35:00,79,55.5,Low,Clear,Heavy Traffic
S004,Blloku,2026-05-29 13:40:00,60,40.2,Low,Cloudy,Roadwork
S007,Airport Road,2026-05-29 13:45:00,73,50.2,Low,Cloudy,Accident
S004,Blloku,2026-05-29 13:50:00,86,28.5,Medium,Clear,Normal
S002,Ring Road,2026-05-29 13:55:00,101,43.4,Low,Foggy,Normal
S006,Zogu i Zi,2026-05-29 14:00:00,124,40.6,Low,Rainy,Normal
S005,Durres Road,2026-05-29 14:05:00,93,45.4,Low,Cloudy,Normal
S002,Ring Road,2026-05-29 14:10:00,111,37.1,Medium,Cloudy,Normal
S003,Student City,2026-05-29 14:15:00,121,38.2,Low,Rainy,Accident
S005,Durres Road,2026-05-29 14:20:00,123,47.1,Low,Foggy,Normal
S001,Tirana Center,2026-05-29 14:25:00,37,42.5,Low,Rainy,Normal
S006,Zogu i Zi,2026-05-29 14:30:00,116,35.9,Medium,Clear,Normal
S004,Blloku,2026-05-29 14:35:00,70,46.0,Low,Cloudy,Normal
S007,Airport Road,2026-05-29 14:40:00,66,39.1,Low,Rainy,Normal
S002,Ring Road,2026-05-29 14:45:00,68,49.3,Low,Cloudy,Normal
S001,Tirana Center,2026-05-29 14:50:00,75,46.2,Low,Foggy,Normal
S002,Ring Road,2026-05-29 14:55:00,75,31.6,Medium,Clear,Normal
S004,Blloku,2026-05-29 15:00:00,82,37.4,Medium,Cloudy,Normal
S003,Student City,2026-05-29 15:05:00,105,22.2,Medium,Rainy,Normal
S006,Zogu i Zi,2026-05-29 15:10:00,107,32.9,Medium,Rainy,Normal
S007,Airport Road,2026-05-29 15:15:00,147,36.4,Medium,Rainy,Normal
S003,Student City,2026-05-29 15:20:00,69,33.1,Medium,Foggy,Normal
S002,Ring Road,2026-05-29 15:25:00,82,61.6,Low,Foggy,Normal
S003,Student City,2026-05-29 15:30:00,97,49.7,Low,Foggy,Heavy Traffic
S004,Blloku,2026-05-29 15:35:00,59,39.5,Low,Clear,Normal
S008,New Boulevard,2026-05-29 15:40:00,63,45.2,Low,Clear,Normal
S007,Airport Road,2026-05-29 15:45:00,102,48.7,Low,Rainy,Heavy Traffic
S001,Tirana Center,2026-05-29 15:50:00,101,44.5,Low,Cloudy,Normal
S008,New Boulevard,2026-05-29 15:55:00,134,37.1,Medium,Cloudy,Normal
S002,Ring Road,2026-05-29 16:00:00,189,33.7,Medium,Cloudy,Normal
S007,Airport Road,2026-05-29 16:05:00,258,12.8,High,Rainy,Normal
S001,Tirana Center,2026-05-29 16:10:00,238,8,High,Cloudy,Normal
S008,New Boulevard,2026-05-29 16:15:00,188,21.3,High,Clear,Normal
S007,Airport Road,2026-05-29 16:20:00,228,8,High,Cloudy,Normal
S004,Blloku,2026-05-29 16:25:00,222,33.5,Medium,Rainy,Normal
S006,Zogu i Zi,2026-05-29 16:30:00,204,22.0,High,Cloudy,Normal
S001,Tirana Center,2026-05-29 16:35:00,279,8,High,Clear,Roadwork
S007,Airport Road,2026-05-29 16:40:00,187,18.0,High,Rainy,Normal
S008,New Boulevard,2026-05-29 16:45:00,245,26.8,Medium,Foggy,Normal
S006,Zogu i Zi,2026-05-29 16:50:00,223,28.5,Medium,Rainy,Normal
S003,Student City,2026-05-29 16:55:00,192,15.6,High,Foggy,Normal
S005,Durres Road,2026-05-29 17:00:00,235,19.1,High,Clear,Accident
S008,New Boulevard,2026-05-29 17:05:00,202,29.6,Medium,Rainy,Normal
S008,New Boulevard,2026-05-29 17:10:00,273,8,High,Foggy,Normal
S008,New Boulevard,2026-05-29 17:15:00,231,19.6,High,Rainy,Normal
S004,Blloku,2026-05-29 17:20:00,191,21.6,High,Cloudy,Normal
S001,Tirana Center,2026-05-29 17:25:00,223,20.3,High,Cloudy,Normal
S006,Zogu i Zi,2026-05-29 17:30:00,234,14.3,High,Clear,Normal
S001,Tirana Center,2026-05-29 17:35:00,207,15.2,High,Clear,Normal
S004,Blloku,2026-05-29 17:40:00,137,33.1,Medium,Clear,Normal
S004,Blloku,2026-05-29 17:45:00,218,32.8,Medium,Clear,Normal
S001,Tirana Center,2026-05-29 17:50:00,150,34.4,Medium,Foggy,Normal
S003,Student City,2026-05-29 17:55:00,164,37.4,Medium,Cloudy,Normal
S001,Tirana Center,2026-05-29 18:00:00,205,8,High,Foggy,Heavy Traffic
S008,New Boulevard,2026-05-29 18:05:00,211,16.3,High,Clear,Normal
S002,Ring Road,2026-05-29 18:10:00,218,15.6,High,Cloudy,Normal
S001,Tirana Center,2026-05-29 18:15:00,283,14.0,High,Rainy,Heavy Traffic
S001,Tirana Center,2026-05-29 18:20:00,260,13.8,High,Clear,Normal
S005,Durres Road,2026-05-29 18:25:00,229,20.0,High,Rainy,Normal
S004,Blloku,2026-05-29 18:30:00,260,27.7,High,Rainy,Normal
S008,New Boulevard,2026-05-29 18:35:00,249,21.2,High,Foggy,Normal
S002,Ring Road,2026-05-29 18:40:00,174,38.3,Medium,Rainy,Accident
S008,New Boulevard,2026-05-29 18:45:00,228,10.3,High,Clear,Normal
S002,Ring Road,2026-05-29 18:50:00,280,8,High,Foggy,Normal
S004,Blloku,2026-05-29 18:55:00,240,31.6,Medium,Cloudy,Normal
S001,Tirana Center,2026-05-29 19:00:00,109,43.5,Low,Clear,Normal
S008,New Boulevard,2026-05-29 19:05:00,57,57.2,Low,Clear,Normal
S008,New Boulevard,2026-05-29 19:10:00,41,43.1,Low,Cloudy,Normal
S004,Blloku,2026-05-29 19:15:00,78,43.0,Low,Clear,Normal
S007,Airport Road,2026-05-29 19:20:00,68,39.7,Low,Cloudy,Normal
S005,Durres Road,2026-05-29 19:25:00,48,64.9,Low,Rainy,Normal
S005,Durres Road,2026-05-29 19:30:00,83,39.5,Low,Rainy,Normal
S003,Student City,2026-05-29 19:35:00,95,39.0,Low,Foggy,Normal
S003,Student City,2026-05-29 19:40:00,84,42.3,Low,Cloudy,Normal
S007,Airport Road,2026-05-29 19:45:00,102,26.3,Medium,Foggy,Normal
S005,Durres Road,2026-05-29 19:50:00,94,40.2,Low,Foggy,Normal
S002,Ring Road,2026-05-29 19:55:00,64,45.9,Low,Clear,Normal
S002,Ring Road,2026-05-29 20:00:00,80,43.0,Low,Clear,Normal
S005,Durres Road,2026-05-29 20:05:00,123,39.4,Low,Cloudy,Normal
S003,Student City,2026-05-29 20:10:00,124,30.9,Medium,Rainy,Normal
S008,New Boulevard,2026-05-29 20:15:00,114,42.1,Low,Cloudy,Normal
S008,New Boulevard,2026-05-29 20:20:00,85,45.7,Low,Rainy,Normal
S007,Airport Road,2026-05-29 20:25:00,145,30.5,Medium,Clear,Normal
S008,New Boulevard,2026-05-29 20:30:00,62,50.1,Low,Cloudy,Accident
S002,Ring Road,2026-05-29 20:35:00,98,36.5,Medium,Rainy,Normal
S003,Student City,2026-05-29 20:40:00,130,31.8,Medium,Clear,Normal
S004,Blloku,2026-05-29 20:45:00,93,46.6,Low,Foggy,Normal
S003,Student City,2026-05-29 20:50:00,104,34.8,Medium,Rainy,Normal
S002,Ring Road,2026-05-29 20:55:00,122,25.5,Medium,Rainy,Normal
S007,Airport Road,2026-05-29 21:00:00,115,31.2,Medium,Cloudy,Normal
S004,Blloku,2026-05-29 21:05:00,166,29.4,Medium,Cloudy,Normal
S007,Airport Road,2026-05-29 21:10:00,120,34.1,Medium,Foggy,Normal
S005,Durres Road,2026-05-29 21:15:00,126,45.5,Low,Cloudy,Accident
S003,Student City,2026-05-29 21:20:00,156,40.4,Medium,Foggy,Normal
S002,Ring Road,2026-05-29 21:25:00,129,41.4,Low,Rainy,Roadwork
S001,Tirana Center,2026-05-29 21:30:00,93,41.3,Low,Rainy,Normal
S003,Student City,2026-05-29 21:35:00,167,42.6,Medium,Foggy,Normal
S008,New Boulevard,2026-05-29 21:40:00,97,33.1,Medium,Clear,Normal
S004,Blloku,2026-05-29 21:45:00,59,65.8,Low,Foggy,Normal
S006,Zogu i Zi,2026-05-29 21:50:00,62,29.2,Medium,Cloudy,Normal
S002,Ring Road,2026-05-29 21:55:00,144,36.7,Medium,Cloudy,Normal
S008,New Boulevard,2026-05-29 22:00:00,110,56.0,Low,Cloudy,Normal
S005,Durres Road,2026-05-29 22:05:00,173,25.1,Medium,Cloudy,Normal
S001,Tirana Center,2026-05-29 22:10:00,113,24.1,Medium,Rainy,Normal
S006,Zogu i Zi,2026-05-29 22:15:00,70,45.5,Low,Clear,Normal
S002,Ring Road,2026-05-29 22:20:00,80,39.4,Low,Rainy,Normal
S006,Zogu i Zi,2026-05-29 22:25:00,139,40.6,Low,Rainy,Normal
S005,Durres Road,2026-05-29 22:30:00,42,49.2,Low,Rainy,Normal
S005,Durres Road,2026-05-29 22:35:00,93,54.9,Low,Rainy,Normal
S001,Tirana Center,2026-05-29 22:40:00,44,70.9,Low,Cloudy,Normal
S006,Zogu i Zi,2026-05-29 22:45:00,144,34.3,Medium,Rainy,Normal
S004,Blloku,2026-05-29 22:50:00,125,48.4,Low,Clear,Roadwork
S002,Ring Road,2026-05-29 22:55:00,103,60.5,Low,Clear,Normal
S006,Zogu i Zi,2026-05-29 23:00:00,129,37.1,Medium,Rainy,Normal
S006,Zogu i Zi,2026-05-29 23:05:00,118,35.6,Medium,Rainy,Normal
S004,Blloku,2026-05-29 23:10:00,157,36.8,Medium,Clear,Normal
S001,Tirana Center,2026-05-29 23:15:00,73,47.2,Low,Cloudy,Normal
S004,Blloku,2026-05-29 23:20:00,125,33.2,Medium,Cloudy,Normal
S008,New Boulevard,2026-05-29 23:25:00,92,48.6,Low,Clear,Heavy Traffic
S004,Blloku,2026-05-29 23:30:00,124,27.5,Medium,Foggy,Normal
S003,Student City,2026-05-29 23:35:00,73,51.2,Low,Foggy,Normal
S003,Student City,2026-05-29 23:40:00,83,48.3,Low,Foggy,Accident
S003,Student City,2026-05-29 23:45:00,107,34.0,Medium,Foggy,Normal
S004,Blloku,2026-05-29 23:50:00,137,33.9,Medium,Foggy,Normal
S003,Student City,2026-05-29 23:55:00,119,31.3,Medium,Clear,Normal
S004,Blloku,2026-05-30 00:00:00,118,41.5,Low,Cloudy,Normal
S006,Zogu i Zi,2026-05-30 00:05:00,104,51.1,Low,Rainy,Accident
S006,Zogu i Zi,2026-05-30 00:10:00,57,34.3,Medium,Foggy,Normal
S005,Durres Road,2026-05-30 00:15:00,115,24.0,Medium,Foggy,Normal
S007,Airport Road,2026-05-30 00:20:00,67,69.6,Low,Cloudy,Normal
S007,Airport Road,2026-05-30 00:25:00,25,74.6,Low,Rainy,Normal
S007,Airport Road,2026-05-30 00:30:00,78,36.4,Medium,Cloudy,Normal
S002,Ring Road,2026-05-30 00:35:00,99,49.9,Low,Cloudy,Normal
S005,Durres Road,2026-05-30 00:40:00,80,33.6,Medium,Clear,Normal
S004,Blloku,2026-05-30 00:45:00,135,35.0,Medium,Clear,Normal
S004,Blloku,2026-05-30 00:50:00,127,36.8,Medium,Foggy,Normal
S001,Tirana Center,2026-05-30 00:55:00,52,53.6,Low,Rainy,Normal
S002,Ring Road,2026-05-30 01:00:00,75,50.8,Low,Rainy,Normal
S002,Ring Road,2026-05-30 01:05:00,118,31.7,Medium,Clear,Normal
S008,New Boulevard,2026-05-30 01:10:00,95,55.3,Low,Foggy,Normal
S007,Airport Road,2026-05-30 01:15:00,97,33.1,Medium,Foggy,Normal
S006,Zogu i Zi,2026-05-30 01:20:00,150,41.7,Low,Clear,Normal
S001,Tirana Center,2026-05-30 01:25:00,91,42.3,Low,Rainy,Normal
S003,Student City,2026-05-30 01:30:00,149,25.7,Medium,Rainy,Normal
S007,Airport Road,2026-05-30 01:35:00,116,35.7,Medium,Cloudy,Normal
S005,Durres Road,2026-05-30 01:40:00,95,50.5,Low,Clear,Normal
S008,New Boulevard,2026-05-30 01:45:00,130,48.4,Low,Rainy,Normal
S004,Blloku,2026-05-30 01:50:00,57,45.5,Low,Rainy,Heavy Traffic
S003,Student City,2026-05-30 01:55:00,135,42.2,Low,Foggy,Normal
S006,Zogu i Zi,2026-05-30 02:00:00,146,49.6,Low,Rainy,Normal
S006,Zogu i Zi,2026-05-30 02:05:00,126,34.8,Medium,Clear,Normal
S005,Durres Road,2026-05-30 02:10:00,159,39.2,Medium,Rainy,Normal
S005,Durres Road,2026-05-30 02:15:00,58,38.8,Low,Foggy,Normal
S002,Ring Road,2026-05-30 02:20:00,90,20.4,High,Rainy,Normal
S005,Durres Road,2026-05-30 02:25:00,154,22.0,Medium,Cloudy,Normal
S002,Ring Road,2026-05-30 02:30:00,86,32.6,Medium,Foggy,Normal
S008,New Boulevard,2026-05-30 02:35:00,120,58.5,Low,Foggy,Accident
S007,Airport Road,2026-05-30 02:40:00,96,40.2,Low,Cloudy,Accident
S004,Blloku,2026-05-30 02:45:00,60,49.0,Low,Cloudy,Normal
S005,Durres Road,2026-05-30 02:50:00,100,40.2,Low,Foggy,Normal
S008,New Boulevard,2026-05-30 02:55:00,121,41.1,Low,Cloudy,Normal
S005,Durres Road,2026-05-30 03:00:00,99,35.6,Medium,Rainy,Normal
S006,Zogu i Zi,2026-05-30 03:05:00,30,52.8,Low,Rainy,Normal
S008,New Boulevard,2026-05-30 03:10:00,98,39.4,Low,Rainy,Normal
S001,Tirana Center,2026-05-30 03:15:00,144,46.4,Low,Cloudy,Normal
S006,Zogu i Zi,2026-05-30 03:20:00,84,34.9,Medium,Foggy,Normal
S006,Zogu i Zi,2026-05-30 03:25:00,83,42.1,Low,Clear,Normal
S003,Student City,2026-05-30 03:30:00,91,42.7,Low,Clear,Normal
S001,Tirana Center,2026-05-30 03:35:00,141,33.9,Medium,Rainy,Heavy Traffic
S003,Student City,2026-05-30 03:40:00,167,33.1,Medium,Cloudy,Normal
S007,Airport Road,2026-05-30 03:45:00,79,35.2,Medium,Clear,Normal
S001,Tirana Center,2026-05-30 03:50:00,158,38.4,Medium,Foggy,Normal
S004,Blloku,2026-05-30 03:55:00,139,21.7,High,Cloudy,Normal
S002,Ring Road,2026-05-30 04:00:00,120,44.8,Low,Rainy,Normal
S006,Zogu i Zi,2026-05-30 04:05:00,163,38.6,Medium,Cloudy,Normal
S004,Blloku,2026-05-30 04:10:00,67,32.7,Medium,Rainy,Normal
S004,Blloku,2026-05-30 04:15:00,90,42.6,Low,Foggy,Normal
S008,New Boulevard,2026-05-30 04:20:00,138,41.4,Low,Foggy,Heavy Traffic
S005,Durres Road,2026-05-30 04:25:00,124,36.2,Medium,Clear,Normal
S004,Blloku,2026-05-30 04:30:00,76,48.0,Low,Rainy,Normal
S003,Student City,2026-05-30 04:35:00,167,34.7,Medium,Cloudy,Normal
S005,Durres Road,2026-05-30 04:40:00,69,56.1,Low,Foggy,Normal
S006,Zogu i Zi,2026-05-30 04:45:00,76,37.8,Medium,Rainy,Normal
S001,Tirana Center,2026-05-30 04:50:00,119,35.3,Medium,Cloudy,Normal
S006,Zogu i Zi,2026-05-30 04:55:00,139,44.4,Low,Cloudy,Normal
S002,Ring Road,2026-05-30 05:00:00,96,55.3,Low,Clear,Normal
S003,Student City,2026-05-30 05:05:00,99,41.3,Low,Rainy,Normal
S008,New Boulevard,2026-05-30 05:10:00,100,39.6,Low,Rainy,Roadwork
S004,Blloku,2026-05-30 05:15:00,86,40.3,Low,Cloudy,Heavy Traffic
S004,Blloku,2026-05-30 05:20:00,145,51.2,Low,Cloudy,Normal
S003,Student City,2026-05-30 05:25:00,78,57.2,Low,Rainy,Normal
S003,Student City,2026-05-30 05:30:00,86,36.2,Medium,Foggy,Normal
S007,Airport Road,2026-05-30 05:35:00,84,42.3,Low,Clear,Normal
S006,Zogu i Zi,2026-05-30 05:40:00,72,42.2,Low,Cloudy,Normal
S007,Airport Road,2026-05-30 05:45:00,101,45.9,Low,Clear,Normal
S004,Blloku,2026-05-30 05:50:00,74,57.8,Low,Foggy,Normal
S007,Airport Road,2026-05-30 05:55:00,126,33.9,Medium,Clear,Normal
S004,Blloku,2026-05-30 06:00:00,107,24.7,Medium,Clear,Accident
S001,Tirana Center,2026-05-30 06:05:00,124,30.1,Medium,Clear,Roadwork
S007,Airport Road,2026-05-30 06:10:00,85,36.8,Medium,Rainy,Normal
S006,Zogu i Zi,2026-05-30 06:15:00,34,55.0,Low,Cloudy,Normal
S006,Zogu i Zi,2026-05-30 06:20:00,50,49.5,Low,Rainy,Normal
S005,Durres Road,2026-05-30 06:25:00,59,45.2,Low,Rainy,Normal
S006,Zogu i Zi,2026-05-30 06:30:00,64,45.7,Low,Clear,Normal
S007,Airport Road,2026-05-30 06:35:00,93,48.0,Low,Rainy,Heavy Traffic
S003,Student City,2026-05-30 06:40:00,96,59.5,Low,Cloudy,Normal
S008,New Boulevard,2026-05-30 06:45:00,129,29.6,Medium,Foggy,Normal
S001,Tirana Center,2026-05-30 06:50:00,154,14.7,High,Clear,Normal
S008,New Boulevard,2026-05-30 06:55:00,39,42.9,Low,Cloudy,Normal
S006,Zogu i Zi,2026-05-30 07:00:00,189,14.7,High,Clear,Normal
S007,Airport Road,2026-05-30 07:05:00,205,18.8,High,Cloudy,Normal
S003,Student City,2026-05-30 07:10:00,216,31.2,Medium,Foggy,Normal
S006,Zogu i Zi,2026-05-30 07:15:00,176,38.7,Medium,Clear,Normal
S002,Ring Road,2026-05-30 07:20:00,246,27.9,Medium,Foggy,Normal
S003,Student City,2026-05-30 07:25:00,270,16.2,High,Foggy,Normal
S001,Tirana Center,2026-05-30 07:30:00,273,18.0,High,Cloudy,Normal
S003,Student City,2026-05-30 07:35:00,243,35.5,Medium,Rainy,Normal
S005,Durres Road,2026-05-30 07:40:00,262,11.4,High,Rainy,Accident
S008,New Boulevard,2026-05-30 07:45:00,152,36.6,Medium,Foggy,Normal
S003,Student City,2026-05-30 07:50:00,254,24.5,High,Cloudy,Normal
S002,Ring Road,2026-05-30 07:55:00,283,8,High,Foggy,Normal
S001,Tirana Center,2026-05-30 08:00:00,197,24.1,Medium,Rainy,Heavy Traffic
S001,Tirana Center,2026-05-30 08:05:00,203,24.2,Medium,Clear,Normal
S002,Ring Road,2026-05-30 08:10:00,165,30.2,Medium,Cloudy,Normal
S004,Blloku,2026-05-30 08:15:00,214,21.6,High,Clear,Roadwork
S007,Airport Road,2026-05-30 08:20:00,198,38.1,Medium,Foggy,Normal
S007,Airport Road,2026-05-30 08:25:00,266,17.8,High,Foggy,Roadwork
S007,Airport Road,2026-05-30 08:30:00,224,22.7,Medium,Cloudy,Normal
S005,Durres Road,2026-05-30 08:35:00,203,9.1,High,Foggy,Normal
S001,Tirana Center,2026-05-30 08:40:00,189,27.7,Medium,Rainy,Accident
S008,New Boulevard,2026-05-30 08:45:00,194,24.5,Medium,Cloudy,Normal
S007,Airport Road,2026-05-30 08:50:00,232,30.4,Medium,Foggy,Heavy Traffic
S001,Tirana Center,2026-05-30 08:55:00,166,29.7,Medium,Rainy,Normal
S003,Student City,2026-05-30 09:00:00,243,9.6,High,Foggy,Normal
S005,Durres Road,2026-05-30 09:05:00,268,13.8,High,Cloudy,Normal
S004,Blloku,2026-05-30 09:10:00,208,29.5,Medium,Rainy,Normal
S001,Tirana Center,2026-05-30 09:15:00,197,13.1,High,Rainy,Roadwork
S001,Tirana Center,2026-05-30 09:20:00,256,11.9,High,Clear,Normal
S003,Student City,2026-05-30 09:25:00,230,8,High,Clear,Normal
S007,Airport Road,2026-05-30 09:30:00,229,26.8,Medium,Cloudy,Normal
S003,Student City,2026-05-30 09:35:00,250,23.9,Medium,Clear,Normal
S008,New Boulevard,2026-05-30 09:40:00,216,15.0,High,Clear,Normal
S003,Student City,2026-05-30 09:45:00,190,35.3,Medium,Clear,Heavy Traffic
S004,Blloku,2026-05-30 09:50:00,231,25.0,Medium,Foggy,Normal
S002,Ring Road,2026-05-30 09:55:00,186,36.2,Medium,Rainy,Normal
S005,Durres Road,2026-05-30 10:00:00,126,30.9,Medium,Clear,Normal
S005,Durres Road,2026-05-30 10:05:00,94,30.8,Medium,Cloudy,Normal
S003,Student City,2026-05-30 10:10:00,134,42.4,Low,Clear,Normal
S004,Blloku,2026-05-30 10:15:00,169,19.4,High,Cloudy,Roadwork
S002,Ring Road,2026-05-30 10:20:00,126,34.8,Medium,Foggy,Normal
S004,Blloku,2026-05-30 10:25:00,107,37.4,Medium,Foggy,Normal
S007,Airport Road,2026-05-30 10:30:00,109,36.7,Medium,Clear,Normal
S004,Blloku,2026-05-30 10:35:00,102,38.5,Low,Rainy,Heavy Traffic
S005,Durres Road,2026-05-30 10:40:00,141,35.6,Medium,Cloudy,Normal
S005,Durres Road,2026-05-30 10:45:00,183,41.2,Medium,Foggy,Heavy Traffic
S002,Ring Road,2026-05-30 10:50:00,99,18.6,High,Foggy,Normal
S007,Airport Road,2026-05-30 10:55:00,142,15.8,High,Cloudy,Normal
S007,Airport Road,2026-05-30 11:00:00,71,47.4,Low,Rainy,Normal
S004,Blloku,2026-05-30 11:05:00,37,48.6,Low,Clear,Roadwork
S007,Airport Road,2026-05-30 11:10:00,84,52.6,Low,Foggy,Roadwork
S001,Tirana Center,2026-05-30 11:15:00,92,51.5,Low,Clear,Normal
S004,Blloku,2026-05-30 11:20:00,112,51.3,Low,Foggy,Normal
S001,Tirana Center,2026-05-30 11:25:00,97,29.7,Medium,Foggy,Normal
S003,Student City,2026-05-30 11:30:00,140,26.6,Medium,Cloudy,Normal
S007,Airport Road,2026-05-30 11:35:00,90,44.5,Low,Foggy,Normal
S005,Durres Road,2026-05-30 11:40:00,90,55.0,Low,Rainy,Normal
S002,Ring Road,2026-05-30 11:45:00,82,50.2,Low,Rainy,Normal
S007,Airport Road,2026-05-30 11:50:00,117,39.3,Low,Cloudy,Heavy Traffic
S005,Durres Road,2026-05-30 11:55:00,77,53.2,Low,Foggy,Accident
S004,Blloku,2026-05-30 12:00:00,61,32.2,Medium,Clear,Normal
S002,Ring Road,2026-05-30 12:05:00,36,57.5,Low,Rainy,Normal
S005,Durres Road,2026-05-30 12:10:00,142,43.2,Low,Cloudy,Normal
S004,Blloku,2026-05-30 12:15:00,77,46.7,Low,Clear,Normal
S003,Student City,2026-05-30 12:20:00,128,44.4,Low,Cloudy,Normal
S005,Durres Road,2026-05-30 12:25:00,143,33.1,Medium,Rainy,Normal
S007,Airport Road,2026-05-30 12:30:00,141,41.7,Low,Cloudy,Normal
S003,Student City,2026-05-30 12:35:00,122,40.5,Low,Cloudy,Normal
S004,Blloku,2026-05-30 12:40:00,79,53.6,Low,Rainy,Normal
S003,Student City,2026-05-30 12:45:00,126,47.3,Low,Cloudy,Normal
S005,Durres Road,2026-05-30 12:50:00,153,16.7,High,Rainy,Normal
S002,Ring Road,2026-05-30 12:55:00,76,42.6,Low,Rainy,Normal
S007,Airport Road,2026-05-30 13:00:00,147,37.0,Medium,Foggy,Normal
S006,Zogu i Zi,2026-05-30 13:05:00,109,29.7,Medium,Rainy,Normal
S003,Student City,2026-05-30 13:10:00,123,28.7,Medium,Clear,Normal
S008,New Boulevard,2026-05-30 13:15:00,76,66.8,Low,Foggy,Normal
S001,Tirana Center,2026-05-30 13:20:00,98,29.1,Medium,Cloudy,Normal
S008,New Boulevard,2026-05-30 13:25:00,60,47.7,Low,Clear,Normal
S003,Student City,2026-05-30 13:30:00,134,44.2,Low,Foggy,Normal
S008,New Boulevard,2026-05-30 13:35:00,155,27.8,Medium,Cloudy,Normal
S001,Tirana Center,2026-05-30 13:40:00,131,37.2,Medium,Rainy,Normal
S002,Ring Road,2026-05-30 13:45:00,108,34.5,Medium,Clear,Normal
S003,Student City,2026-05-30 13:50:00,151,14.1,High,Rainy,Accident
S008,New Boulevard,2026-05-30 13:55:00,110,28.6,Medium,Foggy,Normal
S005,Durres Road,2026-05-30 14:00:00,134,53.6,Low,Rainy,Normal
S004,Blloku,2026-05-30 14:05:00,73,46.0,Low,Rainy,Heavy Traffic
S005,Durres Road,2026-05-30 14:10:00,83,43.1,Low,Rainy,Normal
S007,Airport Road,2026-05-30 14:15:00,124,41.3,Low,Foggy,Heavy Traffic
S003,Student City,2026-05-30 14:20:00,113,36.5,Medium,Cloudy,Normal
S005,Durres Road,2026-05-30 14:25:00,133,41.8,Low,Foggy,Normal
S001,Tirana Center,2026-05-30 14:30:00,67,45.8,Low,Rainy,Normal
S001,Tirana Center,2026-05-30 14:35:00,102,51.4,Low,Foggy,Normal
S006,Zogu i Zi,2026-05-30 14:40:00,87,39.8,Low,Foggy,Heavy Traffic
S005,Durres Road,2026-05-30 14:45:00,69,55.9,Low,Foggy,Normal
S006,Zogu i Zi,2026-05-30 14:50:00,79,38.1,Low,Rainy,Normal
S001,Tirana Center,2026-05-30 14:55:00,94,43.1,Low,Cloudy,Normal
S006,Zogu i Zi,2026-05-30 15:00:00,50,57.2,Low,Rainy,Normal
S007,Airport Road,2026-05-30 15:05:00,142,30.9,Medium,Rainy,Normal
S005,Durres Road,2026-05-30 15:10:00,83,54.9,Low,Rainy,Normal
S008,New Boulevard,2026-05-30 15:15:00,121,51.5,Low,Cloudy,Normal
S005,Durres Road,2026-05-30 15:20:00,86,45.7,Low,Rainy,Normal
S007,Airport Road,2026-05-30 15:25:00,139,30.1,Medium,Rainy,Normal
S007,Airport Road,2026-05-30 15:30:00,45,35.8,Medium,Clear,Normal
S006,Zogu i Zi,2026-05-30 15:35:00,71,58.3,Low,Rainy,Normal
S004,Blloku,2026-05-30 15:40:00,112,45.0,Low,Cloudy,Normal
S006,Zogu i Zi,2026-05-30 15:45:00,51,51.6,Low,Foggy,Normal
S003,Student City,2026-05-30 15:50:00,118,40.8,Low,Rainy,Normal
S007,Airport Road,2026-05-30 15:55:00,158,31.0,Medium,Cloudy,Normal
S002,Ring Road,2026-05-30 16:00:00,211,26.1,Medium,Cloudy,Normal
S001,Tirana Center,2026-05-30 16:05:00,211,24.1,Medium,Rainy,Normal
S004,Blloku,2026-05-30 16:10:00,289,15.8,High,Foggy,Normal
S006,Zogu i Zi,2026-05-30 16:15:00,255,18.1,High,Clear,Normal
S002,Ring Road,2026-05-30 16:20:00,223,12.6,High,Cloudy,Normal
S002,Ring Road,2026-05-30 16:25:00,173,21.6,High,Rainy,Normal
S008,New Boulevard,2026-05-30 16:30:00,269,17.5,High,Foggy,Normal
S005,Durres Road,2026-05-30 16:35:00,242,29.2,Medium,Clear,Normal
S002,Ring Road,2026-05-30 16:40:00,281,20.0,High,Clear,Normal
S008,New Boulevard,2026-05-30 16:45:00,246,10.6,High,Rainy,Normal
S001,Tirana Center,2026-05-30 16:50:00,222,26.5,Medium,Rainy,Normal
S006,Zogu i Zi,2026-05-30 16:55:00,143,30.9,Medium,Rainy,Normal
S008,New Boulevard,2026-05-30 17:00:00,223,11.1,High,Rainy,Normal
S007,Airport Road,2026-05-30 17:05:00,233,22.3,Medium,Cloudy,Normal
S003,Student City,2026-05-30 17:10:00,229,17.6,High,Foggy,Normal
S008,New Boulevard,2026-05-30 17:15:00,214,12.1,High,Clear,Normal
S002,Ring Road,2026-05-30 17:20:00,214,27.6,Medium,Clear,Normal
S007,Airport Road,2026-05-30 17:25:00,213,32.4,Medium,Rainy,Heavy Traffic
S006,Zogu i Zi,2026-05-30 17:30:00,211,33.7,Medium,Foggy,Normal
S005,Durres Road,2026-05-30 17:35:00,253,13.6,High,Foggy,Normal
S006,Zogu i Zi,2026-05-30 17:40:00,200,12.8,High,Cloudy,Normal
S008,New Boulevard,2026-05-30 17:45:00,282,27.7,High,Cloudy,Normal
S005,Durres Road,2026-05-30 17:50:00,205,19.8,High,Clear,Normal
S002,Ring Road,2026-05-30 17:55:00,216,34.2,Medium,Cloudy,Normal
S008,New Boulevard,2026-05-30 18:00:00,208,22.5,Medium,Clear,Normal
S003,Student City,2026-05-30 18:05:00,211,24.2,Medium,Foggy,Heavy Traffic
S006,Zogu i Zi,2026-05-30 18:10:00,224,12.5,High,Clear,Normal
S005,Durres Road,2026-05-30 18:15:00,289,10.7,High,Clear,Normal
S004,Blloku,2026-05-30 18:20:00,214,33.6,Medium,Rainy,Normal
S008,New Boulevard,2026-05-30 18:25:00,199,32.9,Medium,Cloudy,Normal
S003,Student City,2026-05-30 18:30:00,232,23.2,Medium,Cloudy,Normal
S004,Blloku,2026-05-30 18:35:00,285,8,High,Foggy,Normal
S007,Airport Road,2026-05-30 18:40:00,294,8,High,Cloudy,Normal
S006,Zogu i Zi,2026-05-30 18:45:00,239,32.5,Medium,Cloudy,Heavy Traffic
S003,Student City,2026-05-30 18:50:00,226,27.9,Medium,Cloudy,Accident
S004,Blloku,2026-05-30 18:55:00,186,35.7,Medium,Rainy,Normal
S004,Blloku,2026-05-30 19:00:00,81,41.4,Low,Cloudy,Normal
S004,Blloku,2026-05-30 19:05:00,88,35.4,Medium,Rainy,Normal
S002,Ring Road,2026-05-30 19:10:00,113,47.3,Low,Clear,Normal
S001,Tirana Center,2026-05-30 19:15:00,149,19.6,High,Clear,Normal
S003,Student City,2026-05-30 19:20:00,85,50.6,Low,Clear,Normal
S005,Durres Road,2026-05-30 19:25:00,90,43.9,Low,Clear,Normal
S007,Airport Road,2026-05-30 19:30:00,153,27.4,Medium,Clear,Roadwork
S002,Ring Road,2026-05-30 19:35:00,130,46.2,Low,Foggy,Normal
S006,Zogu i Zi,2026-05-30 19:40:00,110,29.2,Medium,Foggy,Normal
S008,New Boulevard,2026-05-30 19:45:00,152,34.9,Medium,Rainy,Normal
S007,Airport Road,2026-05-30 19:50:00,133,39.8,Low,Clear,Normal
S004,Blloku,2026-05-30 19:55:00,96,52.1,Low,Clear,Normal
S004,Blloku,2026-05-30 20:00:00,77,54.9,Low,Rainy,Heavy Traffic
S006,Zogu i Zi,2026-05-30 20:05:00,109,38.7,Low,Rainy,Normal
S006,Zogu i Zi,2026-05-30 20:10:00,101,45.8,Low,Clear,Heavy Traffic
S001,Tirana Center,2026-05-30 20:15:00,150,40.2,Low,Clear,Normal
S007,Airport Road,2026-05-30 20:20:00,116,31.1,Medium,Rainy,Normal
S002,Ring Road,2026-05-30 20:25:00,118,34.3,Medium,Foggy,Roadwork
S002,Ring Road,2026-05-30 20:30:00,70,47.3,Low,Cloudy,Normal
S006,Zogu i Zi,2026-05-30 20:35:00,97,54.2,Low,Foggy,Normal
S001,Tirana Center,2026-05-30 20:40:00,55,42.2,Low,Clear,Normal
S002,Ring Road,2026-05-30 20:45:00,77,41.3,Low,Cloudy,Normal
S003,Student City,2026-05-30 20:50:00,136,35.3,Medium,Rainy,Normal
S007,Airport Road,2026-05-30 20:55:00,121,24.1,Medium,Rainy,Normal
S001,Tirana Center,2026-05-30 21:00:00,91,57.0,Low,Foggy,Normal
S008,New Boulevard,2026-05-30 21:05:00,63,47.4,Low,Clear,Normal
S006,Zogu i Zi,2026-05-30 21:10:00,85,35.1,Medium,Cloudy,Normal
S002,Ring Road,2026-05-30 21:15:00,122,24.5,Medium,Rainy,Normal
S006,Zogu i Zi,2026-05-30 21:20:00,141,42.7,Low,Foggy,Normal
S008,New Boulevard,2026-05-30 21:25:00,102,44.9,Low,Cloudy,Normal
S007,Airport Road,2026-05-30 21:30:00,140,37.2,Medium,Clear,Normal
S008,New Boulevard,2026-05-30 21:35:00,134,18.7,High,Foggy,Roadwork
S002,Ring Road,2026-05-30 21:40:00,125,42.6,Low,Cloudy,Normal
S007,Airport Road,2026-05-30 21:45:00,120,34.5,Medium,Foggy,Roadwork
S005,Durres Road,2026-05-30 21:50:00,90,54.9,Low,Rainy,Roadwork
S001,Tirana Center,2026-05-30 21:55:00,76,36.7,Medium,Cloudy,Normal
S004,Blloku,2026-05-30 22:00:00,121,34.7,Medium,Rainy,Normal
S002,Ring Road,2026-05-30 22:05:00,128,42.3,Low,Rainy,Normal
S001,Tirana Center,2026-05-30 22:10:00,96,33.2,Medium,Clear,Normal
S007,Airport Road,2026-05-30 22:15:00,105,42.4,Low,Rainy,Normal
S002,Ring Road,2026-05-30 22:20:00,153,30.4,Medium,Foggy,Normal
S004,Blloku,2026-05-30 22:25:00,107,34.0,Medium,Foggy,Heavy Traffic
S002,Ring Road,2026-05-30 22:30:00,102,54.0,Low,Clear,Normal
S002,Ring Road,2026-05-30 22:35:00,77,36.4,Medium,Foggy,Normal
S005,Durres Road,2026-05-30 22:40:00,89,42.5,Low,Cloudy,Normal
S002,Ring Road,2026-05-30 22:45:00,57,36.6,Medium,Clear,Normal
S001,Tirana Center,2026-05-30 22:50:00,126,26.3,Medium,Rainy,Normal
S005,Durres Road,2026-05-30 22:55:00,114,25.8,Medium,Clear,Normal
S007,Airport Road,2026-05-30 23:00:00,100,64.0,Low,Foggy,Normal
S006,Zogu i Zi,2026-05-30 23:05:00,64,50.8,Low,Clear,Normal
S005,Durres Road,2026-05-30 23:10:00,88,30.4,Medium,Clear,Roadwork
S004,Blloku,2026-05-30 23:15:00,107,52.0,Low,Rainy,Normal
S005,Durres Road,2026-05-30 23:20:00,158,31.4,Medium,Rainy,Normal
S002,Ring Road,2026-05-30 23:25:00,109,42.8,Low,Rainy,Normal
S001,Tirana Center,2026-05-30 23:30:00,101,35.7,Medium,Foggy,Normal
S003,Student City,2026-05-30 23:35:00,143,43.5,Low,Rainy,Normal
S001,Tirana Center,2026-05-30 23:40:00,70,35.8,Medium,Foggy,Normal
S002,Ring Road,2026-05-30 23:45:00,142,31.5,Medium,Rainy,Normal
S008,New Boulevard,2026-05-30 23:50:00,134,22.1,Medium,Rainy,Normal
S001,Tirana Center,2026-05-30 23:55:00,108,42.6,Low,Cloudy,Normal
S003,Student City,2026-05-31 00:00:00,76,40.3,Low,Foggy,Normal
S008,New Boulevard,2026-05-31 00:05:00,71,54.1,Low,Cloudy,Normal
S002,Ring Road,2026-05-31 00:10:00,52,66.3,Low,Rainy,Normal
S004,Blloku,2026-05-31 00:15:00,111,48.7,Low,Clear,Normal
S006,Zogu i Zi,2026-05-31 00:20:00,147,41.8,Low,Clear,Normal
S002,Ring Road,2026-05-31 00:25:00,183,36.4,Medium,Rainy,Heavy Traffic
S006,Zogu i Zi,2026-05-31 00:30:00,67,59.6,Low,Foggy,Roadwork
S007,Airport Road,2026-05-31 00:35:00,107,57.3,Low,Foggy,Normal
S002,Ring Road,2026-05-31 00:40:00,89,41.7,Low,Rainy,Normal
S001,Tirana Center,2026-05-31 00:45:00,55,57.3,Low,Foggy,Normal
S005,Durres Road,2026-05-31 00:50:00,35,49.7,Low,Clear,Normal
S002,Ring Road,2026-05-31 00:55:00,76,49.6,Low,Clear,Normal
S004,Blloku,2026-05-31 01:00:00,73,28.4,Medium,Foggy,Normal
S005,Durres Road,2026-05-31 01:05:00,139,38.1,Low,Cloudy,Normal
S005,Durres Road,2026-05-31 01:10:00,117,49.7,Low,Rainy,Normal
S006,Zogu i Zi,2026-05-31 01:15:00,162,46.5,Medium,Cloudy,Normal
S008,New Boulevard,2026-05-31 01:20:00,46,70.1,Low,Rainy,Normal
S003,Student City,2026-05-31 01:25:00,100,40.1,Low,Rainy,Normal
S007,Airport Road,2026-05-31 01:30:00,121,25.7,Medium,Rainy,Normal
S007,Airport Road,2026-05-31 01:35:00,100,27.0,Medium,Cloudy,Normal
S001,Tirana Center,2026-05-31 01:40:00,120,22.8,Medium,Clear,Normal
S007,Airport Road,2026-05-31 01:45:00,154,35.2,Medium,Clear,Normal
S006,Zogu i Zi,2026-05-31 01:50:00,109,24.7,Medium,Foggy,Normal
S001,Tirana Center,2026-05-31 01:55:00,96,40.0,Low,Foggy,Normal
S001,Tirana Center,2026-05-31 02:00:00,108,39.0,Low,Cloudy,Normal
S003,Student City,2026-05-31 02:05:00,125,35.4,Medium,Clear,Normal
S004,Blloku,2026-05-31 02:10:00,99,43.1,Low,Cloudy,Normal
S007,Airport Road,2026-05-31 02:15:00,125,31.3,Medium,Clear,Normal
S006,Zogu i Zi,2026-05-31 02:20:00,155,26.8,Medium,Rainy,Normal
S006,Zogu i Zi,2026-05-31 02:25:00,124,40.5,Low,Rainy,Normal
S004,Blloku,2026-05-31 02:30:00,159,15.4,High,Clear,Normal
S005,Durres Road,2026-05-31 02:35:00,121,51.5,Low,Foggy,Normal
S007,Airport Road,2026-05-31 02:40:00,98,47.0,Low,Cloudy,Normal
S005,Durres Road,2026-05-31 02:45:00,39,49.5,Low,Rainy,Normal
S008,New Boulevard,2026-05-31 02:50:00,84,39.1,Low,Cloudy,Normal
S001,Tirana Center,2026-05-31 02:55:00,128,41.3,Low,Cloudy,Normal
S007,Airport Road,2026-05-31 03:00:00,92,45.9,Low,Clear,Normal
S008,New Boulevard,2026-05-31 03:05:00,103,30.8,Medium,Rainy,Normal
S007,Airport Road,2026-05-31 03:10:00,67,42.9,Low,Foggy,Normal
S007,Airport Road,2026-05-31 03:15:00,103,39.9,Low,Rainy,Normal
S006,Zogu i Zi,2026-05-31 03:20:00,121,48.3,Low,Cloudy,Normal
S003,Student City,2026-05-31 03:25:00,107,32.3,Medium,Rainy,Normal
S006,Zogu i Zi,2026-05-31 03:30:00,79,44.9,Low,Rainy,Normal
S004,Blloku,2026-05-31 03:35:00,103,37.1,Medium,Cloudy,Normal
S001,Tirana Center,2026-05-31 03:40:00,98,37.8,Medium,Cloudy,Normal
S004,Blloku,2026-05-31 03:45:00,179,28.3,Medium,Clear,Normal
S007,Airport Road,2026-05-31 03:50:00,57,55.1,Low,Rainy,Normal
S006,Zogu i Zi,2026-05-31 03:55:00,91,46.1,Low,Foggy,Normal
S006,Zogu i Zi,2026-05-31 04:00:00,176,29.4,Medium,Rainy,Normal
S004,Blloku,2026-05-31 04:05:00,69,48.7,Low,Clear,Normal
S005,Durres Road,2026-05-31 04:10:00,100,27.5,Medium,Cloudy,Normal
S001,Tirana Center,2026-05-31 04:15:00,109,44.6,Low,Rainy,Normal
S006,Zogu i Zi,2026-05-31 04:20:00,93,27.5,Medium,Foggy,Heavy Traffic
S007,Airport Road,2026-05-31 04:25:00,83,37.2,Medium,Foggy,Normal
S006,Zogu i Zi,2026-05-31 04:30:00,87,30.9,Medium,Cloudy,Normal
S002,Ring Road,2026-05-31 04:35:00,96,37.6,Medium,Rainy,Normal
S005,Durres Road,2026-05-31 04:40:00,86,36.7,Medium,Cloudy,Roadwork
S007,Airport Road,2026-05-31 04:45:00,121,24.3,Medium,Clear,Normal
S002,Ring Road,2026-05-31 04:50:00,86,37.0,Medium,Clear,Normal
S006,Zogu i Zi,2026-05-31 04:55:00,171,27.8,Medium,Clear,Normal
S002,Ring Road,2026-05-31 05:00:00,94,49.5,Low,Clear,Normal
S002,Ring Road,2026-05-31 05:05:00,77,43.6,Low,Clear,Normal
S006,Zogu i Zi,2026-05-31 05:10:00,169,26.0,Medium,Cloudy,Normal
S005,Durres Road,2026-05-31 05:15:00,76,36.5,Medium,Foggy,Normal
S006,Zogu i Zi,2026-05-31 05:20:00,119,45.5,Low,Clear,Normal
S007,Airport Road,2026-05-31 05:25:00,97,46.9,Low,Foggy,Normal
S003,Student City,2026-05-31 05:30:00,116,41.4,Low,Rainy,Normal
S001,Tirana Center,2026-05-31 05:35:00,88,61.4,Low,Cloudy,Accident
S005,Durres Road,2026-05-31 05:40:00,53,45.3,Low,Foggy,Normal
S004,Blloku,2026-05-31 05:45:00,70,64.0,Low,Foggy,Normal
S008,New Boulevard,2026-05-31 05:50:00,128,35.9,Medium,Cloudy,Normal
S001,Tirana Center,2026-05-31 05:55:00,87,46.2,Low,Foggy,Roadwork
S007,Airport Road,2026-05-31 06:00:00,158,13.6,High,Foggy,Normal
S008,New Boulevard,2026-05-31 06:05:00,175,38.4,Medium,Rainy,Normal
S002,Ring Road,2026-05-31 06:10:00,109,37.1,Medium,Cloudy,Normal
S006,Zogu i Zi,2026-05-31 06:15:00,86,28.9,Medium,Clear,Normal
S006,Zogu i Zi,2026-05-31 06:20:00,29,58.6,Low,Cloudy,Normal
S003,Student City,2026-05-31 06:25:00,68,46.6,Low,Foggy,Normal
S005,Durres Road,2026-05-31 06:30:00,82,29.6,Medium,Clear,Normal
S001,Tirana Center,2026-05-31 06:35:00,80,53.2,Low,Clear,Normal
S003,Student City,2026-05-31 06:40:00,106,52.7,Low,Clear,Normal
S005,Durres Road,2026-05-31 06:45:00,118,41.3,Low,Rainy,Normal
S001,Tirana Center,2026-05-31 06:50:00,101,47.6,Low,Cloudy,Normal
S004,Blloku,2026-05-31 06:55:00,126,34.3,Medium,Rainy,Normal
S004,Blloku,2026-05-31 07:00:00,197,29.5,Medium,Rainy,Normal
S007,Airport Road,2026-05-31 07:05:00,200,33.2,Medium,Rainy,Normal
S005,Durres Road,2026-05-31 07:10:00,211,19.7,High,Clear,Normal
S006,Zogu i Zi,2026-05-31 07:15:00,191,31.1,Medium,Rainy,Normal
S003,Student City,2026-05-31 07:20:00,239,12.8,High,Rainy,Normal
S008,New Boulevard,2026-05-31 07:25:00,245,26.9,Medium,Clear,Normal
S008,New Boulevard,2026-05-31 07:30:00,205,39.5,Medium,Foggy,Normal
S008,New Boulevard,2026-05-31 07:35:00,208,17.7,High,Cloudy,Accident
S004,Blloku,2026-05-31 07:40:00,190,41.1,Medium,Rainy,Roadwork
S008,New Boulevard,2026-05-31 07:45:00,213,28.0,Medium,Clear,Normal
S002,Ring Road,2026-05-31 07:50:00,254,8,High,Cloudy,Normal
S008,New Boulevard,2026-05-31 07:55:00,191,18.5,High,Foggy,Normal
S006,Zogu i Zi,2026-05-31 08:00:00,199,23.6,Medium,Cloudy,Normal
S006,Zogu i Zi,2026-05-31 08:05:00,157,24.1,Medium,Clear,Heavy Traffic
S008,New Boulevard,2026-05-31 08:10:00,272,8,High,Foggy,Normal
S008,New Boulevard,2026-05-31 08:15:00,142,33.2,Medium,Foggy,Normal
S007,Airport Road,2026-05-31 08:20:00,179,22.9,Medium,Rainy,Normal
S008,New Boulevard,2026-05-31 08:25:00,222,41.3,Medium,Cloudy,Normal
S003,Student City,2026-05-31 08:30:00,203,27.4,Medium,Clear,Normal
S001,Tirana Center,2026-05-31 08:35:00,125,28.2,Medium,Cloudy,Normal
S003,Student City,2026-05-31 08:40:00,236,31.1,Medium,Rainy,Normal
S001,Tirana Center,2026-05-31 08:45:00,290,8.9,High,Clear,Normal
S008,New Boulevard,2026-05-31 08:50:00,233,14.6,High,Cloudy,Normal
S008,New Boulevard,2026-05-31 08:55:00,247,22.2,Medium,Foggy,Normal
S003,Student City,2026-05-31 09:00:00,280,8,High,Cloudy,Normal
S005,Durres Road,2026-05-31 09:05:00,300,18.2,High,Cloudy,Normal
S004,Blloku,2026-05-31 09:10:00,199,34.9,Medium,Cloudy,Normal
S008,New Boulevard,2026-05-31 09:15:00,262,11.8,High,Clear,Normal
S008,New Boulevard,2026-05-31 09:20:00,188,23.7,Medium,Cloudy,Heavy Traffic
S001,Tirana Center,2026-05-31 09:25:00,207,27.1,Medium,Foggy,Normal
S002,Ring Road,2026-05-31 09:30:00,212,8,High,Clear,Normal
S001,Tirana Center,2026-05-31 09:35:00,159,29.2,Medium,Rainy,Normal
S007,Airport Road,2026-05-31 09:40:00,203,26.5,Medium,Rainy,Normal
S005,Durres Road,2026-05-31 09:45:00,204,27.6,Medium,Foggy,Heavy Traffic
S001,Tirana Center,2026-05-31 09:50:00,270,14.4,High,Rainy,Normal
S002,Ring Road,2026-05-31 09:55:00,240,23.7,Medium,Foggy,Normal
S008,New Boulevard,2026-05-31 10:00:00,152,30.5,Medium,Foggy,Normal
S002,Ring Road,2026-05-31 10:05:00,85,48.7,Low,Foggy,Normal
S007,Airport Road,2026-05-31 10:10:00,28,41.1,Low,Rainy,Normal
S004,Blloku,2026-05-31 10:15:00,92,27.2,Medium,Cloudy,Normal
S002,Ring Road,2026-05-31 10:20:00,42,63.2,Low,Clear,Normal
S006,Zogu i Zi,2026-05-31 10:25:00,180,31.0,Medium,Foggy,Normal
S001,Tirana Center,2026-05-31 10:30:00,158,39.4,Medium,Cloudy,Normal
S005,Durres Road,2026-05-31 10:35:00,145,21.8,High,Foggy,Roadwork
S005,Durres Road,2026-05-31 10:40:00,56,50.5,Low,Rainy,Normal
S001,Tirana Center,2026-05-31 10:45:00,122,52.6,Low,Rainy,Normal
S005,Durres Road,2026-05-31 10:50:00,119,53.8,Low,Foggy,Normal
S003,Student City,2026-05-31 10:55:00,35,54.6,Low,Cloudy,Normal
S006,Zogu i Zi,2026-05-31 11:00:00,45,53.5,Low,Cloudy,Roadwork
S004,Blloku,2026-05-31 11:05:00,148,26.2,Medium,Foggy,Normal
S005,Durres Road,2026-05-31 11:10:00,71,39.5,Low,Clear,Normal
S005,Durres Road,2026-05-31 11:15:00,83,56.4,Low,Foggy,Normal
S003,Student City,2026-05-31 11:20:00,66,49.6,Low,Foggy,Normal
S002,Ring Road,2026-05-31 11:25:00,167,26.7,Medium,Foggy,Normal
S004,Blloku,2026-05-31 11:30:00,60,46.4,Low,Clear,Normal
S003,Student City,2026-05-31 11:35:00,159,24.4,Medium,Cloudy,Accident
S002,Ring Road,2026-05-31 11:40:00,73,35.9,Medium,Foggy,Normal
S008,New Boulevard,2026-05-31 11:45:00,95,65.3,Low,Cloudy,Heavy Traffic
S007,Airport Road,2026-05-31 11:50:00,153,33.2,Medium,Rainy,Normal
S008,New Boulevard,2026-05-31 11:55:00,154,26.9,Medium,Foggy,Normal
S005,Durres Road,2026-05-31 12:00:00,50,44.9,Low,Foggy,Accident
S008,New Boulevard,2026-05-31 12:05:00,111,48.8,Low,Foggy,Accident
S008,New Boulevard,2026-05-31 12:10:00,107,36.8,Medium,Cloudy,Normal
S004,Blloku,2026-05-31 12:15:00,96,49.1,Low,Clear,Normal
S004,Blloku,2026-05-31 12:20:00,145,41.8,Low,Foggy,Normal
S007,Airport Road,2026-05-31 12:25:00,146,38.7,Low,Rainy,Normal
S004,Blloku,2026-05-31 12:30:00,119,44.5,Low,Foggy,Normal
S004,Blloku,2026-05-31 12:35:00,70,52.5,Low,Rainy,Normal
S002,Ring Road,2026-05-31 12:40:00,97,40.1,Low,Clear,Roadwork
S001,Tirana Center,2026-05-31 12:45:00,86,38.3,Low,Cloudy,Accident
S002,Ring Road,2026-05-31 12:50:00,95,55.3,Low,Clear,Normal
S002,Ring Road,2026-05-31 12:55:00,73,43.2,Low,Cloudy,Heavy Traffic
S003,Student City,2026-05-31 13:00:00,94,51.0,Low,Cloudy,Heavy Traffic
S003,Student City,2026-05-31 13:05:00,153,31.5,Medium,Clear,Normal
S002,Ring Road,2026-05-31 13:10:00,74,42.7,Low,Foggy,Normal
S007,Airport Road,2026-05-31 13:15:00,95,37.2,Medium,Clear,Heavy Traffic
S004,Blloku,2026-05-31 13:20:00,107,40.3,Low,Foggy,Roadwork
S002,Ring Road,2026-05-31 13:25:00,110,46.8,Low,Clear,Normal
S001,Tirana Center,2026-05-31 13:30:00,81,55.3,Low,Foggy,Normal
S001,Tirana Center,2026-05-31 13:35:00,103,33.5,Medium,Rainy,Normal
S003,Student City,2026-05-31 13:40:00,108,46.9,Low,Clear,Normal
S007,Airport Road,2026-05-31 13:45:00,91,40.6,Low,Foggy,Normal
S004,Blloku,2026-05-31 13:50:00,73,57.1,Low,Cloudy,Normal
S004,Blloku,2026-05-31 13:55:00,42,58.2,Low,Rainy,Normal
S006,Zogu i Zi,2026-05-31 14:00:00,49,46.7,Low,Foggy,Normal
S008,New Boulevard,2026-05-31 14:05:00,66,35.1,Medium,Clear,Normal
S002,Ring Road,2026-05-31 14:10:00,97,46.0,Low,Clear,Normal
S004,Blloku,2026-05-31 14:15:00,88,39.1,Low,Foggy,Normal
S003,Student City,2026-05-31 14:20:00,86,53.2,Low,Cloudy,Normal
S002,Ring Road,2026-05-31 14:25:00,169,28.6,Medium,Clear,Normal
S001,Tirana Center,2026-05-31 14:30:00,87,62.4,Low,Cloudy,Normal
S001,Tirana Center,2026-05-31 14:35:00,124,32.8,Medium,Rainy,Normal
S004,Blloku,2026-05-31 14:40:00,110,29.6,Medium,Clear,Normal
S003,Student City,2026-05-31 14:45:00,85,38.9,Low,Clear,Normal
S004,Blloku,2026-05-31 14:50:00,100,44.9,Low,Foggy,Normal
S006,Zogu i Zi,2026-05-31 14:55:00,100,29.9,Medium,Clear,Normal
S002,Ring Road,2026-05-31 15:00:00,47,59.3,Low,Rainy,Normal
S008,New Boulevard,2026-05-31 15:05:00,115,41.4,Low,Rainy,Normal
S001,Tirana Center,2026-05-31 15:10:00,112,33.4,Medium,Clear,Normal
S008,New Boulevard,2026-05-31 15:15:00,101,29.3,Medium,Clear,Normal
S006,Zogu i Zi,2026-05-31 15:20:00,128,49.0,Low,Cloudy,Roadwork
S001,Tirana Center,2026-05-31 15:25:00,145,32.4,Medium,Cloudy,Normal
S003,Student City,2026-05-31 15:30:00,65,41.0,Low,Rainy,Normal
S008,New Boulevard,2026-05-31 15:35:00,104,31.0,Medium,Foggy,Normal
S008,New Boulevard,2026-05-31 15:40:00,120,37.5,Medium,Cloudy,Normal
S004,Blloku,2026-05-31 15:45:00,114,21.4,High,Cloudy,Normal
S004,Blloku,2026-05-31 15:50:00,80,47.5,Low,Cloudy,Normal
S004,Blloku,2026-05-31 15:55:00,41,47.4,Low,Foggy,Normal
S008,New Boulevard,2026-05-31 16:00:00,183,42.3,Medium,Rainy,Normal
S001,Tirana Center,2026-05-31 16:05:00,206,33.3,Medium,Cloudy,Normal
S001,Tirana Center,2026-05-31 16:10:00,146,24.9,Medium,Foggy,Accident
S001,Tirana Center,2026-05-31 16:15:00,203,38.9,Medium,Cloudy,Normal
S008,New Boulevard,2026-05-31 16:20:00,208,24.2,Medium,Rainy,Normal
S003,Student City,2026-05-31 16:25:00,154,39.8,Medium,Rainy,Normal
S004,Blloku,2026-05-31 16:30:00,179,30.3,Medium,Rainy,Normal
S005,Durres Road,2026-05-31 16:35:00,189,32.2,Medium,Cloudy,Normal
S006,Zogu i Zi,2026-05-31 16:40:00,217,28.8,Medium,Cloudy,Heavy Traffic
S002,Ring Road,2026-05-31 16:45:00,212,29.6,Medium,Foggy,Normal
S008,New Boulevard,2026-05-31 16:50:00,175,24.7,Medium,Foggy,Heavy Traffic
S002,Ring Road,2026-05-31 16:55:00,169,26.2,Medium,Cloudy,Normal
S004,Blloku,2026-05-31 17:00:00,249,8,High,Clear,Normal
S003,Student City,2026-05-31 17:05:00,269,11.6,High,Rainy,Normal
S001,Tirana Center,2026-05-31 17:10:00,247,21.0,High,Foggy,Normal
S005,Durres Road,2026-05-31 17:15:00,202,32.4,Medium,Clear,Normal
S004,Blloku,2026-05-31 17:20:00,165,36.5,Medium,Rainy,Roadwork
S002,Ring Road,2026-05-31 17:25:00,234,8,High,Rainy,Heavy Traffic
S006,Zogu i Zi,2026-05-31 17:30:00,258,18.6,High,Rainy,Normal
S004,Blloku,2026-05-31 17:35:00,202,21.9,High,Rainy,Normal
S002,Ring Road,2026-05-31 17:40:00,161,50.9,Medium,Rainy,Normal
S001,Tirana Center,2026-05-31 17:45:00,255,21.6,High,Clear,Normal
S004,Blloku,2026-05-31 17:50:00,250,10.8,High,Cloudy,Normal
S005,Durres Road,2026-05-31 17:55:00,199,8.0,High,Foggy,Normal
S002,Ring Road,2026-05-31 18:00:00,224,17.7,High,Rainy,Normal
S004,Blloku,2026-05-31 18:05:00,215,17.9,High,Cloudy,Normal
S007,Airport Road,2026-05-31 18:10:00,219,29.4,Medium,Cloudy,Heavy Traffic
S003,Student City,2026-05-31 18:15:00,209,40.8,Medium,Foggy,Normal
S007,Airport Road,2026-05-31 18:20:00,258,11.1,High,Cloudy,Normal
S001,Tirana Center,2026-05-31 18:25:00,169,14.8,High,Cloudy,Normal
S006,Zogu i Zi,2026-05-31 18:30:00,242,20.0,High,Clear,Normal
S003,Student City,2026-05-31 18:35:00,201,21.3,High,Cloudy,Normal
S005,Durres Road,2026-05-31 18:40:00,225,28.6,Medium,Foggy,Normal
S003,Student City,2026-05-31 18:45:00,173,17.6,High,Foggy,Normal
S006,Zogu i Zi,2026-05-31 18:50:00,205,33.1,Medium,Cloudy,Normal
S006,Zogu i Zi,2026-05-31 18:55:00,253,28.7,High,Clear,Normal
S005,Durres Road,2026-05-31 19:00:00,164,30.7,Medium,Foggy,Normal
S008,New Boulevard,2026-05-31 19:05:00,44,54.0,Low,Cloudy,Normal
S006,Zogu i Zi,2026-05-31 19:10:00,124,36.6,Medium,Rainy,Normal
S003,Student City,2026-05-31 19:15:00,131,25.6,Medium,Clear,Normal
S005,Durres Road,2026-05-31 19:20:00,148,35.2,Medium,Clear,Normal
S006,Zogu i Zi,2026-05-31 19:25:00,125,34.8,Medium,Rainy,Normal
S002,Ring Road,2026-05-31 19:30:00,78,37.6,Medium,Rainy,Normal
S004,Blloku,2026-05-31 19:35:00,93,44.5,Low,Clear,Normal
S001,Tirana Center,2026-05-31 19:40:00,49,50.1,Low,Clear,Normal
S001,Tirana Center,2026-05-31 19:45:00,118,43.8,Low,Foggy,Normal
S006,Zogu i Zi,2026-05-31 19:50:00,155,30.5,Medium,Foggy,Roadwork
S007,Airport Road,2026-05-31 19:55:00,95,46.3,Low,Rainy,Normal
S007,Airport Road,2026-05-31 20:00:00,111,28.1,Medium,Rainy,Roadwork
S002,Ring Road,2026-05-31 20:05:00,73,41.1,Low,Clear,Normal
S007,Airport Road,2026-05-31 20:10:00,124,52.6,Low,Foggy,Roadwork
S007,Airport Road,2026-05-31 20:15:00,140,30.9,Medium,Foggy,Normal
S002,Ring Road,2026-05-31 20:20:00,94,58.9,Low,Cloudy,Normal
S004,Blloku,2026-05-31 20:25:00,116,49.6,Low,Cloudy,Normal
S007,Airport Road,2026-05-31 20:30:00,55,58.9,Low,Cloudy,Normal
S003,Student City,2026-05-31 20:35:00,116,35.4,Medium,Cloudy,Normal
S006,Zogu i Zi,2026-05-31 20:40:00,161,30.5,Medium,Rainy,Normal
S006,Zogu i Zi,2026-05-31 20:45:00,161,25.1,Medium,Cloudy,Normal
S003,Student City,2026-05-31 20:50:00,141,30.0,Medium,Foggy,Normal
S005,Durres Road,2026-05-31 20:55:00,116,32.1,Medium,Foggy,Normal
S002,Ring Road,2026-05-31 21:00:00,111,35.1,Medium,Foggy,Normal
S005,Durres Road,2026-05-31 21:05:00,90,55.9,Low,Rainy,Normal
S004,Blloku,2026-05-31 21:10:00,75,32.5,Medium,Cloudy,Normal
S001,Tirana Center,2026-05-31 21:15:00,33,55.2,Low,Cloudy,Normal
S004,Blloku,2026-05-31 21:20:00,120,43.8,Low,Clear,Normal
S006,Zogu i Zi,2026-05-31 21:25:00,159,33.6,Medium,Foggy,Normal
S003,Student City,2026-05-31 21:30:00,58,53.8,Low,Cloudy,Normal
S004,Blloku,2026-05-31 21:35:00,168,24.3,Medium,Foggy,Normal
S006,Zogu i Zi,2026-05-31 21:40:00,163,16.2,High,Cloudy,Normal
S007,Airport Road,2026-05-31 21:45:00,79,43.9,Low,Cloudy,Heavy Traffic
S003,Student City,2026-05-31 21:50:00,96,48.9,Low,Clear,Normal
S005,Durres Road,2026-05-31 21:55:00,61,28.8,Medium,Foggy,Normal
S005,Durres Road,2026-05-31 22:00:00,41,61.5,Low,Clear,Heavy Traffic
S003,Student City,2026-05-31 22:05:00,103,24.2,Medium,Foggy,Normal
S001,Tirana Center,2026-05-31 22:10:00,155,37.0,Medium,Foggy,Normal
S005,Durres Road,2026-05-31 22:15:00,21,63.0,Low,Foggy,Normal
S002,Ring Road,2026-05-31 22:20:00,64,51.9,Low,Foggy,Normal
S004,Blloku,2026-05-31 22:25:00,90,45.4,Low,Foggy,Normal
S001,Tirana Center,2026-05-31 22:30:00,85,45.2,Low,Foggy,Normal
S002,Ring Road,2026-05-31 22:35:00,122,34.2,Medium,Rainy,Normal
S004,Blloku,2026-05-31 22:40:00,157,35.3,Medium,Foggy,Normal
S001,Tirana Center,2026-05-31 22:45:00,95,41.8,Low,Rainy,Normal
S007,Airport Road,2026-05-31 22:50:00,125,38.0,Medium,Rainy,Normal
S004,Blloku,2026-05-31 22:55:00,179,27.2,Medium,Clear,Normal
S002,Ring Road,2026-05-31 23:00:00,92,36.5,Medium,Clear,Normal
S008,New Boulevard,2026-05-31 23:05:00,61,59.4,Low,Clear,Roadwork
S008,New Boulevard,2026-05-31 23:10:00,65,34.1,Medium,Cloudy,Normal
S003,Student City,2026-05-31 23:15:00,83,45.4,Low,Rainy,Roadwork
S003,Student City,2026-05-31 23:20:00,63,41.1,Low,Clear,Normal
S004,Blloku,2026-05-31 23:25:00,101,43.2,Low,Cloudy,Normal
S007,Airport Road,2026-05-31 23:30:00,198,28.1,Medium,Cloudy,Normal
S005,Durres Road,2026-05-31 23:35:00,47,58.4,Low,Foggy,Normal
S003,Student City,2026-05-31 23:40:00,146,24.7,Medium,Cloudy,Normal
S003,Student City,2026-05-31 23:45:00,101,46.5,Low,Cloudy,Heavy Traffic
S006,Zogu i Zi,2026-05-31 23:50:00,63,55.0,Low,Rainy,Normal
S001,Tirana Center,2026-05-31 23:55:00,86,38.1,Low,Rainy,Normal
S005,Durres Road,2026-06-01 00:00:00,103,49.2,Low,Rainy,Normal
S002,Ring Road,2026-06-01 00:05:00,81,36.9,Medium,Foggy,Normal
S007,Airport Road,2026-06-01 00:10:00,163,38.6,Medium,Foggy,Normal
S003,Student City,2026-06-01 00:15:00,121,44.8,Low,Clear,Normal
S001,Tirana Center,2026-06-01 00:20:00,71,28.7,Medium,Rainy,Normal
S002,Ring Road,2026-06-01 00:25:00,102,37.3,Medium,Cloudy,Normal
S003,Student City,2026-06-01 00:30:00,146,40.7,Low,Cloudy,Normal
S008,New Boulevard,2026-06-01 00:35:00,129,20.5,High,Clear,Normal
S004,Blloku,2026-06-01 00:40:00,129,28.6,Medium,Clear,Normal
S001,Tirana Center,2026-06-01 00:45:00,108,39.7,Low,Rainy,Heavy Traffic
S008,New Boulevard,2026-06-01 00:50:00,73,48.9,Low,Cloudy,Normal
S007,Airport Road,2026-06-01 00:55:00,96,35.7,Medium,Foggy,Normal
S007,Airport Road,2026-06-01 01:00:00,101,48.9,Low,Clear,Heavy Traffic
S003,Student City,2026-06-01 01:05:00,112,37.6,Medium,Rainy,Normal
S004,Blloku,2026-06-01 01:10:00,73,47.8,Low,Rainy,Normal
S004,Blloku,2026-06-01 01:15:00,64,38.1,Low,Clear,Normal
S004,Blloku,2026-06-01 01:20:00,127,34.9,Medium,Foggy,Normal
S003,Student City,2026-06-01 01:25:00,61,46.2,Low,Rainy,Heavy Traffic
S006,Zogu i Zi,2026-06-01 01:30:00,105,41.8,Low,Clear,Normal
S006,Zogu i Zi,2026-06-01 01:35:00,77,36.3,Medium,Cloudy,Normal
S008,New Boulevard,2026-06-01 01:40:00,80,33.4,Medium,Foggy,Normal
S008,New Boulevard,2026-06-01 01:45:00,67,48.1,Low,Foggy,Normal
S002,Ring Road,2026-06-01 01:50:00,171,34.2,Medium,Clear,Normal
S001,Tirana Center,2026-06-01 01:55:00,79,45.7,Low,Cloudy,Normal
S001,Tirana Center,2026-06-01 02:00:00,91,38.8,Low,Rainy,Normal
S008,New Boulevard,2026-06-01 02:05:00,74,45.8,Low,Clear,Normal
S006,Zogu i Zi,2026-06-01 02:10:00,69,49.7,Low,Cloudy,Normal
S007,Airport Road,2026-06-01 02:15:00,99,44.2,Low,Rainy,Normal
S006,Zogu i Zi,2026-06-01 02:20:00,53,41.1,Low,Clear,Normal
S002,Ring Road,2026-06-01 02:25:00,166,28.6,Medium,Clear,Roadwork
S007,Airport Road,2026-06-01 02:30:00,77,28.4,Medium,Foggy,Normal
S007,Airport Road,2026-06-01 02:35:00,65,48.0,Low,Foggy,Normal
S005,Durres Road,2026-06-01 02:40:00,87,50.6,Low,Clear,Normal
S005,Durres Road,2026-06-01 02:45:00,130,22.0,Medium,Clear,Normal
S004,Blloku,2026-06-01 02:50:00,93,39.9,Low,Foggy,Roadwork
S003,Student City,2026-06-01 02:55:00,106,49.9,Low,Foggy,Normal
S007,Airport Road,2026-06-01 03:00:00,83,51.6,Low,Rainy,Normal
S004,Blloku,2026-06-01 03:05:00,91,29.9,Medium,Cloudy,Accident
S004,Blloku,2026-06-01 03:10:00,132,33.4,Medium,Rainy,Roadwork
S008,New Boulevard,2026-06-01 03:15:00,167,35.6,Medium,Foggy,Normal
S003,Student City,2026-06-01 03:20:00,81,26.6,Medium,Rainy,Normal
S004,Blloku,2026-06-01 03:25:00,130,29.3,Medium,Clear,Heavy Traffic
S008,New Boulevard,2026-06-01 03:30:00,154,41.2,Medium,Foggy,Normal
S008,New Boulevard,2026-06-01 03:35:00,79,47.8,Low,Cloudy,Normal
S002,Ring Road,2026-06-01 03:40:00,92,30.2,Medium,Foggy,Normal
S007,Airport Road,2026-06-01 03:45:00,112,40.9,Low,Clear,Normal
S004,Blloku,2026-06-01 03:50:00,47,39.0,Low,Cloudy,Normal
S003,Student City,2026-06-01 03:55:00,39,54.8,Low,Rainy,Normal
S008,New Boulevard,2026-06-01 04:00:00,127,50.1,Low,Cloudy,Normal
S005,Durres Road,2026-06-01 04:05:00,140,52.3,Low,Clear,Accident
S002,Ring Road,2026-06-01 04:10:00,97,45.9,Low,Clear,Normal
S007,Airport Road,2026-06-01 04:15:00,81,36.4,Medium,Foggy,Normal
S003,Student City,2026-06-01 04:20:00,96,46.3,Low,Clear,Normal
S008,New Boulevard,2026-06-01 04:25:00,48,71.1,Low,Clear,Heavy Traffic
S007,Airport Road,2026-06-01 04:30:00,104,50.5,Low,Cloudy,Normal
S002,Ring Road,2026-06-01 04:35:00,110,32.5,Medium,Cloudy,Normal
S003,Student City,2026-06-01 04:40:00,114,47.1,Low,Rainy,Normal
S002,Ring Road,2026-06-01 04:45:00,110,38.8,Low,Foggy,Normal
S001,Tirana Center,2026-06-01 04:50:00,64,49.2,Low,Foggy,Normal
S003,Student City,2026-06-01 04:55:00,79,41.4,Low,Rainy,Normal
S005,Durres Road,2026-06-01 05:00:00,144,19.3,High,Rainy,Normal
S006,Zogu i Zi,2026-06-01 05:05:00,128,43.1,Low,Clear,Normal
S007,Airport Road,2026-06-01 05:10:00,122,38.5,Low,Foggy,Heavy Traffic
S008,New Boulevard,2026-06-01 05:15:00,107,33.6,Medium,Rainy,Heavy Traffic
S002,Ring Road,2026-06-01 05:20:00,110,41.6,Low,Cloudy,Normal
S006,Zogu i Zi,2026-06-01 05:25:00,143,44.4,Low,Clear,Normal
S001,Tirana Center,2026-06-01 05:30:00,111,48.5,Low,Rainy,Normal
S006,Zogu i Zi,2026-06-01 05:35:00,141,52.0,Low,Rainy,Heavy Traffic
S005,Durres Road,2026-06-01 05:40:00,57,62.1,Low,Rainy,Heavy Traffic
S008,New Boulevard,2026-06-01 05:45:00,41,61.7,Low,Clear,Normal
S002,Ring Road,2026-06-01 05:50:00,41,48.9,Low,Rainy,Normal
S002,Ring Road,2026-06-01 05:55:00,50,45.0,Low,Cloudy,Normal
S008,New Boulevard,2026-06-01 06:00:00,115,59.3,Low,Clear,Normal
S002,Ring Road,2026-06-01 06:05:00,87,35.0,Medium,Cloudy,Roadwork
S007,Airport Road,2026-06-01 06:10:00,111,49.1,Low,Rainy,Roadwork
S002,Ring Road,2026-06-01 06:15:00,162,31.3,Medium,Clear,Normal
S003,Student City,2026-06-01 06:20:00,137,30.1,Medium,Foggy,Normal
S004,Blloku,2026-06-01 06:25:00,63,32.6,Medium,Rainy,Normal
S006,Zogu i Zi,2026-06-01 06:30:00,55,55.7,Low,Cloudy,Normal
S008,New Boulevard,2026-06-01 06:35:00,71,47.1,Low,Foggy,Normal
S004,Blloku,2026-06-01 06:40:00,130,38.0,Medium,Cloudy,Normal
S008,New Boulevard,2026-06-01 06:45:00,146,22.7,Medium,Clear,Normal
S001,Tirana Center,2026-06-01 06:50:00,126,30.8,Medium,Rainy,Normal
S008,New Boulevard,2026-06-01 06:55:00,188,29.6,Medium,Rainy,Normal
S006,Zogu i Zi,2026-06-01 07:00:00,135,52.6,Low,Cloudy,Normal
S002,Ring Road,2026-06-01 07:05:00,232,16.1,High,Rainy,Normal
S007,Airport Road,2026-06-01 07:10:00,252,9.3,High,Rainy,Normal
S008,New Boulevard,2026-06-01 07:15:00,194,30.8,Medium,Rainy,Normal
S008,New Boulevard,2026-06-01 07:20:00,226,25.6,Medium,Rainy,Normal
S002,Ring Road,2026-06-01 07:25:00,172,37.2,Medium,Rainy,Heavy Traffic
S003,Student City,2026-06-01 07:30:00,251,12.6,High,Rainy,Normal
S005,Durres Road,2026-06-01 07:35:00,182,23.9,Medium,Foggy,Normal
S006,Zogu i Zi,2026-06-01 07:40:00,283,26.1,High,Rainy,Normal
S001,Tirana Center,2026-06-01 07:45:00,196,15.3,High,Cloudy,Normal
S006,Zogu i Zi,2026-06-01 07:50:00,221,26.0,Medium,Clear,Normal
S001,Tirana Center,2026-06-01 07:55:00,199,27.2,Medium,Clear,Normal
S005,Durres Road,2026-06-01 08:00:00,238,10.2,High,Cloudy,Normal
S005,Durres Road,2026-06-01 08:05:00,186,23.8,Medium,Clear,Normal
S008,New Boulevard,2026-06-01 08:10:00,235,25.9,Medium,Foggy,Normal
S005,Durres Road,2026-06-01 08:15:00,246,26.3,Medium,Cloudy,Normal
S004,Blloku,2026-06-01 08:20:00,274,22.4,High,Foggy,Normal
S006,Zogu i Zi,2026-06-01 08:25:00,180,25.7,Medium,Cloudy,Normal
S003,Student City,2026-06-01 08:30:00,197,26.3,Medium,Foggy,Normal
S008,New Boulevard,2026-06-01 08:35:00,200,31.9,Medium,Clear,Normal
S005,Durres Road,2026-06-01 08:40:00,253,8,High,Clear,Normal
S006,Zogu i Zi,2026-06-01 08:45:00,177,35.5,Medium,Rainy,Normal
S001,Tirana Center,2026-06-01 08:50:00,182,39.6,Medium,Foggy,Normal
S004,Blloku,2026-06-01 08:55:00,249,15.4,High,Clear,Normal
S002,Ring Road,2026-06-01 09:00:00,224,8.5,High,Cloudy,Normal
S003,Student City,2026-06-01 09:05:00,111,49.3,Low,Clear,Normal
S001,Tirana Center,2026-06-01 09:10:00,303,8,High,Clear,Normal
S007,Airport Road,2026-06-01 09:15:00,237,15.9,High,Foggy,Accident
S001,Tirana Center,2026-06-01 09:20:00,244,27.4,Medium,Rainy,Normal
S006,Zogu i Zi,2026-06-01 09:25:00,170,29.4,Medium,Foggy,Normal
S003,Student City,2026-06-01 09:30:00,193,45.2,Medium,Clear,Normal
S006,Zogu i Zi,2026-06-01 09:35:00,218,18.9,High,Clear,Normal
S004,Blloku,2026-06-01 09:40:00,252,23.7,High,Cloudy,Normal
S008,New Boulevard,2026-06-01 09:45:00,256,8,High,Foggy,Normal
S005,Durres Road,2026-06-01 09:50:00,188,31.5,Medium,Foggy,Accident
S002,Ring Road,2026-06-01 09:55:00,294,8,High,Rainy,Normal
S008,New Boulevard,2026-06-01 10:00:00,87,38.1,Low,Clear,Normal
S008,New Boulevard,2026-06-01 10:05:00,102,51.9,Low,Cloudy,Normal
S002,Ring Road,2026-06-01 10:10:00,87,63.3,Low,Foggy,Normal
S004,Blloku,2026-06-01 10:15:00,169,30.3,Medium,Cloudy,Heavy Traffic
S004,Blloku,2026-06-01 10:20:00,119,46.6,Low,Foggy,Normal
S003,Student City,2026-06-01 10:25:00,133,49.5,Low,Cloudy,Normal
S007,Airport Road,2026-06-01 10:30:00,152,46.3,Medium,Cloudy,Roadwork
S001,Tirana Center,2026-06-01 10:35:00,152,31.4,Medium,Rainy,Heavy Traffic
S003,Student City,2026-06-01 10:40:00,126,36.4,Medium,Cloudy,Normal
S003,Student City,2026-06-01 10:45:00,159,26.3,Medium,Clear,Normal
S002,Ring Road,2026-06-01 10:50:00,85,33.7,Medium,Rainy,Normal
S001,Tirana Center,2026-06-01 10:55:00,52,42.9,Low,Clear,Normal
S008,New Boulevard,2026-06-01 11:00:00,159,22.7,Medium,Cloudy,Normal
S006,Zogu i Zi,2026-06-01 11:05:00,88,56.3,Low,Clear,Normal
S003,Student City,2026-06-01 11:10:00,78,34.0,Medium,Rainy,Accident
S004,Blloku,2026-06-01 11:15:00,114,55.5,Low,Rainy,Normal
S006,Zogu i Zi,2026-06-01 11:20:00,90,47.1,Low,Rainy,Roadwork
S004,Blloku,2026-06-01 11:25:00,125,30.2,Medium,Clear,Normal
S004,Blloku,2026-06-01 11:30:00,135,30.5,Medium,Clear,Normal
S007,Airport Road,2026-06-01 11:35:00,173,16.9,High,Rainy,Roadwork
S001,Tirana Center,2026-06-01 11:40:00,100,45.3,Low,Rainy,Normal
S007,Airport Road,2026-06-01 11:45:00,109,32.3,Medium,Foggy,Normal
S006,Zogu i Zi,2026-06-01 11:50:00,104,33.2,Medium,Rainy,Normal
S006,Zogu i Zi,2026-06-01 11:55:00,90,50.5,Low,Foggy,Accident
S001,Tirana Center,2026-06-01 12:00:00,152,17.2,High,Foggy,Normal
S002,Ring Road,2026-06-01 12:05:00,51,47.0,Low,Rainy,Normal
S005,Durres Road,2026-06-01 12:10:00,142,39.7,Low,Clear,Normal
S001,Tirana Center,2026-06-01 12:15:00,157,34.9,Medium,Cloudy,Normal
S004,Blloku,2026-06-01 12:20:00,117,37.8,Medium,Rainy,Roadwork
S004,Blloku,2026-06-01 12:25:00,60,38.8,Low,Clear,Normal
S002,Ring Road,2026-06-01 12:30:00,118,35.3,Medium,Cloudy,Normal
S001,Tirana Center,2026-06-01 12:35:00,153,28.0,Medium,Clear,Normal
S004,Blloku,2026-06-01 12:40:00,132,36.5,Medium,Cloudy,Normal
S005,Durres Road,2026-06-01 12:45:00,79,35.9,Medium,Clear,Normal
S002,Ring Road,2026-06-01 12:50:00,84,46.4,Low,Rainy,Normal
S001,Tirana Center,2026-06-01 12:55:00,145,34.7,Medium,Cloudy,Normal
S005,Durres Road,2026-06-01 13:00:00,84,32.7,Medium,Rainy,Normal
S001,Tirana Center,2026-06-01 13:05:00,64,40.3,Low,Foggy,Normal
S002,Ring Road,2026-06-01 13:10:00,103,40.4,Low,Foggy,Normal
S002,Ring Road,2026-06-01 13:15:00,131,19.5,High,Rainy,Normal
S008,New Boulevard,2026-06-01 13:20:00,152,30.5,Medium,Foggy,Normal
S003,Student City,2026-06-01 13:25:00,96,41.9,Low,Foggy,Normal
S004,Blloku,2026-06-01 13:30:00,100,25.0,Medium,Rainy,Normal
S008,New Boulevard,2026-06-01 13:35:00,91,47.3,Low,Foggy,Normal
S007,Airport Road,2026-06-01 13:40:00,98,22.7,Medium,Clear,Normal
S008,New Boulevard,2026-06-01 13:45:00,113,38.5,Low,Cloudy,Normal
S003,Student City,2026-06-01 13:50:00,126,44.0,Low,Foggy,Normal
S002,Ring Road,2026-06-01 13:55:00,97,42.3,Low,Clear,Normal
S001,Tirana Center,2026-06-01 14:00:00,52,57.7,Low,Rainy,Normal
S007,Airport Road,2026-06-01 14:05:00,140,35.5,Medium,Clear,Normal
S007,Airport Road,2026-06-01 14:10:00,76,38.8,Low,Cloudy,Accident
S006,Zogu i Zi,2026-06-01 14:15:00,79,46.0,Low,Foggy,Normal
S003,Student City,2026-06-01 14:20:00,38,53.0,Low,Clear,Heavy Traffic
S003,Student City,2026-06-01 14:25:00,117,28.3,Medium,Foggy,Normal
S008,New Boulevard,2026-06-01 14:30:00,94,54.4,Low,Foggy,Normal
S007,Airport Road,2026-06-01 14:35:00,57,57.0,Low,Clear,Normal
S004,Blloku,2026-06-01 14:40:00,79,50.3,Low,Cloudy,Normal
S008,New Boulevard,2026-06-01 14:45:00,84,34.5,Medium,Rainy,Normal
S008,New Boulevard,2026-06-01 14:50:00,138,8.2,High,Clear,Normal
S005,Durres Road,2026-06-01 14:55:00,118,38.6,Low,Clear,Normal
S003,Student City,2026-06-01 15:00:00,134,32.8,Medium,Foggy,Normal
S006,Zogu i Zi,2026-06-01 15:05:00,108,39.4,Low,Clear,Normal
S008,New Boulevard,2026-06-01 15:10:00,90,29.5,Medium,Foggy,Normal
S005,Durres Road,2026-06-01 15:15:00,72,47.1,Low,Cloudy,Normal
S001,Tirana Center,2026-06-01 15:20:00,85,58.5,Low,Clear,Normal
S007,Airport Road,2026-06-01 15:25:00,92,45.6,Low,Cloudy,Normal
S008,New Boulevard,2026-06-01 15:30:00,39,51.2,Low,Cloudy,Normal
S002,Ring Road,2026-06-01 15:35:00,142,46.3,Low,Rainy,Normal
S008,New Boulevard,2026-06-01 15:40:00,115,51.1,Low,Clear,Heavy Traffic
S003,Student City,2026-06-01 15:45:00,129,44.1,Low,Clear,Normal
S003,Student City,2026-06-01 15:50:00,138,36.6,Medium,Clear,Normal
S005,Durres Road,2026-06-01 15:55:00,29,52.6,Low,Rainy,Normal
S002,Ring Road,2026-06-01 16:00:00,212,41.7,Medium,Foggy,Normal
S002,Ring Road,2026-06-01 16:05:00,200,11.2,High,Clear,Normal
S005,Durres Road,2026-06-01 16:10:00,206,28.0,Medium,Clear,Normal
S006,Zogu i Zi,2026-06-01 16:15:00,286,16.8,High,Rainy,Normal
S002,Ring Road,2026-06-01 16:20:00,166,29.6,Medium,Rainy,Heavy Traffic
S007,Airport Road,2026-06-01 16:25:00,171,8,High,Cloudy,Roadwork
S004,Blloku,2026-06-01 16:30:00,228,27.3,Medium,Foggy,Normal
S002,Ring Road,2026-06-01 16:35:00,236,15.5,High,Clear,Normal
S006,Zogu i Zi,2026-06-01 16:40:00,211,30.7,Medium,Cloudy,Normal
S006,Zogu i Zi,2026-06-01 16:45:00,190,8,High,Foggy,Normal
S006,Zogu i Zi,2026-06-01 16:50:00,189,36.8,Medium,Rainy,Accident
S007,Airport Road,2026-06-01 16:55:00,255,8,High,Foggy,Heavy Traffic
S004,Blloku,2026-06-01 17:00:00,231,26.6,Medium,Cloudy,Roadwork
S005,Durres Road,2026-06-01 17:05:00,214,31.8,Medium,Rainy,Normal
S006,Zogu i Zi,2026-06-01 17:10:00,183,33.0,Medium,Cloudy,Normal
S008,New Boulevard,2026-06-01 17:15:00,200,27.0,Medium,Rainy,Normal
S006,Zogu i Zi,2026-06-01 17:20:00,253,23.9,High,Clear,Normal
S002,Ring Road,2026-06-01 17:25:00,203,29.1,Medium,Foggy,Normal
S008,New Boulevard,2026-06-01 17:30:00,225,32.1,Medium,Clear,Normal
S007,Airport Road,2026-06-01 17:35:00,227,22.2,Medium,Cloudy,Normal
S004,Blloku,2026-06-01 17:40:00,182,33.7,Medium,Rainy,Normal
S006,Zogu i Zi,2026-06-01 17:45:00,163,20.8,High,Cloudy,Normal
S003,Student City,2026-06-01 17:50:00,174,32.4,Medium,Cloudy,Normal
S008,New Boulevard,2026-06-01 17:55:00,176,23.9,Medium,Foggy,Normal
S005,Durres Road,2026-06-01 18:00:00,276,8,High,Cloudy,Normal
S005,Durres Road,2026-06-01 18:05:00,205,20.2,High,Foggy,Normal
S001,Tirana Center,2026-06-01 18:10:00,254,15.1,High,Foggy,Normal
S005,Durres Road,2026-06-01 18:15:00,231,30.9,Medium,Foggy,Normal
S003,Student City,2026-06-01 18:20:00,197,12.9,High,Foggy,Normal
S004,Blloku,2026-06-01 18:25:00,222,27.6,Medium,Cloudy,Normal
S001,Tirana Center,2026-06-01 18:30:00,225,31.2,Medium,Cloudy,Normal
S007,Airport Road,2026-06-01 18:35:00,146,38.1,Low,Cloudy,Normal
S008,New Boulevard,2026-06-01 18:40:00,214,16.8,High,Clear,Normal
S003,Student City,2026-06-01 18:45:00,201,26.4,Medium,Foggy,Normal
S007,Airport Road,2026-06-01 18:50:00,217,33.7,Medium,Clear,Normal
S001,Tirana Center,2026-06-01 18:55:00,151,32.6,Medium,Foggy,Heavy Traffic
S008,New Boulevard,2026-06-01 19:00:00,48,52.5,Low,Cloudy,Normal
S001,Tirana Center,2026-06-01 19:05:00,139,31.2,Medium,Rainy,Normal
S008,New Boulevard,2026-06-01 19:10:00,103,49.3,Low,Cloudy,Normal
S004,Blloku,2026-06-01 19:15:00,74,46.9,Low,Foggy,Normal
S004,Blloku,2026-06-01 19:20:00,100,41.4,Low,Cloudy,Normal
S003,Student City,2026-06-01 19:25:00,84,55.5,Low,Cloudy,Normal
S008,New Boulevard,2026-06-01 19:30:00,104,32.2,Medium,Clear,Normal
S008,New Boulevard,2026-06-01 19:35:00,107,52.5,Low,Clear,Normal
S002,Ring Road,2026-06-01 19:40:00,75,59.2,Low,Rainy,Normal
S002,Ring Road,2026-06-01 19:45:00,118,48.8,Low,Foggy,Normal
S002,Ring Road,2026-06-01 19:50:00,82,36.0,Medium,Rainy,Normal
S008,New Boulevard,2026-06-01 19:55:00,62,38.4,Low,Cloudy,Normal
S007,Airport Road,2026-06-01 20:00:00,90,55.1,Low,Foggy,Normal
S002,Ring Road,2026-06-01 20:05:00,103,28.9,Medium,Foggy,Normal
S001,Tirana Center,2026-06-01 20:10:00,116,56.3,Low,Foggy,Normal
S004,Blloku,2026-06-01 20:15:00,56,42.2,Low,Foggy,Normal
S006,Zogu i Zi,2026-06-01 20:20:00,131,46.2,Low,Clear,Normal
S006,Zogu i Zi,2026-06-01 20:25:00,76,48.2,Low,Clear,Normal
S008,New Boulevard,2026-06-01 20:30:00,155,36.2,Medium,Clear,Normal
S007,Airport Road,2026-06-01 20:35:00,134,37.0,Medium,Foggy,Normal
S002,Ring Road,2026-06-01 20:40:00,112,28.7,Medium,Foggy,Normal
S002,Ring Road,2026-06-01 20:45:00,83,53.5,Low,Foggy,Accident
S003,Student City,2026-06-01 20:50:00,180,43.8,Medium,Foggy,Normal
S001,Tirana Center,2026-06-01 20:55:00,78,40.6,Low,Cloudy,Normal
S007,Airport Road,2026-06-01 21:00:00,121,36.8,Medium,Clear,Normal
S005,Durres Road,2026-06-01 21:05:00,104,39.3,Low,Rainy,Normal
S002,Ring Road,2026-06-01 21:10:00,99,46.5,Low,Cloudy,Normal
S005,Durres Road,2026-06-01 21:15:00,74,43.1,Low,Rainy,Normal
S007,Airport Road,2026-06-01 21:20:00,111,28.9,Medium,Cloudy,Normal
S005,Durres Road,2026-06-01 21:25:00,171,19.9,High,Cloudy,Normal
S006,Zogu i Zi,2026-06-01 21:30:00,158,29.0,Medium,Cloudy,Normal
S008,New Boulevard,2026-06-01 21:35:00,84,38.9,Low,Rainy,Roadwork
S006,Zogu i Zi,2026-06-01 21:40:00,77,55.3,Low,Foggy,Normal
S007,Airport Road,2026-06-01 21:45:00,103,31.1,Medium,Cloudy,Normal
S003,Student City,2026-06-01 21:50:00,103,45.0,Low,Cloudy,Normal
S004,Blloku,2026-06-01 21:55:00,96,36.3,Medium,Cloudy,Normal
S002,Ring Road,2026-06-01 22:00:00,84,52.3,Low,Clear,Normal
S002,Ring Road,2026-06-01 22:05:00,72,51.7,Low,Foggy,Normal
S007,Airport Road,2026-06-01 22:10:00,113,33.7,Medium,Cloudy,Normal
S002,Ring Road,2026-06-01 22:15:00,111,27.2,Medium,Foggy,Normal
S002,Ring Road,2026-06-01 22:20:00,114,38.7,Low,Foggy,Normal
S007,Airport Road,2026-06-01 22:25:00,147,41.0,Low,Rainy,Normal
S002,Ring Road,2026-06-01 22:30:00,68,53.9,Low,Cloudy,Normal
S003,Student City,2026-06-01 22:35:00,118,38.0,Low,Rainy,Normal
S006,Zogu i Zi,2026-06-01 22:40:00,95,52.1,Low,Cloudy,Normal
S001,Tirana Center,2026-06-01 22:45:00,121,51.7,Low,Clear,Normal
S002,Ring Road,2026-06-01 22:50:00,64,43.1,Low,Cloudy,Normal
S002,Ring Road,2026-06-01 22:55:00,162,28.4,Medium,Foggy,Normal
S008,New Boulevard,2026-06-01 23:00:00,105,29.6,Medium,Rainy,Normal
S004,Blloku,2026-06-01 23:05:00,59,45.9,Low,Rainy,Normal
S004,Blloku,2026-06-01 23:10:00,74,41.4,Low,Clear,Heavy Traffic
S001,Tirana Center,2026-06-01 23:15:00,89,29.4,Medium,Foggy,Normal
S006,Zogu i Zi,2026-06-01 23:20:00,82,40.2,Low,Clear,Normal
S002,Ring Road,2026-06-01 23:25:00,73,57.1,Low,Clear,Normal
S008,New Boulevard,2026-06-01 23:30:00,93,32.6,Medium,Rainy,Normal
S007,Airport Road,2026-06-01 23:35:00,85,36.5,Medium,Rainy,Normal
S008,New Boulevard,2026-06-01 23:40:00,100,47.2,Low,Clear,Normal
S007,Airport Road,2026-06-01 23:45:00,125,33.4,Medium,Clear,Normal
S003,Student City,2026-06-01 23:50:00,86,63.4,Low,Rainy,Normal
S002,Ring Road,2026-06-01 23:55:00,68,54.1,Low,Foggy,Accident
S003,Student City,2026-06-02 00:00:00,127,48.6,Low,Cloudy,Normal
S006,Zogu i Zi,2026-06-02 00:05:00,82,44.9,Low,Cloudy,Normal
S008,New Boulevard,2026-06-02 00:10:00,112,45.9,Low,Foggy,Normal
S006,Zogu i Zi,2026-06-02 00:15:00,73,22.7,Medium,Rainy,Normal
S002,Ring Road,2026-06-02 00:20:00,123,30.4,Medium,Rainy,Normal
S001,Tirana Center,2026-06-02 00:25:00,65,49.6,Low,Cloudy,Normal
S004,Blloku,2026-06-02 00:30:00,66,35.9,Medium,Rainy,Normal
S005,Durres Road,2026-06-02 00:35:00,91,39.0,Low,Clear,Roadwork
S002,Ring Road,2026-06-02 00:40:00,116,38.7,Low,Cloudy,Normal
S004,Blloku,2026-06-02 00:45:00,92,46.1,Low,Cloudy,Normal
S008,New Boulevard,2026-06-02 00:50:00,141,38.5,Low,Cloudy,Normal
S005,Durres Road,2026-06-02 00:55:00,144,38.3,Low,Foggy,Normal
S003,Student City,2026-06-02 01:00:00,107,45.8,Low,Rainy,Normal
S008,New Boulevard,2026-06-02 01:05:00,96,42.4,Low,Clear,Normal
S001,Tirana Center,2026-06-02 01:10:00,81,36.3,Medium,Rainy,Roadwork
S005,Durres Road,2026-06-02 01:15:00,116,30.5,Medium,Foggy,Normal
S003,Student City,2026-06-02 01:20:00,125,39.6,Low,Clear,Normal
S005,Durres Road,2026-06-02 01:25:00,59,63.6,Low,Cloudy,Normal
S007,Airport Road,2026-06-02 01:30:00,132,38.5,Low,Cloudy,Heavy Traffic
S001,Tirana Center,2026-06-02 01:35:00,61,53.6,Low,Foggy,Normal
S002,Ring Road,2026-06-02 01:40:00,44,50.7,Low,Rainy,Normal
S006,Zogu i Zi,2026-06-02 01:45:00,107,45.6,Low,Foggy,Normal
S002,Ring Road,2026-06-02 01:50:00,101,29.8,Medium,Rainy,Normal
S007,Airport Road,2026-06-02 01:55:00,123,31.4,Medium,Foggy,Normal
S005,Durres Road,2026-06-02 02:00:00,128,42.0,Low,Cloudy,Normal
S001,Tirana Center,2026-06-02 02:05:00,58,51.5,Low,Clear,Normal
S004,Blloku,2026-06-02 02:10:00,81,40.4,Low,Foggy,Normal
S002,Ring Road,2026-06-02 02:15:00,57,50.9,Low,Foggy,Normal
S004,Blloku,2026-06-02 02:20:00,43,48.0,Low,Cloudy,Normal
S003,Student City,2026-06-02 02:25:00,102,35.8,Medium,Rainy,Normal
S007,Airport Road,2026-06-02 02:30:00,118,52.7,Low,Clear,Normal
S004,Blloku,2026-06-02 02:35:00,72,35.8,Medium,Foggy,Normal
S008,New Boulevard,2026-06-02 02:40:00,79,34.0,Medium,Rainy,Normal
S007,Airport Road,2026-06-02 02:45:00,126,53.9,Low,Cloudy,Normal
S002,Ring Road,2026-06-02 02:50:00,116,36.4,Medium,Clear,Normal
S002,Ring Road,2026-06-02 02:55:00,159,23.7,Medium,Cloudy,Accident
S001,Tirana Center,2026-06-02 03:00:00,75,40.6,Low,Clear,Accident
S008,New Boulevard,2026-06-02 03:05:00,39,48.9,Low,Cloudy,Normal
S008,New Boulevard,2026-06-02 03:10:00,58,45.6,Low,Foggy,Normal
S001,Tirana Center,2026-06-02 03:15:00,135,45.3,Low,Rainy,Normal
S006,Zogu i Zi,2026-06-02 03:20:00,136,47.5,Low,Clear,Normal
S005,Durres Road,2026-06-02 03:25:00,134,42.7,Low,Foggy,Normal
S004,Blloku,2026-06-02 03:30:00,119,40.2,Low,Foggy,Heavy Traffic
S006,Zogu i Zi,2026-06-02 03:35:00,133,21.5,High,Cloudy,Normal
S001,Tirana Center,2026-06-02 03:40:00,81,51.8,Low,Foggy,Normal
S003,Student City,2026-06-02 03:45:00,78,54.4,Low,Cloudy,Normal
S006,Zogu i Zi,2026-06-02 03:50:00,119,52.0,Low,Foggy,Normal
S008,New Boulevard,2026-06-02 03:55:00,122,45.3,Low,Foggy,Normal
S005,Durres Road,2026-06-02 04:00:00,150,33.9,Medium,Foggy,Normal
S005,Durres Road,2026-06-02 04:05:00,102,58.0,Low,Foggy,Normal
S003,Student City,2026-06-02 04:10:00,114,20.7,High,Clear,Roadwork
S003,Student City,2026-06-02 04:15:00,64,51.7,Low,Clear,Roadwork
S004,Blloku,2026-06-02 04:20:00,163,34.5,Medium,Foggy,Normal
S004,Blloku,2026-06-02 04:25:00,123,32.0,Medium,Cloudy,Normal
S005,Durres Road,2026-06-02 04:30:00,20,48.3,Low,Rainy,Normal
S001,Tirana Center,2026-06-02 04:35:00,54,49.9,Low,Rainy,Normal
S001,Tirana Center,2026-06-02 04:40:00,93,41.2,Low,Foggy,Normal
S006,Zogu i Zi,2026-06-02 04:45:00,121,23.7,Medium,Rainy,Normal
S001,Tirana Center,2026-06-02 04:50:00,95,39.0,Low,Cloudy,Normal
S007,Airport Road,2026-06-02 04:55:00,127,36.6,Medium,Cloudy,Normal
S003,Student City,2026-06-02 05:00:00,112,53.1,Low,Clear,Normal
S008,New Boulevard,2026-06-02 05:05:00,54,51.4,Low,Cloudy,Normal
S006,Zogu i Zi,2026-06-02 05:10:00,107,38.0,Medium,Rainy,Normal
S006,Zogu i Zi,2026-06-02 05:15:00,107,47.3,Low,Rainy,Normal
S006,Zogu i Zi,2026-06-02 05:20:00,68,35.2,Medium,Foggy,Normal
S004,Blloku,2026-06-02 05:25:00,137,36.6,Medium,Cloudy,Normal
S001,Tirana Center,2026-06-02 05:30:00,157,42.1,Medium,Cloudy,Normal
S003,Student City,2026-06-02 05:35:00,60,54.4,Low,Foggy,Normal
S002,Ring Road,2026-06-02 05:40:00,30,46.6,Low,Rainy,Normal
S005,Durres Road,2026-06-02 05:45:00,39,37.8,Medium,Cloudy,Normal
S005,Durres Road,2026-06-02 05:50:00,109,39.4,Low,Foggy,Normal
S001,Tirana Center,2026-06-02 05:55:00,136,34.8,Medium,Clear,Normal
S007,Airport Road,2026-06-02 06:00:00,183,26.5,Medium,Foggy,Normal
S003,Student City,2026-06-02 06:05:00,88,50.0,Low,Cloudy,Normal
S008,New Boulevard,2026-06-02 06:10:00,137,32.1,Medium,Foggy,Normal
S002,Ring Road,2026-06-02 06:15:00,135,35.6,Medium,Rainy,Roadwork
S002,Ring Road,2026-06-02 06:20:00,103,42.0,Low,Cloudy,Normal
S001,Tirana Center,2026-06-02 06:25:00,130,30.1,Medium,Clear,Normal
S006,Zogu i Zi,2026-06-02 06:30:00,121,31.0,Medium,Clear,Normal
S007,Airport Road,2026-06-02 06:35:00,106,51.7,Low,Clear,Normal
S008,New Boulevard,2026-06-02 06:40:00,111,38.4,Low,Foggy,Normal
S004,Blloku,2026-06-02 06:45:00,100,56.5,Low,Clear,Normal
S006,Zogu i Zi,2026-06-02 06:50:00,123,52.8,Low,Foggy,Normal
S004,Blloku,2026-06-02 06:55:00,73,57.1,Low,Foggy,Normal
S007,Airport Road,2026-06-02 07:00:00,227,12.6,High,Cloudy,Normal
S004,Blloku,2026-06-02 07:05:00,259,13.9,High,Rainy,Normal
S008,New Boulevard,2026-06-02 07:10:00,184,41.5,Medium,Foggy,Normal
S002,Ring Road,2026-06-02 07:15:00,243,9.6,High,Foggy,Heavy Traffic
S008,New Boulevard,2026-06-02 07:20:00,261,8,High,Cloudy,Normal
S004,Blloku,2026-06-02 07:25:00,223,21.4,High,Foggy,Heavy Traffic
S001,Tirana Center,2026-06-02 07:30:00,190,13.8,High,Clear,Normal
S002,Ring Road,2026-06-02 07:35:00,217,29.8,Medium,Foggy,Normal
S007,Airport Road,2026-06-02 07:40:00,243,8.4,High,Clear,Roadwork
S001,Tirana Center,2026-06-02 07:45:00,234,20.5,High,Clear,Normal
S007,Airport Road,2026-06-02 07:50:00,195,13.6,High,Foggy,Heavy Traffic
S004,Blloku,2026-06-02 07:55:00,216,16.3,High,Rainy,Heavy Traffic
S007,Airport Road,2026-06-02 08:00:00,249,20.0,High,Clear,Normal
S002,Ring Road,2026-06-02 08:05:00,210,27.3,Medium,Clear,Normal
S006,Zogu i Zi,2026-06-02 08:10:00,219,8,High,Clear,Normal
S003,Student City,2026-06-02 08:15:00,238,9.0,High,Clear,Normal
S002,Ring Road,2026-06-02 08:20:00,143,34.9,Medium,Clear,Normal
S007,Airport Road,2026-06-02 08:25:00,219,15.5,High,Clear,Normal
S008,New Boulevard,2026-06-02 08:30:00,167,20.1,High,Clear,Normal
S001,Tirana Center,2026-06-02 08:35:00,220,20.6,High,Rainy,Normal
S008,New Boulevard,2026-06-02 08:40:00,195,14.3,High,Cloudy,Normal
S003,Student City,2026-06-02 08:45:00,173,43.1,Medium,Cloudy,Normal
S003,Student City,2026-06-02 08:50:00,249,8,High,Clear,Normal
S006,Zogu i Zi,2026-06-02 08:55:00,157,10.1,High,Clear,Normal
S004,Blloku,2026-06-02 09:00:00,210,22.8,Medium,Foggy,Normal
S006,Zogu i Zi,2026-06-02 09:05:00,178,40.0,Medium,Clear,Accident
S005,Durres Road,2026-06-02 09:10:00,158,28.5,Medium,Foggy,Normal
S007,Airport Road,2026-06-02 09:15:00,189,36.4,Medium,Clear,Normal
S008,New Boulevard,2026-06-02 09:20:00,245,26.9,Medium,Foggy,Normal
S004,Blloku,2026-06-02 09:25:00,194,16.2,High,Foggy,Normal
S005,Durres Road,2026-06-02 09:30:00,198,19.7,High,Foggy,Normal
S008,New Boulevard,2026-06-02 09:35:00,246,17.0,High,Foggy,Heavy Traffic
S006,Zogu i Zi,2026-06-02 09:40:00,213,21.3,High,Foggy,Roadwork
S008,New Boulevard,2026-06-02 09:45:00,235,24.2,Medium,Foggy,Normal
S004,Blloku,2026-06-02 09:50:00,186,34.5,Medium,Foggy,Normal
S005,Durres Road,2026-06-02 09:55:00,189,27.2,Medium,Foggy,Normal
S004,Blloku,2026-06-02 10:00:00,70,57.3,Low,Clear,Normal
S006,Zogu i Zi,2026-06-02 10:05:00,107,33.3,Medium,Rainy,Normal
S003,Student City,2026-06-02 10:10:00,43,49.6,Low,Cloudy,Normal
S008,New Boulevard,2026-06-02 10:15:00,71,43.6,Low,Foggy,Normal
S008,New Boulevard,2026-06-02 10:20:00,120,44.5,Low,Rainy,Normal
S002,Ring Road,2026-06-02 10:25:00,109,45.7,Low,Rainy,Normal
S002,Ring Road,2026-06-02 10:30:00,97,51.1,Low,Rainy,Normal
S001,Tirana Center,2026-06-02 10:35:00,49,46.6,Low,Rainy,Normal
S005,Durres Road,2026-06-02 10:40:00,157,30.1,Medium,Foggy,Normal
S008,New Boulevard,2026-06-02 10:45:00,131,34.2,Medium,Cloudy,Normal
S005,Durres Road,2026-06-02 10:50:00,114,34.4,Medium,Clear,Normal
S002,Ring Road,2026-06-02 10:55:00,39,49.4,Low,Cloudy,Normal
S002,Ring Road,2026-06-02 11:00:00,107,34.8,Medium,Rainy,Normal
S008,New Boulevard,2026-06-02 11:05:00,82,47.3,Low,Rainy,Normal
S003,Student City,2026-06-02 11:10:00,80,55.0,Low,Cloudy,Normal
S002,Ring Road,2026-06-02 11:15:00,105,21.2,High,Clear,Heavy Traffic
S007,Airport Road,2026-06-02 11:20:00,101,46.7,Low,Foggy,Normal
S008,New Boulevard,2026-06-02 11:25:00,130,51.7,Low,Cloudy,Normal
S001,Tirana Center,2026-06-02 11:30:00,103,47.8,Low,Rainy,Normal
S002,Ring Road,2026-06-02 11:35:00,46,45.3,Low,Foggy,Normal
S006,Zogu i Zi,2026-06-02 11:40:00,81,48.4,Low,Rainy,Accident
S008,New Boulevard,2026-06-02 11:45:00,69,34.9,Medium,Rainy,Normal
S008,New Boulevard,2026-06-02 11:50:00,141,32.1,Medium,Cloudy,Normal
S004,Blloku,2026-06-02 11:55:00,168,29.7,Medium,Foggy,Normal
S003,Student City,2026-06-02 12:00:00,115,41.8,Low,Clear,Normal
S007,Airport Road,2026-06-02 12:05:00,64,47.1,Low,Foggy,Normal
S002,Ring Road,2026-06-02 12:10:00,101,48.3,Low,Cloudy,Normal
S008,New Boulevard,2026-06-02 12:15:00,82,34.7,Medium,Cloudy,Heavy Traffic
S008,New Boulevard,2026-06-02 12:20:00,20,61.4,Low,Clear,Normal
S008,New Boulevard,2026-06-02 12:25:00,105,32.5,Medium,Rainy,Normal
S008,New Boulevard,2026-06-02 12:30:00,137,30.7,Medium,Foggy,Normal
S007,Airport Road,2026-06-02 12:35:00,76,56.1,Low,Rainy,Normal
S007,Airport Road,2026-06-02 12:40:00,133,41.7,Low,Rainy,Normal
S005,Durres Road,2026-06-02 12:45:00,149,38.3,Low,Rainy,Heavy Traffic
S004,Blloku,2026-06-02 12:50:00,87,48.8,Low,Cloudy,Normal
S007,Airport Road,2026-06-02 12:55:00,146,43.0,Low,Foggy,Normal
S008,New Boulevard,2026-06-02 13:00:00,92,42.5,Low,Clear,Normal
S006,Zogu i Zi,2026-06-02 13:05:00,164,24.4,Medium,Rainy,Normal
S002,Ring Road,2026-06-02 13:10:00,137,38.7,Low,Cloudy,Normal
S008,New Boulevard,2026-06-02 13:15:00,141,42.6,Low,Cloudy,Normal
S004,Blloku,2026-06-02 13:20:00,116,42.7,Low,Rainy,Normal
S004,Blloku,2026-06-02 13:25:00,60,47.7,Low,Clear,Normal
S006,Zogu i Zi,2026-06-02 13:30:00,124,41.5,Low,Clear,Normal
S007,Airport Road,2026-06-02 13:35:00,115,41.2,Low,Foggy,Heavy Traffic
S005,Durres Road,2026-06-02 13:40:00,126,32.4,Medium,Foggy,Normal
S003,Student City,2026-06-02 13:45:00,89,45.2,Low,Foggy,Normal
S006,Zogu i Zi,2026-06-02 13:50:00,73,51.2,Low,Rainy,Normal
S001,Tirana Center,2026-06-02 13:55:00,142,16.7,High,Foggy,Normal
S006,Zogu i Zi,2026-06-02 14:00:00,96,52.6,Low,Cloudy,Heavy Traffic
S002,Ring Road,2026-06-02 14:05:00,115,33.6,Medium,Clear,Normal
S001,Tirana Center,2026-06-02 14:10:00,158,32.7,Medium,Foggy,Normal
S005,Durres Road,2026-06-02 14:15:00,73,45.2,Low,Clear,Normal
S008,New Boulevard,2026-06-02 14:20:00,43,42.7,Low,Rainy,Normal
S006,Zogu i Zi,2026-06-02 14:25:00,49,51.3,Low,Cloudy,Normal
S004,Blloku,2026-06-02 14:30:00,104,35.2,Medium,Rainy,Normal
S006,Zogu i Zi,2026-06-02 14:35:00,117,32.1,Medium,Cloudy,Normal
S008,New Boulevard,2026-06-02 14:40:00,97,45.4,Low,Rainy,Normal
S007,Airport Road,2026-06-02 14:45:00,91,50.4,Low,Clear,Accident
S004,Blloku,2026-06-02 14:50:00,97,35.9,Medium,Rainy,Accident
S005,Durres Road,2026-06-02 14:55:00,62,40.4,Low,Foggy,Normal
S003,Student City,2026-06-02 15:00:00,100,41.1,Low,Clear,Normal
S006,Zogu i Zi,2026-06-02 15:05:00,171,32.4,Medium,Clear,Accident
S008,New Boulevard,2026-06-02 15:10:00,117,44.1,Low,Clear,Normal
S007,Airport Road,2026-06-02 15:15:00,97,32.1,Medium,Foggy,Normal
S003,Student City,2026-06-02 15:20:00,169,29.6,Medium,Cloudy,Normal
S006,Zogu i Zi,2026-06-02 15:25:00,70,61.2,Low,Clear,Normal
S001,Tirana Center,2026-06-02 15:30:00,129,37.4,Medium,Foggy,Normal
S006,Zogu i Zi,2026-06-02 15:35:00,51,56.2,Low,Rainy,Normal
S005,Durres Road,2026-06-02 15:40:00,137,39.0,Low,Rainy,Normal
S004,Blloku,2026-06-02 15:45:00,110,27.1,Medium,Cloudy,Accident
S001,Tirana Center,2026-06-02 15:50:00,87,47.5,Low,Foggy,Normal
S002,Ring Road,2026-06-02 15:55:00,127,17.9,High,Foggy,Normal
S002,Ring Road,2026-06-02 16:00:00,227,26.4,Medium,Rainy,Normal
S008,New Boulevard,2026-06-02 16:05:00,224,20.3,High,Clear,Normal
S008,New Boulevard,2026-06-02 16:10:00,222,23.5,Medium,Rainy,Normal
S006,Zogu i Zi,2026-06-02 16:15:00,221,19.7,High,Rainy,Normal
S007,Airport Road,2026-06-02 16:20:00,230,18.6,High,Cloudy,Normal
S001,Tirana Center,2026-06-02 16:25:00,197,30.3,Medium,Foggy,Normal
S007,Airport Road,2026-06-02 16:30:00,236,27.7,Medium,Rainy,Normal
S006,Zogu i Zi,2026-06-02 16:35:00,147,36.9,Medium,Cloudy,Normal
S006,Zogu i Zi,2026-06-02 16:40:00,223,17.0,High,Clear,Normal
S005,Durres Road,2026-06-02 16:45:00,244,17.0,High,Foggy,Normal
S007,Airport Road,2026-06-02 16:50:00,183,25.9,Medium,Rainy,Normal
S008,New Boulevard,2026-06-02 16:55:00,283,8,High,Foggy,Normal
S006,Zogu i Zi,2026-06-02 17:00:00,240,18.8,High,Rainy,Heavy Traffic
S008,New Boulevard,2026-06-02 17:05:00,287,8,High,Clear,Normal
S007,Airport Road,2026-06-02 17:10:00,276,20.3,High,Rainy,Normal
S007,Airport Road,2026-06-02 17:15:00,220,20.8,High,Cloudy,Normal
S004,Blloku,2026-06-02 17:20:00,191,18.0,High,Clear,Normal
S007,Airport Road,2026-06-02 17:25:00,227,33.8,Medium,Foggy,Normal
S002,Ring Road,2026-06-02 17:30:00,313,8,High,Rainy,Normal
S003,Student City,2026-06-02 17:35:00,273,8,High,Clear,Normal
S006,Zogu i Zi,2026-06-02 17:40:00,263,16.3,High,Rainy,Normal
S006,Zogu i Zi,2026-06-02 17:45:00,249,16.1,High,Foggy,Heavy Traffic
S001,Tirana Center,2026-06-02 17:50:00,264,25.7,High,Rainy,Normal
S006,Zogu i Zi,2026-06-02 17:55:00,195,19.3,High,Cloudy,Normal
S004,Blloku,2026-06-02 18:00:00,210,20.8,High,Cloudy,Normal
S005,Durres Road,2026-06-02 18:05:00,228,19.2,High,Rainy,Accident
S003,Student City,2026-06-02 18:10:00,230,19.6,High,Rainy,Normal
S005,Durres Road,2026-06-02 18:15:00,266,11.4,High,Cloudy,Normal
S006,Zogu i Zi,2026-06-02 18:20:00,243,11.8,High,Cloudy,Normal
S004,Blloku,2026-06-02 18:25:00,213,25.2,Medium,Cloudy,Normal
S004,Blloku,2026-06-02 18:30:00,235,18.9,High,Rainy,Normal
S007,Airport Road,2026-06-02 18:35:00,194,24.7,Medium,Rainy,Normal
S004,Blloku,2026-06-02 18:40:00,249,26.5,Medium,Clear,Normal
S003,Student City,2026-06-02 18:45:00,175,25.8,Medium,Foggy,Heavy Traffic
S007,Airport Road,2026-06-02 18:50:00,325,8,High,Cloudy,Normal
S008,New Boulevard,2026-06-02 18:55:00,314,8,High,Cloudy,Normal
S003,Student City,2026-06-02 19:00:00,106,28.3,Medium,Clear,Normal
S008,New Boulevard,2026-06-02 19:05:00,102,40.3,Low,Clear,Roadwork
S006,Zogu i Zi,2026-06-02 19:10:00,136,25.6,Medium,Foggy,Roadwork
S002,Ring Road,2026-06-02 19:15:00,77,31.9,Medium,Clear,Normal
S004,Blloku,2026-06-02 19:20:00,115,29.3,Medium,Cloudy,Normal
S006,Zogu i Zi,2026-06-02 19:25:00,119,37.1,Medium,Cloudy,Normal
S006,Zogu i Zi,2026-06-02 19:30:00,108,54.2,Low,Rainy,Normal
S001,Tirana Center,2026-06-02 19:35:00,111,28.1,Medium,Clear,Normal
S001,Tirana Center,2026-06-02 19:40:00,137,35.8,Medium,Clear,Heavy Traffic
S008,New Boulevard,2026-06-02 19:45:00,126,34.5,Medium,Rainy,Normal
S001,Tirana Center,2026-06-02 19:50:00,74,31.8,Medium,Cloudy,Normal
S006,Zogu i Zi,2026-06-02 19:55:00,82,41.5,Low,Rainy,Normal
S008,New Boulevard,2026-06-02 20:00:00,32,29.3,Medium,Rainy,Normal
S005,Durres Road,2026-06-02 20:05:00,128,24.2,Medium,Foggy,Normal
S003,Student City,2026-06-02 20:10:00,99,30.5,Medium,Clear,Normal
S006,Zogu i Zi,2026-06-02 20:15:00,67,46.3,Low,Rainy,Normal
S004,Blloku,2026-06-02 20:20:00,114,34.5,Medium,Cloudy,Heavy Traffic
S007,Airport Road,2026-06-02 20:25:00,73,61.4,Low,Cloudy,Normal
S003,Student City,2026-06-02 20:30:00,121,23.8,Medium,Rainy,Normal
S008,New Boulevard,2026-06-02 20:35:00,92,29.3,Medium,Foggy,Normal
S005,Durres Road,2026-06-02 20:40:00,33,57.3,Low,Rainy,Normal
S008,New Boulevard,2026-06-02 20:45:00,75,58.3,Low,Cloudy,Normal
S003,Student City,2026-06-02 20:50:00,98,39.7,Low,Rainy,Normal
S001,Tirana Center,2026-06-02 20:55:00,41,49.1,Low,Clear,Normal
S007,Airport Road,2026-06-02 21:00:00,49,68.9,Low,Clear,Normal
S001,Tirana Center,2026-06-02 21:05:00,97,45.2,Low,Clear,Normal
S001,Tirana Center,2026-06-02 21:10:00,109,51.3,Low,Cloudy,Normal
S008,New Boulevard,2026-06-02 21:15:00,91,34.6,Medium,Foggy,Normal
S007,Airport Road,2026-06-02 21:20:00,133,45.9,Low,Rainy,Heavy Traffic
S008,New Boulevard,2026-06-02 21:25:00,56,59.8,Low,Clear,Roadwork
S006,Zogu i Zi,2026-06-02 21:30:00,90,45.7,Low,Clear,Roadwork
S001,Tirana Center,2026-06-02 21:35:00,162,30.7,Medium,Rainy,Normal
S006,Zogu i Zi,2026-06-02 21:40:00,123,49.4,Low,Cloudy,Normal
S001,Tirana Center,2026-06-02 21:45:00,91,45.2,Low,Foggy,Normal
S005,Durres Road,2026-06-02 21:50:00,117,36.4,Medium,Rainy,Normal
S006,Zogu i Zi,2026-06-02 21:55:00,149,37.6,Medium,Cloudy,Normal
S001,Tirana Center,2026-06-02 22:00:00,53,38.3,Low,Cloudy,Normal
S001,Tirana Center,2026-06-02 22:05:00,72,47.3,Low,Rainy,Normal
S007,Airport Road,2026-06-02 22:10:00,125,34.5,Medium,Foggy,Normal
S006,Zogu i Zi,2026-06-02 22:15:00,92,42.3,Low,Rainy,Heavy Traffic
S001,Tirana Center,2026-06-02 22:20:00,43,58.2,Low,Cloudy,Normal
S004,Blloku,2026-06-02 22:25:00,125,45.7,Low,Cloudy,Normal
S006,Zogu i Zi,2026-06-02 22:30:00,132,38.3,Low,Clear,Normal
S005,Durres Road,2026-06-02 22:35:00,144,25.7,Medium,Clear,Normal
S001,Tirana Center,2026-06-02 22:40:00,81,33.2,Medium,Cloudy,Normal
S003,Student City,2026-06-02 22:45:00,111,34.0,Medium,Foggy,Normal
S001,Tirana Center,2026-06-02 22:50:00,121,27.4,Medium,Foggy,Roadwork
S005,Durres Road,2026-06-02 22:55:00,137,39.6,Low,Cloudy,Normal
S004,Blloku,2026-06-02 23:00:00,63,57.5,Low,Rainy,Normal
S006,Zogu i Zi,2026-06-02 23:05:00,103,43.3,Low,Foggy,Normal
S005,Durres Road,2026-06-02 23:10:00,60,44.6,Low,Rainy,Normal
S001,Tirana Center,2026-06-02 23:15:00,75,35.0,Medium,Rainy,Normal
S003,Student City,2026-06-02 23:20:00,132,44.4,Low,Rainy,Heavy Traffic
S008,New Boulevard,2026-06-02 23:25:00,116,56.1,Low,Rainy,Normal
S002,Ring Road,2026-06-02 23:30:00,96,54.2,Low,Foggy,Normal
S002,Ring Road,2026-06-02 23:35:00,112,42.4,Low,Clear,Heavy Traffic
S003,Student City,2026-06-02 23:40:00,68,40.0,Low,Foggy,Normal
S003,Student City,2026-06-02 23:45:00,106,46.4,Low,Foggy,Normal
S004,Blloku,2026-06-02 23:50:00,71,42.2,Low,Cloudy,Normal
S002,Ring Road,2026-06-02 23:55:00,146,12.7,High,Rainy,Normal
S004,Blloku,2026-06-03 00:00:00,122,40.7,Low,Clear,Normal
S008,New Boulevard,2026-06-03 00:05:00,92,36.9,Medium,Foggy,Normal
S003,Student City,2026-06-03 00:10:00,129,42.7,Low,Foggy,Normal
S006,Zogu i Zi,2026-06-03 00:15:00,137,33.0,Medium,Foggy,Normal
S007,Airport Road,2026-06-03 00:20:00,72,37.7,Medium,Clear,Normal
S006,Zogu i Zi,2026-06-03 00:25:00,122,29.7,Medium,Clear,Heavy Traffic
S005,Durres Road,2026-06-03 00:30:00,150,31.5,Medium,Clear,Normal
S001,Tirana Center,2026-06-03 00:35:00,69,49.9,Low,Clear,Normal
S002,Ring Road,2026-06-03 00:40:00,92,37.2,Medium,Clear,Normal
S003,Student City,2026-06-03 00:45:00,148,24.9,Medium,Cloudy,Normal
S004,Blloku,2026-06-03 00:50:00,139,42.7,Low,Clear,Normal
S004,Blloku,2026-06-03 00:55:00,98,32.9,Medium,Clear,Normal
S004,Blloku,2026-06-03 01:00:00,100,36.6,Medium,Rainy,Normal
S006,Zogu i Zi,2026-06-03 01:05:00,106,56.2,Low,Clear,Normal
S005,Durres Road,2026-06-03 01:10:00,114,49.4,Low,Cloudy,Normal
S007,Airport Road,2026-06-03 01:15:00,74,44.0,Low,Cloudy,Normal
S004,Blloku,2026-06-03 01:20:00,112,43.7,Low,Rainy,Normal
S005,Durres Road,2026-06-03 01:25:00,91,39.3,Low,Foggy,Normal
S008,New Boulevard,2026-06-03 01:30:00,133,28.2,Medium,Rainy,Roadwork
S007,Airport Road,2026-06-03 01:35:00,145,17.9,High,Clear,Normal
S001,Tirana Center,2026-06-03 01:40:00,143,12.0,High,Rainy,Roadwork
S002,Ring Road,2026-06-03 01:45:00,87,45.0,Low,Cloudy,Normal
S002,Ring Road,2026-06-03 01:50:00,154,9.9,High,Rainy,Normal
S006,Zogu i Zi,2026-06-03 01:55:00,121,53.7,Low,Foggy,Normal
S004,Blloku,2026-06-03 02:00:00,147,50.7,Low,Cloudy,Normal
S003,Student City,2026-06-03 02:05:00,94,39.5,Low,Foggy,Normal
S001,Tirana Center,2026-06-03 02:10:00,58,32.6,Medium,Foggy,Normal
S008,New Boulevard,2026-06-03 02:15:00,83,45.1,Low,Clear,Heavy Traffic
S008,New Boulevard,2026-06-03 02:20:00,105,22.8,Medium,Cloudy,Roadwork
S001,Tirana Center,2026-06-03 02:25:00,143,46.5,Low,Cloudy,Normal
S002,Ring Road,2026-06-03 02:30:00,77,42.7,Low,Cloudy,Heavy Traffic
S004,Blloku,2026-06-03 02:35:00,122,55.5,Low,Cloudy,Normal
S001,Tirana Center,2026-06-03 02:40:00,123,33.3,Medium,Rainy,Normal
S005,Durres Road,2026-06-03 02:45:00,40,46.0,Low,Rainy,Normal
S007,Airport Road,2026-06-03 02:50:00,83,50.9,Low,Rainy,Normal
S007,Airport Road,2026-06-03 02:55:00,82,47.1,Low,Clear,Normal
S004,Blloku,2026-06-03 03:00:00,110,45.4,Low,Foggy,Normal
S008,New Boulevard,2026-06-03 03:05:00,109,47.7,Low,Foggy,Normal
S007,Airport Road,2026-06-03 03:10:00,58,43.2,Low,Foggy,Normal
S006,Zogu i Zi,2026-06-03 03:15:00,80,48.3,Low,Rainy,Normal
S006,Zogu i Zi,2026-06-03 03:20:00,143,33.0,Medium,Foggy,Heavy Traffic
S006,Zogu i Zi,2026-06-03 03:25:00,105,36.8,Medium,Rainy,Normal
S006,Zogu i Zi,2026-06-03 03:30:00,107,34.2,Medium,Rainy,Heavy Traffic
S003,Student City,2026-06-03 03:35:00,88,26.0,Medium,Foggy,Normal
S008,New Boulevard,2026-06-03 03:40:00,122,36.8,Medium,Clear,Normal
S007,Airport Road,2026-06-03 03:45:00,61,47.7,Low,Cloudy,Normal
S006,Zogu i Zi,2026-06-03 03:50:00,81,47.6,Low,Cloudy,Heavy Traffic
S002,Ring Road,2026-06-03 03:55:00,80,46.7,Low,Rainy,Normal
S001,Tirana Center,2026-06-03 04:00:00,78,41.1,Low,Clear,Normal
S001,Tirana Center,2026-06-03 04:05:00,174,15.8,High,Rainy,Accident
S001,Tirana Center,2026-06-03 04:10:00,133,35.7,Medium,Foggy,Normal
S001,Tirana Center,2026-06-03 04:15:00,100,45.7,Low,Rainy,Normal
S008,New Boulevard,2026-06-03 04:20:00,138,20.2,High,Cloudy,Normal
S008,New Boulevard,2026-06-03 04:25:00,102,47.7,Low,Rainy,Normal
S007,Airport Road,2026-06-03 04:30:00,107,41.6,Low,Foggy,Normal
S003,Student City,2026-06-03 04:35:00,75,45.9,Low,Rainy,Normal
S004,Blloku,2026-06-03 04:40:00,97,44.4,Low,Clear,Heavy Traffic
S006,Zogu i Zi,2026-06-03 04:45:00,97,33.8,Medium,Clear,Heavy Traffic
S001,Tirana Center,2026-06-03 04:50:00,55,57.4,Low,Foggy,Normal
S001,Tirana Center,2026-06-03 04:55:00,69,43.0,Low,Clear,Normal
S004,Blloku,2026-06-03 05:00:00,86,28.5,Medium,Rainy,Normal
S006,Zogu i Zi,2026-06-03 05:05:00,146,36.7,Medium,Cloudy,Normal
S001,Tirana Center,2026-06-03 05:10:00,46,63.1,Low,Clear,Normal
S003,Student City,2026-06-03 05:15:00,100,40.2,Low,Cloudy,Normal
S006,Zogu i Zi,2026-06-03 05:20:00,65,44.5,Low,Foggy,Normal
S004,Blloku,2026-06-03 05:25:00,88,47.2,Low,Rainy,Normal
S001,Tirana Center,2026-06-03 05:30:00,67,36.3,Medium,Cloudy,Normal
S008,New Boulevard,2026-06-03 05:35:00,138,52.0,Low,Foggy,Normal
S003,Student City,2026-06-03 05:40:00,130,39.8,Low,Clear,Normal
S001,Tirana Center,2026-06-03 05:45:00,143,30.6,Medium,Foggy,Normal
S005,Durres Road,2026-06-03 05:50:00,92,44.9,Low,Foggy,Normal
S001,Tirana Center,2026-06-03 05:55:00,85,49.2,Low,Clear,Normal
S005,Durres Road,2026-06-03 06:00:00,77,42.6,Low,Cloudy,Normal
S007,Airport Road,2026-06-03 06:05:00,44,56.7,Low,Clear,Normal
S001,Tirana Center,2026-06-03 06:10:00,68,46.5,Low,Clear,Heavy Traffic
S006,Zogu i Zi,2026-06-03 06:15:00,61,50.8,Low,Clear,Heavy Traffic
S001,Tirana Center,2026-06-03 06:20:00,133,39.2,Low,Cloudy,Normal
S008,New Boulevard,2026-06-03 06:25:00,38,62.3,Low,Rainy,Normal
S002,Ring Road,2026-06-03 06:30:00,111,44.9,Low,Foggy,Normal
S001,Tirana Center,2026-06-03 06:35:00,87,37.0,Medium,Clear,Accident
S005,Durres Road,2026-06-03 06:40:00,91,48.3,Low,Rainy,Normal
S005,Durres Road,2026-06-03 06:45:00,105,48.1,Low,Foggy,Heavy Traffic
S001,Tirana Center,2026-06-03 06:50:00,65,35.5,Medium,Clear,Normal
S008,New Boulevard,2026-06-03 06:55:00,65,55.5,Low,Foggy,Normal
S001,Tirana Center,2026-06-03 07:00:00,213,19.2,High,Rainy,Normal
S005,Durres Road,2026-06-03 07:05:00,180,33.4,Medium,Cloudy,Normal
S006,Zogu i Zi,2026-06-03 07:10:00,173,16.2,High,Rainy,Normal
S003,Student City,2026-06-03 07:15:00,239,10.8,High,Foggy,Normal
S005,Durres Road,2026-06-03 07:20:00,276,20.7,High,Rainy,Normal
S006,Zogu i Zi,2026-06-03 07:25:00,229,23.8,Medium,Rainy,Normal
S001,Tirana Center,2026-06-03 07:30:00,244,16.6,High,Cloudy,Normal
S007,Airport Road,2026-06-03 07:35:00,221,17.7,High,Clear,Normal
S003,Student City,2026-06-03 07:40:00,198,12.9,High,Rainy,Normal
S006,Zogu i Zi,2026-06-03 07:45:00,221,21.1,High,Cloudy,Normal
S006,Zogu i Zi,2026-06-03 07:50:00,198,20.5,High,Cloudy,Normal
S004,Blloku,2026-06-03 07:55:00,202,51.1,Medium,Foggy,Normal
S008,New Boulevard,2026-06-03 08:00:00,217,8.3,High,Foggy,Normal
S002,Ring Road,2026-06-03 08:05:00,187,31.1,Medium,Cloudy,Normal
S004,Blloku,2026-06-03 08:10:00,221,21.3,High,Foggy,Normal
S007,Airport Road,2026-06-03 08:15:00,273,10.1,High,Foggy,Normal
S001,Tirana Center,2026-06-03 08:20:00,185,23.7,Medium,Clear,Normal
S003,Student City,2026-06-03 08:25:00,208,25.9,Medium,Foggy,Accident
S005,Durres Road,2026-06-03 08:30:00,207,33.8,Medium,Clear,Normal
S002,Ring Road,2026-06-03 08:35:00,224,15.3,High,Rainy,Normal
S003,Student City,2026-06-03 08:40:00,222,15.5,High,Rainy,Normal
S004,Blloku,2026-06-03 08:45:00,165,30.7,Medium,Foggy,Normal
S003,Student City,2026-06-03 08:50:00,191,8,High,Clear,Normal
S008,New Boulevard,2026-06-03 08:55:00,207,31.9,Medium,Clear,Normal
S005,Durres Road,2026-06-03 09:00:00,201,28.3,Medium,Clear,Normal
S003,Student City,2026-06-03 09:05:00,238,26.7,Medium,Clear,Normal
S002,Ring Road,2026-06-03 09:10:00,211,13.3,High,Clear,Heavy Traffic
S007,Airport Road,2026-06-03 09:15:00,205,27.0,Medium,Foggy,Normal
S006,Zogu i Zi,2026-06-03 09:20:00,239,12.4,High,Rainy,Normal
S004,Blloku,2026-06-03 09:25:00,289,29.8,High,Clear,Normal
S008,New Boulevard,2026-06-03 09:30:00,255,26.0,High,Rainy,Normal
S005,Durres Road,2026-06-03 09:35:00,255,18.9,High,Rainy,Normal
S002,Ring Road,2026-06-03 09:40:00,254,11.8,High,Clear,Normal
S006,Zogu i Zi,2026-06-03 09:45:00,201,40.2,Medium,Foggy,Normal
S005,Durres Road,2026-06-03 09:50:00,252,9.0,High,Cloudy,Normal
S001,Tirana Center,2026-06-03 09:55:00,232,16.3,High,Rainy,Normal
S005,Durres Road,2026-06-03 10:00:00,128,42.6,Low,Rainy,Normal
S006,Zogu i Zi,2026-06-03 10:05:00,114,44.6,Low,Foggy,Normal
S006,Zogu i Zi,2026-06-03 10:10:00,86,51.8,Low,Clear,Accident
S008,New Boulevard,2026-06-03 10:15:00,157,36.4,Medium,Cloudy,Normal
S004,Blloku,2026-06-03 10:20:00,68,30.2,Medium,Clear,Normal
S004,Blloku,2026-06-03 10:25:00,84,39.9,Low,Cloudy,Normal
S005,Durres Road,2026-06-03 10:30:00,61,51.8,Low,Foggy,Normal
S005,Durres Road,2026-06-03 10:35:00,79,43.5,Low,Rainy,Heavy Traffic
S001,Tirana Center,2026-06-03 10:40:00,94,38.0,Medium,Foggy,Normal
S003,Student City,2026-06-03 10:45:00,77,51.9,Low,Cloudy,Normal
S007,Airport Road,2026-06-03 10:50:00,108,49.3,Low,Foggy,Normal
S002,Ring Road,2026-06-03 10:55:00,93,44.3,Low,Cloudy,Heavy Traffic
S005,Durres Road,2026-06-03 11:00:00,121,34.9,Medium,Rainy,Normal
S002,Ring Road,2026-06-03 11:05:00,80,49.3,Low,Cloudy,Accident
S008,New Boulevard,2026-06-03 11:10:00,50,47.1,Low,Rainy,Heavy Traffic
S007,Airport Road,2026-06-03 11:15:00,114,59.3,Low,Foggy,Normal
S005,Durres Road,2026-06-03 11:20:00,73,52.5,Low,Cloudy,Normal
S005,Durres Road,2026-06-03 11:25:00,111,28.7,Medium,Cloudy,Normal
S003,Student City,2026-06-03 11:30:00,86,38.2,Low,Cloudy,Heavy Traffic
S005,Durres Road,2026-06-03 11:35:00,44,50.7,Low,Rainy,Roadwork
S001,Tirana Center,2026-06-03 11:40:00,63,68.5,Low,Foggy,Normal
S003,Student City,2026-06-03 11:45:00,107,52.1,Low,Cloudy,Normal
S007,Airport Road,2026-06-03 11:50:00,90,39.0,Low,Clear,Normal
S002,Ring Road,2026-06-03 11:55:00,116,37.8,Medium,Cloudy,Normal
S004,Blloku,2026-06-03 12:00:00,117,36.5,Medium,Cloudy,Normal
S001,Tirana Center,2026-06-03 12:05:00,140,34.6,Medium,Rainy,Normal
S003,Student City,2026-06-03 12:10:00,209,12.5,High,Rainy,Normal
S002,Ring Road,2026-06-03 12:15:00,104,49.6,Low,Clear,Normal
S008,New Boulevard,2026-06-03 12:20:00,128,47.0,Low,Clear,Normal
S001,Tirana Center,2026-06-03 12:25:00,113,45.3,Low,Clear,Normal
S005,Durres Road,2026-06-03 12:30:00,99,38.0,Medium,Rainy,Normal
S007,Airport Road,2026-06-03 12:35:00,135,38.9,Low,Foggy,Normal
S004,Blloku,2026-06-03 12:40:00,176,20.2,High,Clear,Normal
S005,Durres Road,2026-06-03 12:45:00,106,49.1,Low,Cloudy,Normal
S004,Blloku,2026-06-03 12:50:00,137,31.2,Medium,Rainy,Normal
S005,Durres Road,2026-06-03 12:55:00,111,43.3,Low,Rainy,Normal
S006,Zogu i Zi,2026-06-03 13:00:00,152,21.8,High,Foggy,Normal
S007,Airport Road,2026-06-03 13:05:00,68,53.9,Low,Rainy,Normal
S005,Durres Road,2026-06-03 13:10:00,174,38.9,Medium,Clear,Accident
S007,Airport Road,2026-06-03 13:15:00,49,59.4,Low,Cloudy,Normal
S008,New Boulevard,2026-06-03 13:20:00,125,51.3,Low,Foggy,Normal
S007,Airport Road,2026-06-03 13:25:00,88,28.6,Medium,Rainy,Normal
S006,Zogu i Zi,2026-06-03 13:30:00,87,50.4,Low,Foggy,Normal
S001,Tirana Center,2026-06-03 13:35:00,64,24.7,Medium,Clear,Normal
S007,Airport Road,2026-06-03 13:40:00,127,36.2,Medium,Foggy,Normal
S008,New Boulevard,2026-06-03 13:45:00,69,37.1,Medium,Cloudy,Roadwork
S007,Airport Road,2026-06-03 13:50:00,111,44.4,Low,Rainy,Normal
S006,Zogu i Zi,2026-06-03 13:55:00,122,62.5,Low,Clear,Normal
S002,Ring Road,2026-06-03 14:00:00,167,54.4,Medium,Clear,Normal
S003,Student City,2026-06-03 14:05:00,90,54.6,Low,Cloudy,Normal
S006,Zogu i Zi,2026-06-03 14:10:00,87,48.4,Low,Rainy,Normal
S005,Durres Road,2026-06-03 14:15:00,101,50.2,Low,Cloudy,Normal
S007,Airport Road,2026-06-03 14:20:00,125,42.6,Low,Rainy,Normal
S005,Durres Road,2026-06-03 14:25:00,86,42.2,Low,Clear,Normal
S004,Blloku,2026-06-03 14:30:00,109,34.2,Medium,Cloudy,Normal
S007,Airport Road,2026-06-03 14:35:00,165,19.3,High,Cloudy,Normal
S006,Zogu i Zi,2026-06-03 14:40:00,98,40.6,Low,Clear,Normal
S007,Airport Road,2026-06-03 14:45:00,169,36.5,Medium,Foggy,Normal
S007,Airport Road,2026-06-03 14:50:00,71,46.1,Low,Foggy,Normal
S007,Airport Road,2026-06-03 14:55:00,106,36.8,Medium,Clear,Normal
S001,Tirana Center,2026-06-03 15:00:00,130,59.9,Low,Foggy,Normal
S001,Tirana Center,2026-06-03 15:05:00,95,48.9,Low,Clear,Roadwork
S006,Zogu i Zi,2026-06-03 15:10:00,124,37.2,Medium,Foggy,Normal
S001,Tirana Center,2026-06-03 15:15:00,126,39.6,Low,Foggy,Normal
S003,Student City,2026-06-03 15:20:00,126,48.6,Low,Foggy,Normal
S007,Airport Road,2026-06-03 15:25:00,132,51.4,Low,Foggy,Normal
S007,Airport Road,2026-06-03 15:30:00,98,51.5,Low,Foggy,Normal
S007,Airport Road,2026-06-03 15:35:00,91,49.4,Low,Cloudy,Normal
S007,Airport Road,2026-06-03 15:40:00,108,47.0,Low,Cloudy,Normal
S001,Tirana Center,2026-06-03 15:45:00,99,30.9,Medium,Rainy,Normal
S008,New Boulevard,2026-06-03 15:50:00,116,42.5,Low,Cloudy,Normal
S008,New Boulevard,2026-06-03 15:55:00,119,35.0,Medium,Foggy,Normal
S005,Durres Road,2026-06-03 16:00:00,248,23.6,Medium,Rainy,Normal
S007,Airport Road,2026-06-03 16:05:00,252,13.6,High,Clear,Roadwork
S004,Blloku,2026-06-03 16:10:00,205,8,High,Rainy,Normal
S001,Tirana Center,2026-06-03 16:15:00,269,21.9,High,Rainy,Normal
S006,Zogu i Zi,2026-06-03 16:20:00,185,20.9,High,Foggy,Heavy Traffic
S005,Durres Road,2026-06-03 16:25:00,208,20.4,High,Foggy,Normal
S003,Student City,2026-06-03 16:30:00,213,28.7,Medium,Foggy,Heavy Traffic
S002,Ring Road,2026-06-03 16:35:00,285,8,High,Clear,Normal
S001,Tirana Center,2026-06-03 16:40:00,224,20.4,High,Foggy,Normal
S006,Zogu i Zi,2026-06-03 16:45:00,257,16.0,High,Foggy,Normal
S005,Durres Road,2026-06-03 16:50:00,178,19.1,High,Foggy,Normal
S005,Durres Road,2026-06-03 16:55:00,233,32.4,Medium,Cloudy,Normal
S008,New Boulevard,2026-06-03 17:00:00,224,36.1,Medium,Rainy,Normal
S001,Tirana Center,2026-06-03 17:05:00,193,43.1,Medium,Clear,Normal
S008,New Boulevard,2026-06-03 17:10:00,222,22.6,Medium,Foggy,Heavy Traffic
S003,Student City,2026-06-03 17:15:00,229,26.4,Medium,Foggy,Normal
S002,Ring Road,2026-06-03 17:20:00,273,12.0,High,Rainy,Normal
S008,New Boulevard,2026-06-03 17:25:00,239,15.3,High,Rainy,Normal
S004,Blloku,2026-06-03 17:30:00,231,9.8,High,Clear,Normal
S004,Blloku,2026-06-03 17:35:00,208,21.6,High,Cloudy,Normal
S004,Blloku,2026-06-03 17:40:00,229,40.3,Medium,Cloudy,Normal
S004,Blloku,2026-06-03 17:45:00,225,24.4,Medium,Clear,Normal
S008,New Boulevard,2026-06-03 17:50:00,242,8,High,Rainy,Normal
S005,Durres Road,2026-06-03 17:55:00,183,43.4,Medium,Cloudy,Normal
S002,Ring Road,2026-06-03 18:00:00,250,19.6,High,Rainy,Normal
S007,Airport Road,2026-06-03 18:05:00,215,14.7,High,Foggy,Normal
S008,New Boulevard,2026-06-03 18:10:00,240,8,High,Rainy,Normal
S005,Durres Road,2026-06-03 18:15:00,180,34.4,Medium,Rainy,Normal
S007,Airport Road,2026-06-03 18:20:00,241,28.5,Medium,Cloudy,Normal
S008,New Boulevard,2026-06-03 18:25:00,194,35.2,Medium,Rainy,Normal
S008,New Boulevard,2026-06-03 18:30:00,238,13.7,High,Clear,Normal
S005,Durres Road,2026-06-03 18:35:00,266,8.6,High,Clear,Normal
S006,Zogu i Zi,2026-06-03 18:40:00,243,23.5,Medium,Rainy,Normal
S001,Tirana Center,2026-06-03 18:45:00,190,28.2,Medium,Foggy,Heavy Traffic
S006,Zogu i Zi,2026-06-03 18:50:00,147,40.3,Low,Foggy,Normal
S005,Durres Road,2026-06-03 18:55:00,200,25.9,Medium,Foggy,Normal
S005,Durres Road,2026-06-03 19:00:00,71,45.7,Low,Cloudy,Normal
S001,Tirana Center,2026-06-03 19:05:00,99,54.7,Low,Rainy,Normal
S002,Ring Road,2026-06-03 19:10:00,69,46.7,Low,Rainy,Normal
S004,Blloku,2026-06-03 19:15:00,164,39.3,Medium,Clear,Normal
S005,Durres Road,2026-06-03 19:20:00,102,43.8,Low,Clear,Normal
S006,Zogu i Zi,2026-06-03 19:25:00,97,32.1,Medium,Clear,Normal
S002,Ring Road,2026-06-03 19:30:00,116,46.5,Low,Clear,Normal
S005,Durres Road,2026-06-03 19:35:00,84,32.8,Medium,Rainy,Normal
S003,Student City,2026-06-03 19:40:00,68,48.2,Low,Clear,Heavy Traffic
S006,Zogu i Zi,2026-06-03 19:45:00,54,51.1,Low,Foggy,Normal
S002,Ring Road,2026-06-03 19:50:00,140,42.0,Low,Clear,Normal
S001,Tirana Center,2026-06-03 19:55:00,114,33.5,Medium,Rainy,Normal
S004,Blloku,2026-06-03 20:00:00,156,29.7,Medium,Foggy,Roadwork
S006,Zogu i Zi,2026-06-03 20:05:00,159,33.7,Medium,Foggy,Normal
S003,Student City,2026-06-03 20:10:00,106,43.2,Low,Cloudy,Normal
S001,Tirana Center,2026-06-03 20:15:00,116,38.0,Medium,Clear,Normal
S007,Airport Road,2026-06-03 20:20:00,71,49.4,Low,Rainy,Normal
S003,Student City,2026-06-03 20:25:00,76,29.1,Medium,Rainy,Normal
S002,Ring Road,2026-06-03 20:30:00,95,38.5,Low,Foggy,Normal
S002,Ring Road,2026-06-03 20:35:00,51,58.8,Low,Clear,Normal
S005,Durres Road,2026-06-03 20:40:00,149,30.8,Medium,Foggy,Normal
S002,Ring Road,2026-06-03 20:45:00,118,38.4,Low,Cloudy,Normal
S006,Zogu i Zi,2026-06-03 20:50:00,73,37.2,Medium,Cloudy,Normal
S004,Blloku,2026-06-03 20:55:00,35,29.7,Medium,Cloudy,Normal
S008,New Boulevard,2026-06-03 21:00:00,121,24.9,Medium,Rainy,Normal
S008,New Boulevard,2026-06-03 21:05:00,142,12.6,High,Clear,Accident
S005,Durres Road,2026-06-03 21:10:00,150,30.6,Medium,Clear,Normal
S007,Airport Road,2026-06-03 21:15:00,101,29.2,Medium,Clear,Normal
S001,Tirana Center,2026-06-03 21:20:00,85,46.7,Low,Clear,Normal
S006,Zogu i Zi,2026-06-03 21:25:00,95,43.9,Low,Foggy,Normal
S008,New Boulevard,2026-06-03 21:30:00,194,33.5,Medium,Clear,Normal
S001,Tirana Center,2026-06-03 21:35:00,123,28.6,Medium,Cloudy,Heavy Traffic
S007,Airport Road,2026-06-03 21:40:00,87,58.6,Low,Clear,Heavy Traffic
S006,Zogu i Zi,2026-06-03 21:45:00,106,37.3,Medium,Rainy,Normal
S001,Tirana Center,2026-06-03 21:50:00,118,38.4,Low,Cloudy,Normal
S004,Blloku,2026-06-03 21:55:00,74,47.9,Low,Clear,Normal
S008,New Boulevard,2026-06-03 22:00:00,95,28.3,Medium,Clear,Normal
S003,Student City,2026-06-03 22:05:00,112,41.4,Low,Clear,Normal
S006,Zogu i Zi,2026-06-03 22:10:00,97,46.2,Low,Foggy,Normal
S008,New Boulevard,2026-06-03 22:15:00,96,48.5,Low,Cloudy,Normal
S005,Durres Road,2026-06-03 22:20:00,150,32.1,Medium,Cloudy,Normal
S005,Durres Road,2026-06-03 22:25:00,100,33.8,Medium,Rainy,Normal
S007,Airport Road,2026-06-03 22:30:00,67,51.9,Low,Rainy,Normal
S003,Student City,2026-06-03 22:35:00,84,41.4,Low,Cloudy,Accident
S006,Zogu i Zi,2026-06-03 22:40:00,23,52.9,Low,Rainy,Normal
S005,Durres Road,2026-06-03 22:45:00,79,24.4,Medium,Rainy,Normal
S001,Tirana Center,2026-06-03 22:50:00,102,46.1,Low,Clear,Normal
S001,Tirana Center,2026-06-03 22:55:00,147,33.4,Medium,Rainy,Normal
S002,Ring Road,2026-06-03 23:00:00,113,38.7,Low,Foggy,Normal
S002,Ring Road,2026-06-03 23:05:00,77,56.2,Low,Cloudy,Heavy Traffic
S002,Ring Road,2026-06-03 23:10:00,92,31.7,Medium,Foggy,Normal
S006,Zogu i Zi,2026-06-03 23:15:00,119,31.8,Medium,Clear,Normal
S008,New Boulevard,2026-06-03 23:20:00,77,35.9,Medium,Rainy,Normal
S006,Zogu i Zi,2026-06-03 23:25:00,95,45.6,Low,Rainy,Normal
S005,Durres Road,2026-06-03 23:30:00,20,64.7,Low,Clear,Normal
S008,New Boulevard,2026-06-03 23:35:00,132,8,High,Cloudy,Normal
S004,Blloku,2026-06-03 23:40:00,47,54.0,Low,Cloudy,Normal
S002,Ring Road,2026-06-03 23:45:00,113,51.8,Low,Foggy,Heavy Traffic
S004,Blloku,2026-06-03 23:50:00,85,35.2,Medium,Clear,Normal
S003,Student City,2026-06-03 23:55:00,164,39.6,Medium,Rainy,Normal
S004,Blloku,2026-06-04 00:00:00,76,56.1,Low,Rainy,Normal
S008,New Boulevard,2026-06-04 00:05:00,124,32.2,Medium,Clear,Heavy Traffic
S004,Blloku,2026-06-04 00:10:00,93,40.0,Low,Clear,Normal
S002,Ring Road,2026-06-04 00:15:00,136,38.4,Low,Rainy,Normal
S002,Ring Road,2026-06-04 00:20:00,34,58.0,Low,Rainy,Normal
S003,Student City,2026-06-04 00:25:00,119,49.3,Low,Rainy,Normal
S002,Ring Road,2026-06-04 00:30:00,128,51.5,Low,Clear,Normal
S007,Airport Road,2026-06-04 00:35:00,175,33.3,Medium,Foggy,Normal
S002,Ring Road,2026-06-04 00:40:00,72,57.7,Low,Clear,Normal
S005,Durres Road,2026-06-04 00:45:00,142,47.7,Low,Rainy,Normal
S004,Blloku,2026-06-04 00:50:00,71,48.7,Low,Rainy,Normal
S005,Durres Road,2026-06-04 00:55:00,40,53.9,Low,Cloudy,Normal
S003,Student City,2026-06-04 01:00:00,100,51.4,Low,Cloudy,Normal
S002,Ring Road,2026-06-04 01:05:00,75,34.0,Medium,Cloudy,Normal
S006,Zogu i Zi,2026-06-04 01:10:00,72,45.1,Low,Rainy,Normal
S005,Durres Road,2026-06-04 01:15:00,90,42.3,Low,Foggy,Roadwork
S004,Blloku,2026-06-04 01:20:00,51,59.5,Low,Foggy,Normal
S003,Student City,2026-06-04 01:25:00,71,58.7,Low,Rainy,Normal
S001,Tirana Center,2026-06-04 01:30:00,49,78.0,Low,Cloudy,Normal
S005,Durres Road,2026-06-04 01:35:00,35,47.5,Low,Rainy,Normal
S008,New Boulevard,2026-06-04 01:40:00,89,46.2,Low,Clear,Normal
S002,Ring Road,2026-06-04 01:45:00,85,51.7,Low,Cloudy,Normal
S002,Ring Road,2026-06-04 01:50:00,100,45.3,Low,Rainy,Normal
S007,Airport Road,2026-06-04 01:55:00,98,43.3,Low,Clear,Normal
S004,Blloku,2026-06-04 02:00:00,38,54.5,Low,Clear,Normal
S001,Tirana Center,2026-06-04 02:05:00,130,32.0,Medium,Cloudy,Normal
S002,Ring Road,2026-06-04 02:10:00,132,26.4,Medium,Foggy,Heavy Traffic
S007,Airport Road,2026-06-04 02:15:00,32,45.4,Low,Cloudy,Normal
S001,Tirana Center,2026-06-04 02:20:00,71,42.4,Low,Rainy,Normal
S007,Airport Road,2026-06-04 02:25:00,90,42.3,Low,Cloudy,Normal
S002,Ring Road,2026-06-04 02:30:00,84,38.1,Low,Rainy,Normal
S004,Blloku,2026-06-04 02:35:00,96,41.6,Low,Cloudy,Normal
S006,Zogu i Zi,2026-06-04 02:40:00,84,52.4,Low,Rainy,Normal
S005,Durres Road,2026-06-04 02:45:00,107,31.6,Medium,Cloudy,Normal
S005,Durres Road,2026-06-04 02:50:00,69,45.6,Low,Foggy,Normal
S003,Student City,2026-06-04 02:55:00,154,8,High,Clear,Normal
S006,Zogu i Zi,2026-06-04 03:00:00,98,47.4,Low,Foggy,Normal
S003,Student City,2026-06-04 03:05:00,36,52.1,Low,Foggy,Normal
S006,Zogu i Zi,2026-06-04 03:10:00,31,41.6,Low,Foggy,Normal
S007,Airport Road,2026-06-04 03:15:00,79,30.0,Medium,Rainy,Normal
S005,Durres Road,2026-06-04 03:20:00,112,33.9,Medium,Rainy,Normal
S001,Tirana Center,2026-06-04 03:25:00,151,37.3,Medium,Cloudy,Normal
S002,Ring Road,2026-06-04 03:30:00,111,27.6,Medium,Foggy,Normal
S008,New Boulevard,2026-06-04 03:35:00,68,56.6,Low,Foggy,Normal
S002,Ring Road,2026-06-04 03:40:00,92,49.4,Low,Cloudy,Normal
S008,New Boulevard,2026-06-04 03:45:00,38,26.3,Medium,Foggy,Normal
S007,Airport Road,2026-06-04 03:50:00,150,40.9,Low,Clear,Normal
S006,Zogu i Zi,2026-06-04 03:55:00,138,22.2,Medium,Foggy,Normal
S008,New Boulevard,2026-06-04 04:00:00,122,31.5,Medium,Rainy,Normal
S002,Ring Road,2026-06-04 04:05:00,153,45.1,Medium,Cloudy,Normal
S008,New Boulevard,2026-06-04 04:10:00,214,24.7,Medium,Rainy,Roadwork
S001,Tirana Center,2026-06-04 04:15:00,66,51.0,Low,Rainy,Normal
S001,Tirana Center,2026-06-04 04:20:00,101,47.1,Low,Clear,Normal
S006,Zogu i Zi,2026-06-04 04:25:00,131,50.4,Low,Clear,Normal
S006,Zogu i Zi,2026-06-04 04:30:00,106,38.1,Low,Clear,Normal
S003,Student City,2026-06-04 04:35:00,89,37.4,Medium,Cloudy,Normal
S008,New Boulevard,2026-06-04 04:40:00,88,42.6,Low,Cloudy,Normal
S001,Tirana Center,2026-06-04 04:45:00,49,41.8,Low,Rainy,Heavy Traffic
S008,New Boulevard,2026-06-04 04:50:00,106,33.3,Medium,Clear,Normal
S006,Zogu i Zi,2026-06-04 04:55:00,110,24.8,Medium,Cloudy,Normal
S006,Zogu i Zi,2026-06-04 05:00:00,146,22.3,Medium,Cloudy,Normal
S003,Student City,2026-06-04 05:05:00,126,26.1,Medium,Rainy,Normal
S008,New Boulevard,2026-06-04 05:10:00,129,28.6,Medium,Rainy,Normal
S001,Tirana Center,2026-06-04 05:15:00,88,27.9,Medium,Cloudy,Normal
S007,Airport Road,2026-06-04 05:20:00,132,35.2,Medium,Cloudy,Normal
S004,Blloku,2026-06-04 05:25:00,120,44.8,Low,Foggy,Normal
S008,New Boulevard,2026-06-04 05:30:00,119,29.5,Medium,Rainy,Normal
S001,Tirana Center,2026-06-04 05:35:00,86,55.1,Low,Foggy,Normal
S005,Durres Road,2026-06-04 05:40:00,122,51.2,Low,Foggy,Normal
S004,Blloku,2026-06-04 05:45:00,70,43.3,Low,Foggy,Roadwork
S008,New Boulevard,2026-06-04 05:50:00,111,27.3,Medium,Foggy,Roadwork
S005,Durres Road,2026-06-04 05:55:00,34,52.1,Low,Foggy,Normal
S007,Airport Road,2026-06-04 06:00:00,124,35.6,Medium,Rainy,Normal
S004,Blloku,2026-06-04 06:05:00,50,65.8,Low,Rainy,Normal
S001,Tirana Center,2026-06-04 06:10:00,91,36.4,Medium,Foggy,Normal
S005,Durres Road,2026-06-04 06:15:00,69,43.3,Low,Cloudy,Heavy Traffic
S005,Durres Road,2026-06-04 06:20:00,112,21.2,High,Rainy,Normal
S003,Student City,2026-06-04 06:25:00,78,47.0,Low,Foggy,Normal
S004,Blloku,2026-06-04 06:30:00,20,68.3,Low,Clear,Normal
S007,Airport Road,2026-06-04 06:35:00,88,39.5,Low,Foggy,Normal
S001,Tirana Center,2026-06-04 06:40:00,83,51.7,Low,Foggy,Normal
S005,Durres Road,2026-06-04 06:45:00,106,32.0,Medium,Foggy,Normal
S005,Durres Road,2026-06-04 06:50:00,74,56.5,Low,Clear,Normal
S004,Blloku,2026-06-04 06:55:00,128,34.8,Medium,Clear,Accident
S002,Ring Road,2026-06-04 07:00:00,259,10.2,High,Foggy,Roadwork
S005,Durres Road,2026-06-04 07:05:00,216,22.5,Medium,Rainy,Normal
S005,Durres Road,2026-06-04 07:10:00,265,20.8,High,Foggy,Normal
S003,Student City,2026-06-04 07:15:00,208,10.1,High,Cloudy,Heavy Traffic
S003,Student City,2026-06-04 07:20:00,215,24.0,Medium,Clear,Normal
S004,Blloku,2026-06-04 07:25:00,208,37.5,Medium,Clear,Normal
S006,Zogu i Zi,2026-06-04 07:30:00,218,24.2,Medium,Cloudy,Normal
S006,Zogu i Zi,2026-06-04 07:35:00,204,19.2,High,Clear,Normal
S006,Zogu i Zi,2026-06-04 07:40:00,232,18.2,High,Foggy,Normal
S006,Zogu i Zi,2026-06-04 07:45:00,230,11.8,High,Foggy,Roadwork
S008,New Boulevard,2026-06-04 07:50:00,208,34.1,Medium,Rainy,Normal
S006,Zogu i Zi,2026-06-04 07:55:00,238,11.5,High,Rainy,Normal
S008,New Boulevard,2026-06-04 08:00:00,167,40.1,Medium,Clear,Normal
S003,Student City,2026-06-04 08:05:00,259,17.4,High,Clear,Normal
S001,Tirana Center,2026-06-04 08:10:00,176,17.2,High,Rainy,Normal
S001,Tirana Center,2026-06-04 08:15:00,199,30.5,Medium,Rainy,Normal
S008,New Boulevard,2026-06-04 08:20:00,210,21.6,High,Foggy,Normal
S007,Airport Road,2026-06-04 08:25:00,276,32.9,High,Rainy,Normal
S005,Durres Road,2026-06-04 08:30:00,192,29.1,Medium,Clear,Normal
S006,Zogu i Zi,2026-06-04 08:35:00,237,16.7,High,Rainy,Roadwork
S006,Zogu i Zi,2026-06-04 08:40:00,243,26.1,Medium,Foggy,Normal
S004,Blloku,2026-06-04 08:45:00,191,26.7,Medium,Cloudy,Normal
S007,Airport Road,2026-06-04 08:50:00,239,8,High,Clear,Normal
S001,Tirana Center,2026-06-04 08:55:00,300,18.3,High,Clear,Normal
S006,Zogu i Zi,2026-06-04 09:00:00,267,9.2,High,Foggy,Normal
S007,Airport Road,2026-06-04 09:05:00,249,12.9,High,Rainy,Normal
S001,Tirana Center,2026-06-04 09:10:00,209,25.2,Medium,Cloudy,Normal
S004,Blloku,2026-06-04 09:15:00,228,19.0,High,Cloudy,Heavy Traffic
S001,Tirana Center,2026-06-04 09:20:00,200,28.3,Medium,Clear,Normal
S006,Zogu i Zi,2026-06-04 09:25:00,204,41.3,Medium,Rainy,Normal
S001,Tirana Center,2026-06-04 09:30:00,169,37.9,Medium,Foggy,Normal
S008,New Boulevard,2026-06-04 09:35:00,247,15.6,High,Rainy,Normal
S002,Ring Road,2026-06-04 09:40:00,288,9.5,High,Clear,Normal
S003,Student City,2026-06-04 09:45:00,294,8,High,Cloudy,Normal
S005,Durres Road,2026-06-04 09:50:00,262,12.4,High,Foggy,Normal
S008,New Boulevard,2026-06-04 09:55:00,246,8,High,Foggy,Normal
S006,Zogu i Zi,2026-06-04 10:00:00,126,23.0,Medium,Cloudy,Normal
S005,Durres Road,2026-06-04 10:05:00,95,39.5,Low,Clear,Heavy Traffic
S004,Blloku,2026-06-04 10:10:00,86,32.1,Medium,Rainy,Normal
S006,Zogu i Zi,2026-06-04 10:15:00,25,63.4,Low,Cloudy,Normal
S002,Ring Road,2026-06-04 10:20:00,81,52.4,Low,Foggy,Heavy Traffic
S008,New Boulevard,2026-06-04 10:25:00,60,37.4,Medium,Rainy,Normal
S005,Durres Road,2026-06-04 10:30:00,157,28.8,Medium,Cloudy,Heavy Traffic
S005,Durres Road,2026-06-04 10:35:00,107,54.5,Low,Foggy,Normal
S002,Ring Road,2026-06-04 10:40:00,70,46.6,Low,Clear,Normal
S007,Airport Road,2026-06-04 10:45:00,138,34.8,Medium,Cloudy,Normal
S007,Airport Road,2026-06-04 10:50:00,134,28.5,Medium,Rainy,Normal
S006,Zogu i Zi,2026-06-04 10:55:00,79,26.8,Medium,Clear,Normal
S008,New Boulevard,2026-06-04 11:00:00,91,43.0,Low,Cloudy,Normal
S002,Ring Road,2026-06-04 11:05:00,71,35.4,Medium,Foggy,Normal
S008,New Boulevard,2026-06-04 11:10:00,29,63.6,Low,Cloudy,Normal
S008,New Boulevard,2026-06-04 11:15:00,102,40.5,Low,Clear,Normal
S001,Tirana Center,2026-06-04 11:20:00,93,44.1,Low,Clear,Normal
S002,Ring Road,2026-06-04 11:25:00,90,39.9,Low,Rainy,Normal
S008,New Boulevard,2026-06-04 11:30:00,70,53.3,Low,Rainy,Normal
S003,Student City,2026-06-04 11:35:00,146,35.9,Medium,Rainy,Normal
S008,New Boulevard,2026-06-04 11:40:00,103,34.9,Medium,Foggy,Normal
S004,Blloku,2026-06-04 11:45:00,115,24.2,Medium,Clear,Normal
S005,Durres Road,2026-06-04 11:50:00,124,44.1,Low,Cloudy,Normal
S008,New Boulevard,2026-06-04 11:55:00,78,33.5,Medium,Foggy,Normal
S004,Blloku,2026-06-04 12:00:00,71,39.3,Low,Cloudy,Normal
S006,Zogu i Zi,2026-06-04 12:05:00,106,53.7,Low,Cloudy,Normal
S003,Student City,2026-06-04 12:10:00,113,58.4,Low,Clear,Normal
S008,New Boulevard,2026-06-04 12:15:00,122,38.7,Low,Cloudy,Normal
S005,Durres Road,2026-06-04 12:20:00,47,50.6,Low,Foggy,Normal
S002,Ring Road,2026-06-04 12:25:00,108,37.8,Medium,Foggy,Normal
S003,Student City,2026-06-04 12:30:00,130,26.8,Medium,Rainy,Heavy Traffic
S004,Blloku,2026-06-04 12:35:00,86,48.4,Low,Foggy,Normal
S005,Durres Road,2026-06-04 12:40:00,151,29.3,Medium,Rainy,Normal
S008,New Boulevard,2026-06-04 12:45:00,61,67.4,Low,Foggy,Normal
S003,Student City,2026-06-04 12:50:00,144,26.5,Medium,Clear,Normal
S007,Airport Road,2026-06-04 12:55:00,116,47.5,Low,Cloudy,Normal
S007,Airport Road,2026-06-04 13:00:00,73,50.0,Low,Rainy,Normal
S003,Student City,2026-06-04 13:05:00,152,39.3,Medium,Rainy,Normal
S001,Tirana Center,2026-06-04 13:10:00,132,31.2,Medium,Rainy,Normal
S005,Durres Road,2026-06-04 13:15:00,142,20.3,High,Clear,Normal
S007,Airport Road,2026-06-04 13:20:00,103,29.2,Medium,Cloudy,Normal
S003,Student City,2026-06-04 13:25:00,149,36.4,Medium,Clear,Normal
S003,Student City,2026-06-04 13:30:00,100,40.0,Low,Foggy,Normal
S001,Tirana Center,2026-06-04 13:35:00,95,29.7,Medium,Clear,Roadwork
S001,Tirana Center,2026-06-04 13:40:00,151,39.7,Medium,Foggy,Normal
S006,Zogu i Zi,2026-06-04 13:45:00,111,23.1,Medium,Clear,Normal
S003,Student City,2026-06-04 13:50:00,76,39.3,Low,Foggy,Normal
S002,Ring Road,2026-06-04 13:55:00,134,37.3,Medium,Rainy,Normal
S007,Airport Road,2026-06-04 14:00:00,162,24.1,Medium,Cloudy,Normal
S002,Ring Road,2026-06-04 14:05:00,91,58.4,Low,Foggy,Normal
S004,Blloku,2026-06-04 14:10:00,119,27.2,Medium,Rainy,Normal
S001,Tirana Center,2026-06-04 14:15:00,80,30.8,Medium,Rainy,Normal
S004,Blloku,2026-06-04 14:20:00,103,48.1,Low,Clear,Normal
S004,Blloku,2026-06-04 14:25:00,87,38.8,Low,Cloudy,Normal
S007,Airport Road,2026-06-04 14:30:00,89,42.5,Low,Rainy,Normal
S001,Tirana Center,2026-06-04 14:35:00,93,49.3,Low,Cloudy,Normal
S005,Durres Road,2026-06-04 14:40:00,116,41.0,Low,Foggy,Normal
S006,Zogu i Zi,2026-06-04 14:45:00,136,20.5,High,Foggy,Normal
S003,Student City,2026-06-04 14:50:00,107,43.5,Low,Foggy,Normal
S007,Airport Road,2026-06-04 14:55:00,67,59.6,Low,Clear,Normal
S004,Blloku,2026-06-04 15:00:00,101,30.2,Medium,Foggy,Normal
S008,New Boulevard,2026-06-04 15:05:00,110,39.3,Low,Foggy,Normal
S005,Durres Road,2026-06-04 15:10:00,63,25.1,Medium,Clear,Normal
S006,Zogu i Zi,2026-06-04 15:15:00,102,34.7,Medium,Foggy,Normal
S004,Blloku,2026-06-04 15:20:00,96,52.7,Low,Rainy,Normal
S007,Airport Road,2026-06-04 15:25:00,107,49.5,Low,Foggy,Heavy Traffic
S003,Student City,2026-06-04 15:30:00,61,48.9,Low,Foggy,Roadwork
S005,Durres Road,2026-06-04 15:35:00,111,42.0,Low,Clear,Normal
S006,Zogu i Zi,2026-06-04 15:40:00,125,41.0,Low,Clear,Normal
S003,Student City,2026-06-04 15:45:00,83,50.3,Low,Cloudy,Normal
S002,Ring Road,2026-06-04 15:50:00,105,48.2,Low,Foggy,Normal
S002,Ring Road,2026-06-04 15:55:00,122,44.0,Low,Cloudy,Normal
S001,Tirana Center,2026-06-04 16:00:00,228,15.1,High,Rainy,Heavy Traffic
S005,Durres Road,2026-06-04 16:05:00,232,8,High,Rainy,Normal
S007,Airport Road,2026-06-04 16:10:00,144,35.1,Medium,Rainy,Normal
S006,Zogu i Zi,2026-06-04 16:15:00,150,39.3,Low,Foggy,Normal
S006,Zogu i Zi,2026-06-04 16:20:00,244,21.8,High,Clear,Normal
S002,Ring Road,2026-06-04 16:25:00,170,22.9,Medium,Cloudy,Normal
S005,Durres Road,2026-06-04 16:30:00,283,8.7,High,Cloudy,Normal
S003,Student City,2026-06-04 16:35:00,225,8,High,Rainy,Normal
S008,New Boulevard,2026-06-04 16:40:00,227,21.7,High,Clear,Normal
S008,New Boulevard,2026-06-04 16:45:00,188,17.9,High,Foggy,Normal
S005,Durres Road,2026-06-04 16:50:00,181,18.9,High,Cloudy,Normal
S003,Student City,2026-06-04 16:55:00,222,18.8,High,Foggy,Normal
S003,Student City,2026-06-04 17:00:00,204,15.6,High,Rainy,Normal
S002,Ring Road,2026-06-04 17:05:00,232,23.9,Medium,Foggy,Normal
S008,New Boulevard,2026-06-04 17:10:00,171,20.4,High,Rainy,Normal
S003,Student City,2026-06-04 17:15:00,283,8,High,Clear,Normal
S007,Airport Road,2026-06-04 17:20:00,202,12.1,High,Clear,Normal
S007,Airport Road,2026-06-04 17:25:00,241,20.2,High,Foggy,Normal
S005,Durres Road,2026-06-04 17:30:00,249,9.1,High,Rainy,Normal
S002,Ring Road,2026-06-04 17:35:00,223,12.2,High,Rainy,Normal
S003,Student City,2026-06-04 17:40:00,244,32.4,Medium,Cloudy,Normal
S007,Airport Road,2026-06-04 17:45:00,226,32.9,Medium,Clear,Normal
S004,Blloku,2026-06-04 17:50:00,222,28.0,Medium,Cloudy,Normal
S002,Ring Road,2026-06-04 17:55:00,214,27.6,Medium,Foggy,Roadwork
S007,Airport Road,2026-06-04 18:00:00,260,25.4,High,Foggy,Normal
S008,New Boulevard,2026-06-04 18:05:00,211,31.6,Medium,Cloudy,Normal
S007,Airport Road,2026-06-04 18:10:00,227,20.4,High,Cloudy,Normal
S006,Zogu i Zi,2026-06-04 18:15:00,302,11.7,High,Foggy,Normal
S005,Durres Road,2026-06-04 18:20:00,159,34.4,Medium,Foggy,Normal
S006,Zogu i Zi,2026-06-04 18:25:00,192,27.9,Medium,Foggy,Normal
S003,Student City,2026-06-04 18:30:00,155,49.6,Medium,Clear,Normal
S006,Zogu i Zi,2026-06-04 18:35:00,191,28.4,Medium,Clear,Normal
S002,Ring Road,2026-06-04 18:40:00,239,23.0,Medium,Clear,Normal
S006,Zogu i Zi,2026-06-04 18:45:00,234,42.3,Medium,Cloudy,Normal
S001,Tirana Center,2026-06-04 18:50:00,218,27.5,Medium,Clear,Normal
S001,Tirana Center,2026-06-04 18:55:00,202,25.9,Medium,Foggy,Normal
S004,Blloku,2026-06-04 19:00:00,20,47.4,Low,Foggy,Normal
S007,Airport Road,2026-06-04 19:05:00,117,55.0,Low,Clear,Normal
S002,Ring Road,2026-06-04 19:10:00,63,32.8,Medium,Cloudy,Normal
S001,Tirana Center,2026-06-04 19:15:00,161,35.1,Medium,Foggy,Normal
S006,Zogu i Zi,2026-06-04 19:20:00,77,36.5,Medium,Rainy,Normal
S008,New Boulevard,2026-06-04 19:25:00,116,43.1,Low,Clear,Normal
S001,Tirana Center,2026-06-04 19:30:00,179,27.3,Medium,Cloudy,Normal
S007,Airport Road,2026-06-04 19:35:00,25,55.8,Low,Clear,Normal
S007,Airport Road,2026-06-04 19:40:00,133,48.3,Low,Cloudy,Normal
S007,Airport Road,2026-06-04 19:45:00,92,45.3,Low,Cloudy,Normal
S002,Ring Road,2026-06-04 19:50:00,71,48.8,Low,Cloudy,Normal
S004,Blloku,2026-06-04 19:55:00,126,39.2,Low,Foggy,Normal
S002,Ring Road,2026-06-04 20:00:00,113,47.7,Low,Rainy,Normal
S002,Ring Road,2026-06-04 20:05:00,127,26.4,Medium,Rainy,Normal
S005,Durres Road,2026-06-04 20:10:00,123,56.8,Low,Rainy,Normal
S004,Blloku,2026-06-04 20:15:00,131,31.1,Medium,Rainy,Heavy Traffic
S008,New Boulevard,2026-06-04 20:20:00,124,34.5,Medium,Rainy,Heavy Traffic
S003,Student City,2026-06-04 20:25:00,85,46.9,Low,Clear,Normal
S005,Durres Road,2026-06-04 20:30:00,79,47.3,Low,Rainy,Normal
S005,Durres Road,2026-06-04 20:35:00,96,32.0,Medium,Cloudy,Normal
S007,Airport Road,2026-06-04 20:40:00,129,38.9,Low,Rainy,Normal
S006,Zogu i Zi,2026-06-04 20:45:00,115,30.1,Medium,Clear,Normal
S006,Zogu i Zi,2026-06-04 20:50:00,106,57.7,Low,Cloudy,Normal
S007,Airport Road,2026-06-04 20:55:00,116,37.4,Medium,Clear,Normal
S004,Blloku,2026-06-04 21:00:00,148,42.0,Low,Foggy,Heavy Traffic
S004,Blloku,2026-06-04 21:05:00,66,46.6,Low,Foggy,Normal
S003,Student City,2026-06-04 21:10:00,145,19.1,High,Rainy,Normal
S006,Zogu i Zi,2026-06-04 21:15:00,109,38.3,Low,Clear,Roadwork
S001,Tirana Center,2026-06-04 21:20:00,72,50.5,Low,Clear,Normal
S001,Tirana Center,2026-06-04 21:25:00,130,30.3,Medium,Cloudy,Normal
S006,Zogu i Zi,2026-06-04 21:30:00,132,14.9,High,Cloudy,Normal
S003,Student City,2026-06-04 21:35:00,133,38.0,Low,Cloudy,Normal
S004,Blloku,2026-06-04 21:40:00,77,54.6,Low,Rainy,Heavy Traffic
S002,Ring Road,2026-06-04 21:45:00,83,37.0,Medium,Cloudy,Normal
S006,Zogu i Zi,2026-06-04 21:50:00,157,29.5,Medium,Cloudy,Normal
S001,Tirana Center,2026-06-04 21:55:00,91,26.7,Medium,Foggy,Normal
S004,Blloku,2026-06-04 22:00:00,103,30.9,Medium,Clear,Normal
S006,Zogu i Zi,2026-06-04 22:05:00,94,34.3,Medium,Clear,Normal
S007,Airport Road,2026-06-04 22:10:00,130,28.8,Medium,Clear,Normal
S007,Airport Road,2026-06-04 22:15:00,70,36.7,Medium,Foggy,Normal
S005,Durres Road,2026-06-04 22:20:00,90,22.5,Medium,Foggy,Heavy Traffic
S003,Student City,2026-06-04 22:25:00,58,48.4,Low,Clear,Normal
S006,Zogu i Zi,2026-06-04 22:30:00,155,32.0,Medium,Cloudy,Normal
S004,Blloku,2026-06-04 22:35:00,61,52.5,Low,Foggy,Normal
S004,Blloku,2026-06-04 22:40:00,89,50.5,Low,Cloudy,Normal
S003,Student City,2026-06-04 22:45:00,125,44.9,Low,Clear,Heavy Traffic
S005,Durres Road,2026-06-04 22:50:00,133,29.5,Medium,Clear,Normal
S006,Zogu i Zi,2026-06-04 22:55:00,89,37.7,Medium,Rainy,Normal
S008,New Boulevard,2026-06-04 23:00:00,115,22.9,Medium,Cloudy,Normal
S001,Tirana Center,2026-06-04 23:05:00,72,34.7,Medium,Clear,Normal
S002,Ring Road,2026-06-04 23:10:00,46,64.1,Low,Foggy,Normal
S003,Student City,2026-06-04 23:15:00,133,47.8,Low,Clear,Normal
S008,New Boulevard,2026-06-04 23:20:00,61,23.4,Medium,Cloudy,Normal
S003,Student City,2026-06-04 23:25:00,106,27.3,Medium,Foggy,Normal
S003,Student City,2026-06-04 23:30:00,67,44.6,Low,Foggy,Heavy Traffic
S004,Blloku,2026-06-04 23:35:00,72,42.9,Low,Foggy,Normal
S001,Tirana Center,2026-06-04 23:40:00,77,42.8,Low,Clear,Normal
S008,New Boulevard,2026-06-04 23:45:00,98,26.5,Medium,Cloudy,Accident
S004,Blloku,2026-06-04 23:50:00,107,39.2,Low,Clear,Normal
S006,Zogu i Zi,2026-06-04 23:55:00,91,33.6,Medium,Rainy,Normal
S003,Student City,2026-06-05 00:00:00,116,34.7,Medium,Cloudy,Accident
S005,Durres Road,2026-06-05 00:05:00,70,63.6,Low,Cloudy,Normal
S004,Blloku,2026-06-05 00:10:00,113,41.7,Low,Rainy,Normal
S001,Tirana Center,2026-06-05 00:15:00,155,23.2,Medium,Cloudy,Normal
S002,Ring Road,2026-06-05 00:20:00,121,37.2,Medium,Foggy,Normal
S002,Ring Road,2026-06-05 00:25:00,101,43.2,Low,Rainy,Normal
S004,Blloku,2026-06-05 00:30:00,118,29.4,Medium,Clear,Normal
S001,Tirana Center,2026-06-05 00:35:00,103,34.4,Medium,Foggy,Normal
S008,New Boulevard,2026-06-05 00:40:00,122,45.5,Low,Cloudy,Normal
S006,Zogu i Zi,2026-06-05 00:45:00,107,36.1,Medium,Rainy,Normal
S002,Ring Road,2026-06-05 00:50:00,43,69.9,Low,Rainy,Normal
S007,Airport Road,2026-06-05 00:55:00,122,30.4,Medium,Foggy,Normal
S008,New Boulevard,2026-06-05 01:00:00,53,53.7,Low,Foggy,Normal
S002,Ring Road,2026-06-05 01:05:00,112,44.8,Low,Cloudy,Normal
S001,Tirana Center,2026-06-05 01:10:00,114,28.4,Medium,Cloudy,Heavy Traffic
S002,Ring Road,2026-06-05 01:15:00,110,28.3,Medium,Clear,Normal
S004,Blloku,2026-06-05 01:20:00,63,48.7,Low,Cloudy,Normal
S006,Zogu i Zi,2026-06-05 01:25:00,53,40.7,Low,Cloudy,Normal
S004,Blloku,2026-06-05 01:30:00,89,29.3,Medium,Cloudy,Normal
S001,Tirana Center,2026-06-05 01:35:00,116,32.2,Medium,Foggy,Normal
S008,New Boulevard,2026-06-05 01:40:00,79,44.6,Low,Cloudy,Accident
S005,Durres Road,2026-06-05 01:45:00,95,56.6,Low,Rainy,Normal
S001,Tirana Center,2026-06-05 01:50:00,182,35.2,Medium,Clear,Normal
S008,New Boulevard,2026-06-05 01:55:00,90,56.4,Low,Rainy,Normal
S002,Ring Road,2026-06-05 02:00:00,95,49.0,Low,Clear,Normal
S006,Zogu i Zi,2026-06-05 02:05:00,96,33.5,Medium,Rainy,Normal
S004,Blloku,2026-06-05 02:10:00,109,34.8,Medium,Cloudy,Normal
S004,Blloku,2026-06-05 02:15:00,118,33.7,Medium,Cloudy,Normal
S002,Ring Road,2026-06-05 02:20:00,174,35.2,Medium,Rainy,Normal
S005,Durres Road,2026-06-05 02:25:00,156,30.7,Medium,Foggy,Normal
S007,Airport Road,2026-06-05 02:30:00,112,50.1,Low,Rainy,Heavy Traffic
S002,Ring Road,2026-06-05 02:35:00,75,53.1,Low,Foggy,Normal
S007,Airport Road,2026-06-05 02:40:00,128,39.4,Low,Cloudy,Normal
S007,Airport Road,2026-06-05 02:45:00,118,34.4,Medium,Clear,Heavy Traffic
S001,Tirana Center,2026-06-05 02:50:00,154,27.4,Medium,Clear,Normal
S004,Blloku,2026-06-05 02:55:00,115,51.9,Low,Cloudy,Normal
S002,Ring Road,2026-06-05 03:00:00,91,43.0,Low,Rainy,Normal
S002,Ring Road,2026-06-05 03:05:00,35,37.2,Medium,Rainy,Normal
S003,Student City,2026-06-05 03:10:00,49,42.5,Low,Foggy,Normal
S005,Durres Road,2026-06-05 03:15:00,111,37.1,Medium,Foggy,Normal
S008,New Boulevard,2026-06-05 03:20:00,111,31.9,Medium,Rainy,Normal
S006,Zogu i Zi,2026-06-05 03:25:00,136,54.3,Low,Cloudy,Normal
S007,Airport Road,2026-06-05 03:30:00,74,50.1,Low,Foggy,Heavy Traffic
S005,Durres Road,2026-06-05 03:35:00,87,54.7,Low,Rainy,Normal
S007,Airport Road,2026-06-05 03:40:00,116,40.2,Low,Rainy,Normal
S008,New Boulevard,2026-06-05 03:45:00,161,44.7,Medium,Cloudy,Normal
S005,Durres Road,2026-06-05 03:50:00,157,29.5,Medium,Clear,Normal
S005,Durres Road,2026-06-05 03:55:00,116,38.3,Low,Rainy,Normal
S004,Blloku,2026-06-05 04:00:00,70,53.1,Low,Foggy,Normal
S007,Airport Road,2026-06-05 04:05:00,165,34.6,Medium,Cloudy,Normal
S001,Tirana Center,2026-06-05 04:10:00,141,31.7,Medium,Rainy,Normal
S001,Tirana Center,2026-06-05 04:15:00,58,46.3,Low,Clear,Normal
S004,Blloku,2026-06-05 04:20:00,116,35.8,Medium,Cloudy,Normal
S007,Airport Road,2026-06-05 04:25:00,108,46.4,Low,Clear,Normal
S002,Ring Road,2026-06-05 04:30:00,147,38.0,Medium,Rainy,Normal
S004,Blloku,2026-06-05 04:35:00,147,31.2,Medium,Foggy,Heavy Traffic
S007,Airport Road,2026-06-05 04:40:00,89,49.1,Low,Foggy,Normal
S007,Airport Road,2026-06-05 04:45:00,124,45.8,Low,Clear,Normal
S001,Tirana Center,2026-06-05 04:50:00,99,50.6,Low,Clear,Normal
S006,Zogu i Zi,2026-06-05 04:55:00,138,23.6,Medium,Cloudy,Normal
S003,Student City,2026-06-05 05:00:00,33,42.5,Low,Foggy,Normal
S006,Zogu i Zi,2026-06-05 05:05:00,140,31.7,Medium,Cloudy,Normal
S007,Airport Road,2026-06-05 05:10:00,146,41.0,Low,Rainy,Normal
S004,Blloku,2026-06-05 05:15:00,106,27.7,Medium,Clear,Heavy Traffic
S001,Tirana Center,2026-06-05 05:20:00,92,44.6,Low,Cloudy,Normal
S008,New Boulevard,2026-06-05 05:25:00,117,37.2,Medium,Cloudy,Normal
S007,Airport Road,2026-06-05 05:30:00,143,31.7,Medium,Cloudy,Normal
S001,Tirana Center,2026-06-05 05:35:00,41,50.7,Low,Rainy,Normal
S001,Tirana Center,2026-06-05 05:40:00,109,32.5,Medium,Clear,Normal
S004,Blloku,2026-06-05 05:45:00,117,27.3,Medium,Foggy,Heavy Traffic
S007,Airport Road,2026-06-05 05:50:00,128,34.3,Medium,Foggy,Normal
S008,New Boulevard,2026-06-05 05:55:00,129,17.7,High,Foggy,Normal
S005,Durres Road,2026-06-05 06:00:00,131,39.7,Low,Clear,Normal
S005,Durres Road,2026-06-05 06:05:00,178,17.5,High,Clear,Normal
S007,Airport Road,2026-06-05 06:10:00,124,45.5,Low,Foggy,Normal
S007,Airport Road,2026-06-05 06:15:00,97,49.6,Low,Foggy,Accident
S003,Student City,2026-06-05 06:20:00,98,37.1,Medium,Clear,Normal
S008,New Boulevard,2026-06-05 06:25:00,88,46.1,Low,Rainy,Normal
S005,Durres Road,2026-06-05 06:30:00,64,49.7,Low,Rainy,Normal
S005,Durres Road,2026-06-05 06:35:00,123,38.2,Low,Clear,Normal
S005,Durres Road,2026-06-05 06:40:00,160,27.0,Medium,Cloudy,Normal
S008,New Boulevard,2026-06-05 06:45:00,122,46.0,Low,Rainy,Normal
S007,Airport Road,2026-06-05 06:50:00,118,12.8,High,Clear,Roadwork
S007,Airport Road,2026-06-05 06:55:00,142,36.8,Medium,Rainy,Normal
S005,Durres Road,2026-06-05 07:00:00,283,9.8,High,Clear,Normal
S007,Airport Road,2026-06-05 07:05:00,220,20.8,High,Clear,Normal
S003,Student City,2026-06-05 07:10:00,226,19.3,High,Foggy,Normal
S006,Zogu i Zi,2026-06-05 07:15:00,175,30.6,Medium,Cloudy,Normal
S008,New Boulevard,2026-06-05 07:20:00,215,8,High,Clear,Normal
S003,Student City,2026-06-05 07:25:00,211,29.3,Medium,Cloudy,Normal
S002,Ring Road,2026-06-05 07:30:00,174,36.2,Medium,Cloudy,Normal
S007,Airport Road,2026-06-05 07:35:00,215,28.3,Medium,Clear,Normal
S003,Student City,2026-06-05 07:40:00,210,26.9,Medium,Cloudy,Normal
S005,Durres Road,2026-06-05 07:45:00,185,9.2,High,Foggy,Roadwork
S007,Airport Road,2026-06-05 07:50:00,222,8,High,Clear,Normal
S007,Airport Road,2026-06-05 07:55:00,221,31.5,Medium,Clear,Normal
S002,Ring Road,2026-06-05 08:00:00,178,21.4,High,Clear,Normal
S002,Ring Road,2026-06-05 08:05:00,251,31.1,High,Rainy,Normal
S004,Blloku,2026-06-05 08:10:00,237,38.0,Medium,Foggy,Normal
S001,Tirana Center,2026-06-05 08:15:00,183,38.9,Medium,Foggy,Normal
S004,Blloku,2026-06-05 08:20:00,205,29.1,Medium,Cloudy,Normal
S005,Durres Road,2026-06-05 08:25:00,201,27.3,Medium,Clear,Normal
S008,New Boulevard,2026-06-05 08:30:00,209,28.8,Medium,Cloudy,Normal
S007,Airport Road,2026-06-05 08:35:00,225,35.6,Medium,Cloudy,Normal
S008,New Boulevard,2026-06-05 08:40:00,214,22.7,Medium,Foggy,Normal
S001,Tirana Center,2026-06-05 08:45:00,225,12.0,High,Rainy,Normal
S001,Tirana Center,2026-06-05 08:50:00,203,13.4,High,Clear,Heavy Traffic
S003,Student City,2026-06-05 08:55:00,210,22.8,Medium,Rainy,Normal
S004,Blloku,2026-06-05 09:00:00,185,22.6,Medium,Foggy,Accident
S004,Blloku,2026-06-05 09:05:00,191,49.0,Medium,Foggy,Normal
S001,Tirana Center,2026-06-05 09:10:00,213,37.4,Medium,Cloudy,Roadwork
S006,Zogu i Zi,2026-06-05 09:15:00,239,28.7,Medium,Rainy,Normal
S004,Blloku,2026-06-05 09:20:00,217,29.3,Medium,Cloudy,Normal
S001,Tirana Center,2026-06-05 09:25:00,131,33.2,Medium,Clear,Normal
S008,New Boulevard,2026-06-05 09:30:00,252,8,High,Rainy,Normal
S002,Ring Road,2026-06-05 09:35:00,178,25.1,Medium,Clear,Normal
S002,Ring Road,2026-06-05 09:40:00,165,20.2,High,Foggy,Normal
S006,Zogu i Zi,2026-06-05 09:45:00,173,28.9,Medium,Foggy,Normal
S001,Tirana Center,2026-06-05 09:50:00,310,8,High,Rainy,Normal
S005,Durres Road,2026-06-05 09:55:00,205,13.2,High,Foggy,Normal
S002,Ring Road,2026-06-05 10:00:00,93,39.9,Low,Rainy,Normal
S003,Student City,2026-06-05 10:05:00,97,46.2,Low,Cloudy,Heavy Traffic
S006,Zogu i Zi,2026-06-05 10:10:00,123,37.3,Medium,Rainy,Normal
S002,Ring Road,2026-06-05 10:15:00,76,38.2,Low,Cloudy,Normal
S005,Durres Road,2026-06-05 10:20:00,52,34.8,Medium,Foggy,Normal
S004,Blloku,2026-06-05 10:25:00,51,37.1,Medium,Foggy,Normal
S005,Durres Road,2026-06-05 10:30:00,107,33.6,Medium,Rainy,Roadwork
S007,Airport Road,2026-06-05 10:35:00,178,26.2,Medium,Rainy,Normal
S003,Student City,2026-06-05 10:40:00,157,13.7,High,Cloudy,Normal
S006,Zogu i Zi,2026-06-05 10:45:00,89,50.7,Low,Cloudy,Normal
S008,New Boulevard,2026-06-05 10:50:00,104,40.1,Low,Foggy,Normal
S007,Airport Road,2026-06-05 10:55:00,96,44.1,Low,Rainy,Normal
S003,Student City,2026-06-05 11:00:00,122,54.6,Low,Clear,Normal
S005,Durres Road,2026-06-05 11:05:00,107,42.3,Low,Cloudy,Normal
S007,Airport Road,2026-06-05 11:10:00,93,31.9,Medium,Rainy,Normal
S003,Student City,2026-06-05 11:15:00,135,46.2,Low,Rainy,Normal
S004,Blloku,2026-06-05 11:20:00,68,37.9,Medium,Clear,Normal
S008,New Boulevard,2026-06-05 11:25:00,94,37.8,Medium,Cloudy,Normal
S002,Ring Road,2026-06-05 11:30:00,109,46.1,Low,Cloudy,Accident
S007,Airport Road,2026-06-05 11:35:00,86,50.5,Low,Cloudy,Normal
S006,Zogu i Zi,2026-06-05 11:40:00,114,49.3,Low,Cloudy,Normal
S002,Ring Road,2026-06-05 11:45:00,78,51.3,Low,Clear,Normal
S004,Blloku,2026-06-05 11:50:00,191,10.8,High,Cloudy,Normal
S007,Airport Road,2026-06-05 11:55:00,102,50.6,Low,Foggy,Normal
S001,Tirana Center,2026-06-05 12:00:00,86,36.4,Medium,Cloudy,Normal
S006,Zogu i Zi,2026-06-05 12:05:00,36,53.1,Low,Clear,Roadwork
S002,Ring Road,2026-06-05 12:10:00,104,35.0,Medium,Foggy,Normal
S007,Airport Road,2026-06-05 12:15:00,152,31.2,Medium,Cloudy,Normal
S001,Tirana Center,2026-06-05 12:20:00,100,46.9,Low,Rainy,Heavy Traffic
S005,Durres Road,2026-06-05 12:25:00,169,28.5,Medium,Foggy,Normal
S002,Ring Road,2026-06-05 12:30:00,98,55.0,Low,Foggy,Normal
S003,Student City,2026-06-05 12:35:00,100,51.0,Low,Rainy,Heavy Traffic
S007,Airport Road,2026-06-05 12:40:00,53,54.4,Low,Cloudy,Normal
S008,New Boulevard,2026-06-05 12:45:00,143,34.0,Medium,Rainy,Normal
S008,New Boulevard,2026-06-05 12:50:00,91,42.3,Low,Foggy,Normal
S007,Airport Road,2026-06-05 12:55:00,135,34.1,Medium,Foggy,Normal
S002,Ring Road,2026-06-05 13:00:00,128,30.1,Medium,Clear,Accident
S002,Ring Road,2026-06-05 13:05:00,41,54.4,Low,Cloudy,Normal
S004,Blloku,2026-06-05 13:10:00,102,43.6,Low,Foggy,Normal
S004,Blloku,2026-06-05 13:15:00,99,36.6,Medium,Rainy,Heavy Traffic
S007,Airport Road,2026-06-05 13:20:00,82,28.5,Medium,Clear,Normal
S004,Blloku,2026-06-05 13:25:00,85,46.6,Low,Rainy,Normal
S005,Durres Road,2026-06-05 13:30:00,59,29.9,Medium,Foggy,Normal
S001,Tirana Center,2026-06-05 13:35:00,104,51.3,Low,Clear,Normal
S006,Zogu i Zi,2026-06-05 13:40:00,96,27.9,Medium,Rainy,Normal
S008,New Boulevard,2026-06-05 13:45:00,112,28.8,Medium,Foggy,Normal
S005,Durres Road,2026-06-05 13:50:00,177,22.8,Medium,Clear,Normal
S003,Student City,2026-06-05 13:55:00,126,31.2,Medium,Foggy,Normal
S002,Ring Road,2026-06-05 14:00:00,54,43.8,Low,Rainy,Normal
S007,Airport Road,2026-06-05 14:05:00,110,36.4,Medium,Foggy,Normal
S005,Durres Road,2026-06-05 14:10:00,152,32.3,Medium,Clear,Normal
S001,Tirana Center,2026-06-05 14:15:00,112,35.6,Medium,Cloudy,Normal
S005,Durres Road,2026-06-05 14:20:00,79,51.8,Low,Rainy,Normal
S002,Ring Road,2026-06-05 14:25:00,89,41.1,Low,Foggy,Normal
S004,Blloku,2026-06-05 14:30:00,91,33.5,Medium,Cloudy,Normal
S008,New Boulevard,2026-06-05 14:35:00,20,42.7,Low,Cloudy,Normal
S006,Zogu i Zi,2026-06-05 14:40:00,106,29.5,Medium,Clear,Accident
S004,Blloku,2026-06-05 14:45:00,65,62.2,Low,Rainy,Normal
S008,New Boulevard,2026-06-05 14:50:00,92,53.3,Low,Cloudy,Normal
S008,New Boulevard,2026-06-05 14:55:00,142,25.2,Medium,Foggy,Normal
S007,Airport Road,2026-06-05 15:00:00,86,52.4,Low,Foggy,Normal
S005,Durres Road,2026-06-05 15:05:00,54,51.1,Low,Rainy,Normal
S007,Airport Road,2026-06-05 15:10:00,71,58.7,Low,Rainy,Normal
S002,Ring Road,2026-06-05 15:15:00,88,34.9,Medium,Cloudy,Normal
S002,Ring Road,2026-06-05 15:20:00,121,32.0,Medium,Rainy,Normal
S002,Ring Road,2026-06-05 15:25:00,148,37.9,Medium,Rainy,Normal
S006,Zogu i Zi,2026-06-05 15:30:00,148,24.2,Medium,Foggy,Normal
S007,Airport Road,2026-06-05 15:35:00,183,22.3,Medium,Cloudy,Normal
S006,Zogu i Zi,2026-06-05 15:40:00,79,55.0,Low,Clear,Normal
S001,Tirana Center,2026-06-05 15:45:00,162,37.7,Medium,Clear,Normal
S006,Zogu i Zi,2026-06-05 15:50:00,67,44.5,Low,Cloudy,Normal
S007,Airport Road,2026-06-05 15:55:00,148,42.5,Low,Cloudy,Normal
S004,Blloku,2026-06-05 16:00:00,206,25.0,Medium,Foggy,Heavy Traffic
S002,Ring Road,2026-06-05 16:05:00,210,23.6,Medium,Rainy,Heavy Traffic
S008,New Boulevard,2026-06-05 16:10:00,255,9.8,High,Cloudy,Normal
S001,Tirana Center,2026-06-05 16:15:00,239,20.3,High,Cloudy,Normal
S005,Durres Road,2026-06-05 16:20:00,257,13.1,High,Rainy,Normal
S008,New Boulevard,2026-06-05 16:25:00,260,18.6,High,Rainy,Roadwork
S001,Tirana Center,2026-06-05 16:30:00,223,8,High,Rainy,Normal
S007,Airport Road,2026-06-05 16:35:00,240,8,High,Foggy,Normal
S005,Durres Road,2026-06-05 16:40:00,217,36.4,Medium,Rainy,Normal
S003,Student City,2026-06-05 16:45:00,265,9.4,High,Rainy,Normal
S004,Blloku,2026-06-05 16:50:00,217,21.8,High,Foggy,Accident
S002,Ring Road,2026-06-05 16:55:00,224,23.0,Medium,Foggy,Normal
S007,Airport Road,2026-06-05 17:00:00,257,17.5,High,Cloudy,Accident
S003,Student City,2026-06-05 17:05:00,198,14.0,High,Cloudy,Normal
S008,New Boulevard,2026-06-05 17:10:00,191,32.0,Medium,Cloudy,Normal
S008,New Boulevard,2026-06-05 17:15:00,201,23.1,Medium,Cloudy,Normal
S004,Blloku,2026-06-05 17:20:00,210,28.0,Medium,Rainy,Roadwork
S001,Tirana Center,2026-06-05 17:25:00,177,37.2,Medium,Cloudy,Normal
S008,New Boulevard,2026-06-05 17:30:00,193,33.7,Medium,Foggy,Normal
S007,Airport Road,2026-06-05 17:35:00,203,14.3,High,Rainy,Normal
S002,Ring Road,2026-06-05 17:40:00,214,15.1,High,Rainy,Normal
S003,Student City,2026-06-05 17:45:00,240,16.2,High,Rainy,Normal
S008,New Boulevard,2026-06-05 17:50:00,253,8,High,Clear,Heavy Traffic
S004,Blloku,2026-06-05 17:55:00,222,15.1,High,Cloudy,Normal
S008,New Boulevard,2026-06-05 18:00:00,258,13.1,High,Cloudy,Heavy Traffic
S005,Durres Road,2026-06-05 18:05:00,241,30.9,Medium,Rainy,Normal
S007,Airport Road,2026-06-05 18:10:00,260,20.9,High,Foggy,Normal
S008,New Boulevard,2026-06-05 18:15:00,237,25.7,Medium,Rainy,Normal
S004,Blloku,2026-06-05 18:20:00,191,27.3,Medium,Clear,Normal
S008,New Boulevard,2026-06-05 18:25:00,238,17.4,High,Clear,Normal
S005,Durres Road,2026-06-05 18:30:00,188,28.4,Medium,Cloudy,Normal
S008,New Boulevard,2026-06-05 18:35:00,224,23.4,Medium,Foggy,Normal
S001,Tirana Center,2026-06-05 18:40:00,190,11.6,High,Cloudy,Normal
S008,New Boulevard,2026-06-05 18:45:00,218,27.8,Medium,Cloudy,Normal
S002,Ring Road,2026-06-05 18:50:00,212,13.7,High,Cloudy,Normal
S008,New Boulevard,2026-06-05 18:55:00,222,14.1,High,Foggy,Normal
S007,Airport Road,2026-06-05 19:00:00,33,59.7,Low,Cloudy,Normal
S001,Tirana Center,2026-06-05 19:05:00,48,53.6,Low,Clear,Normal
S005,Durres Road,2026-06-05 19:10:00,116,54.3,Low,Cloudy,Normal
S001,Tirana Center,2026-06-05 19:15:00,70,62.3,Low,Rainy,Normal
S001,Tirana Center,2026-06-05 19:20:00,55,40.2,Low,Foggy,Normal
S004,Blloku,2026-06-05 19:25:00,102,52.6,Low,Foggy,Normal
S008,New Boulevard,2026-06-05 19:30:00,134,36.5,Medium,Clear,Normal
S005,Durres Road,2026-06-05 19:35:00,131,34.8,Medium,Foggy,Normal
S006,Zogu i Zi,2026-06-05 19:40:00,108,48.1,Low,Foggy,Normal
S008,New Boulevard,2026-06-05 19:45:00,94,37.3,Medium,Rainy,Normal
S007,Airport Road,2026-06-05 19:50:00,76,58.3,Low,Cloudy,Normal
S005,Durres Road,2026-06-05 19:55:00,96,45.4,Low,Foggy,Heavy Traffic
S008,New Boulevard,2026-06-05 20:00:00,100,53.2,Low,Foggy,Heavy Traffic
S006,Zogu i Zi,2026-06-05 20:05:00,138,21.4,High,Rainy,Normal
S002,Ring Road,2026-06-05 20:10:00,107,39.2,Low,Rainy,Heavy Traffic
S005,Durres Road,2026-06-05 20:15:00,144,33.2,Medium,Cloudy,Normal
S001,Tirana Center,2026-06-05 20:20:00,20,65.8,Low,Clear,Normal
S003,Student City,2026-06-05 20:25:00,128,23.5,Medium,Cloudy,Normal
S001,Tirana Center,2026-06-05 20:30:00,108,52.6,Low,Clear,Normal
S002,Ring Road,2026-06-05 20:35:00,67,46.1,Low,Clear,Normal
S006,Zogu i Zi,2026-06-05 20:40:00,131,33.0,Medium,Cloudy,Normal
S007,Airport Road,2026-06-05 20:45:00,98,46.1,Low,Clear,Normal
S002,Ring Road,2026-06-05 20:50:00,178,20.8,High,Cloudy,Normal
S005,Durres Road,2026-06-05 20:55:00,171,18.1,High,Cloudy,Normal
S002,Ring Road,2026-06-05 21:00:00,142,34.1,Medium,Foggy,Heavy Traffic
S005,Durres Road,2026-06-05 21:05:00,51,40.6,Low,Cloudy,Normal
S001,Tirana Center,2026-06-05 21:10:00,103,46.3,Low,Rainy,Normal
S004,Blloku,2026-06-05 21:15:00,163,48.0,Medium,Rainy,Normal
S007,Airport Road,2026-06-05 21:20:00,155,49.8,Medium,Cloudy,Normal
S006,Zogu i Zi,2026-06-05 21:25:00,44,65.3,Low,Foggy,Heavy Traffic
S001,Tirana Center,2026-06-05 21:30:00,119,29.3,Medium,Rainy,Normal
S005,Durres Road,2026-06-05 21:35:00,46,48.7,Low,Cloudy,Normal
S003,Student City,2026-06-05 21:40:00,20,49.0,Low,Cloudy,Normal
S006,Zogu i Zi,2026-06-05 21:45:00,54,47.5,Low,Cloudy,Normal
S005,Durres Road,2026-06-05 21:50:00,92,29.6,Medium,Rainy,Normal
S001,Tirana Center,2026-06-05 21:55:00,63,47.3,Low,Cloudy,Normal
S007,Airport Road,2026-06-05 22:00:00,89,44.4,Low,Rainy,Normal
S001,Tirana Center,2026-06-05 22:05:00,132,39.4,Low,Foggy,Normal
S005,Durres Road,2026-06-05 22:10:00,98,51.1,Low,Foggy,Heavy Traffic
S003,Student City,2026-06-05 22:15:00,83,39.6,Low,Cloudy,Accident
S008,New Boulevard,2026-06-05 22:20:00,112,41.0,Low,Clear,Normal
S001,Tirana Center,2026-06-05 22:25:00,126,24.2,Medium,Cloudy,Normal
S001,Tirana Center,2026-06-05 22:30:00,167,8,High,Clear,Normal
S004,Blloku,2026-06-05 22:35:00,55,47.6,Low,Rainy,Normal
S004,Blloku,2026-06-05 22:40:00,99,40.1,Low,Clear,Heavy Traffic
S002,Ring Road,2026-06-05 22:45:00,101,43.1,Low,Foggy,Heavy Traffic
S003,Student City,2026-06-05 22:50:00,60,30.2,Medium,Rainy,Normal
S005,Durres Road,2026-06-05 22:55:00,70,36.9,Medium,Rainy,Normal
S004,Blloku,2026-06-05 23:00:00,95,34.4,Medium,Rainy,Normal
S003,Student City,2026-06-05 23:05:00,119,35.8,Medium,Rainy,Normal
S002,Ring Road,2026-06-05 23:10:00,129,40.4,Low,Clear,Normal
S006,Zogu i Zi,2026-06-05 23:15:00,99,39.6,Low,Foggy,Heavy Traffic
S003,Student City,2026-06-05 23:20:00,81,52.2,Low,Clear,Normal
S005,Durres Road,2026-06-05 23:25:00,88,32.9,Medium,Rainy,Normal
S005,Durres Road,2026-06-05 23:30:00,106,31.4,Medium,Rainy,Accident
S003,Student City,2026-06-05 23:35:00,114,43.3,Low,Foggy,Normal
S003,Student City,2026-06-05 23:40:00,93,36.6,Medium,Cloudy,Accident
S004,Blloku,2026-06-05 23:45:00,105,42.9,Low,Cloudy,Normal
S004,Blloku,2026-06-05 23:50:00,113,51.7,Low,Clear,Normal
S005,Durres Road,2026-06-05 23:55:00,198,22.4,Medium,Cloudy,Heavy Traffic
S001,Tirana Center,2026-06-06 00:00:00,133,25.4,Medium,Foggy,Normal
S005,Durres Road,2026-06-06 00:05:00,76,56.7,Low,Foggy,Normal
S005,Durres Road,2026-06-06 00:10:00,155,46.6,Medium,Clear,Normal
S004,Blloku,2026-06-06 00:15:00,119,44.2,Low,Clear,Normal
S004,Blloku,2026-06-06 00:20:00,81,37.1,Medium,Rainy,Normal
S006,Zogu i Zi,2026-06-06 00:25:00,111,47.6,Low,Cloudy,Normal
S004,Blloku,2026-06-06 00:30:00,121,40.5,Low,Cloudy,Normal
S007,Airport Road,2026-06-06 00:35:00,92,27.3,Medium,Foggy,Normal
S004,Blloku,2026-06-06 00:40:00,109,34.4,Medium,Clear,Roadwork
S002,Ring Road,2026-06-06 00:45:00,69,52.6,Low,Rainy,Normal
S006,Zogu i Zi,2026-06-06 00:50:00,122,26.7,Medium,Clear,Normal
S003,Student City,2026-06-06 00:55:00,64,63.4,Low,Rainy,Normal
S004,Blloku,2026-06-06 01:00:00,119,47.7,Low,Clear,Normal
S003,Student City,2026-06-06 01:05:00,63,48.8,Low,Foggy,Roadwork
S007,Airport Road,2026-06-06 01:10:00,180,31.6,Medium,Rainy,Normal
S001,Tirana Center,2026-06-06 01:15:00,70,41.9,Low,Rainy,Normal
S001,Tirana Center,2026-06-06 01:20:00,71,39.6,Low,Foggy,Normal
S003,Student City,2026-06-06 01:25:00,30,38.1,Low,Rainy,Normal
S008,New Boulevard,2026-06-06 01:30:00,76,37.1,Medium,Foggy,Normal
S004,Blloku,2026-06-06 01:35:00,82,38.4,Low,Clear,Normal
S008,New Boulevard,2026-06-06 01:40:00,136,47.0,Low,Cloudy,Normal
S003,Student City,2026-06-06 01:45:00,73,39.4,Low,Clear,Heavy Traffic
S006,Zogu i Zi,2026-06-06 01:50:00,78,34.4,Medium,Cloudy,Normal
S002,Ring Road,2026-06-06 01:55:00,131,35.4,Medium,Rainy,Normal
S005,Durres Road,2026-06-06 02:00:00,162,25.2,Medium,Foggy,Normal
S006,Zogu i Zi,2026-06-06 02:05:00,145,37.9,Medium,Clear,Normal
S002,Ring Road,2026-06-06 02:10:00,147,20.1,High,Clear,Normal
S008,New Boulevard,2026-06-06 02:15:00,94,29.1,Medium,Cloudy,Normal
S003,Student City,2026-06-06 02:20:00,96,40.8,Low,Foggy,Normal
S005,Durres Road,2026-06-06 02:25:00,115,19.5,High,Rainy,Roadwork
S007,Airport Road,2026-06-06 02:30:00,118,34.2,Medium,Rainy,Normal
S007,Airport Road,2026-06-06 02:35:00,65,57.9,Low,Cloudy,Normal
S001,Tirana Center,2026-06-06 02:40:00,126,29.6,Medium,Cloudy,Normal
S006,Zogu i Zi,2026-06-06 02:45:00,92,34.8,Medium,Cloudy,Normal
S002,Ring Road,2026-06-06 02:50:00,166,32.9,Medium,Clear,Normal
S006,Zogu i Zi,2026-06-06 02:55:00,116,27.2,Medium,Rainy,Normal
S007,Airport Road,2026-06-06 03:00:00,58,60.9,Low,Foggy,Normal
S004,Blloku,2026-06-06 03:05:00,106,26.3,Medium,Foggy,Normal
S002,Ring Road,2026-06-06 03:10:00,143,37.4,Medium,Foggy,Normal
S001,Tirana Center,2026-06-06 03:15:00,164,33.0,Medium,Clear,Normal
S006,Zogu i Zi,2026-06-06 03:20:00,119,34.1,Medium,Rainy,Normal
S007,Airport Road,2026-06-06 03:25:00,118,29.7,Medium,Rainy,Normal
S008,New Boulevard,2026-06-06 03:30:00,33,71.5,Low,Rainy,Accident
S008,New Boulevard,2026-06-06 03:35:00,72,39.7,Low,Foggy,Normal
S001,Tirana Center,2026-06-06 03:40:00,89,40.1,Low,Rainy,Normal
S003,Student City,2026-06-06 03:45:00,99,45.6,Low,Rainy,Normal
S004,Blloku,2026-06-06 03:50:00,151,28.9,Medium,Cloudy,Normal
S002,Ring Road,2026-06-06 03:55:00,93,45.7,Low,Foggy,Normal
S003,Student City,2026-06-06 04:00:00,78,44.2,Low,Foggy,Normal
S004,Blloku,2026-06-06 04:05:00,113,44.4,Low,Foggy,Normal
S003,Student City,2026-06-06 04:10:00,93,34.7,Medium,Cloudy,Normal
S005,Durres Road,2026-06-06 04:15:00,55,59.3,Low,Foggy,Normal
S007,Airport Road,2026-06-06 04:20:00,72,46.9,Low,Clear,Normal
S007,Airport Road,2026-06-06 04:25:00,143,32.6,Medium,Cloudy,Normal
S006,Zogu i Zi,2026-06-06 04:30:00,50,68.1,Low,Foggy,Normal
S007,Airport Road,2026-06-06 04:35:00,36,32.5,Medium,Cloudy,Normal
S001,Tirana Center,2026-06-06 04:40:00,82,47.7,Low,Rainy,Normal
S001,Tirana Center,2026-06-06 04:45:00,149,35.3,Medium,Foggy,Normal
S006,Zogu i Zi,2026-06-06 04:50:00,110,49.6,Low,Foggy,Normal
S002,Ring Road,2026-06-06 04:55:00,99,33.8,Medium,Cloudy,Normal
S006,Zogu i Zi,2026-06-06 05:00:00,76,39.2,Low,Clear,Accident
S007,Airport Road,2026-06-06 05:05:00,126,28.1,Medium,Rainy,Normal
S005,Durres Road,2026-06-06 05:10:00,91,44.2,Low,Rainy,Normal
S001,Tirana Center,2026-06-06 05:15:00,86,50.4,Low,Rainy,Normal
S001,Tirana Center,2026-06-06 05:20:00,130,20.2,High,Foggy,Normal
S008,New Boulevard,2026-06-06 05:25:00,55,32.9,Medium,Rainy,Normal
S006,Zogu i Zi,2026-06-06 05:30:00,152,44.2,Medium,Rainy,Normal
S005,Durres Road,2026-06-06 05:35:00,121,47.0,Low,Foggy,Normal
S007,Airport Road,2026-06-06 05:40:00,145,31.7,Medium,Foggy,Normal
S002,Ring Road,2026-06-06 05:45:00,131,36.9,Medium,Rainy,Heavy Traffic
S007,Airport Road,2026-06-06 05:50:00,91,32.1,Medium,Rainy,Accident
S005,Durres Road,2026-06-06 05:55:00,143,38.5,Low,Cloudy,Normal
S006,Zogu i Zi,2026-06-06 06:00:00,68,60.1,Low,Cloudy,Accident
S008,New Boulevard,2026-06-06 06:05:00,103,40.5,Low,Clear,Normal
S004,Blloku,2026-06-06 06:10:00,109,41.9,Low,Cloudy,Normal
S006,Zogu i Zi,2026-06-06 06:15:00,74,45.4,Low,Cloudy,Normal
S007,Airport Road,2026-06-06 06:20:00,102,55.7,Low,Rainy,Normal
S006,Zogu i Zi,2026-06-06 06:25:00,169,23.3,Medium,Clear,Heavy Traffic
S008,New Boulevard,2026-06-06 06:30:00,103,45.7,Low,Rainy,Normal
S006,Zogu i Zi,2026-06-06 06:35:00,128,36.5,Medium,Clear,Heavy Traffic
S005,Durres Road,2026-06-06 06:40:00,102,49.8,Low,Cloudy,Normal
S005,Durres Road,2026-06-06 06:45:00,60,36.7,Medium,Clear,Normal
S004,Blloku,2026-06-06 06:50:00,88,29.8,Medium,Rainy,Normal
S006,Zogu i Zi,2026-06-06 06:55:00,147,41.4,Low,Cloudy,Normal
S002,Ring Road,2026-06-06 07:00:00,199,27.0,Medium,Foggy,Heavy Traffic
S005,Durres Road,2026-06-06 07:05:00,114,40.6,Low,Foggy,Normal
S008,New Boulevard,2026-06-06 07:10:00,217,40.5,Medium,Clear,Normal
S001,Tirana Center,2026-06-06 07:15:00,207,28.9,Medium,Foggy,Normal
S004,Blloku,2026-06-06 07:20:00,210,8.5,High,Clear,Normal
S001,Tirana Center,2026-06-06 07:25:00,251,21.9,High,Clear,Normal
S005,Durres Road,2026-06-06 07:30:00,215,40.1,Medium,Cloudy,Normal
S004,Blloku,2026-06-06 07:35:00,233,19.2,High,Foggy,Normal
S001,Tirana Center,2026-06-06 07:40:00,186,34.2,Medium,Rainy,Normal
S006,Zogu i Zi,2026-06-06 07:45:00,295,16.9,High,Cloudy,Normal
S002,Ring Road,2026-06-06 07:50:00,257,8,High,Cloudy,Normal
S005,Durres Road,2026-06-06 07:55:00,232,8,High,Foggy,Normal
S007,Airport Road,2026-06-06 08:00:00,245,22.6,Medium,Clear,Accident
S007,Airport Road,2026-06-06 08:05:00,241,8,High,Rainy,Heavy Traffic
S004,Blloku,2026-06-06 08:10:00,230,8,High,Foggy,Normal
S006,Zogu i Zi,2026-06-06 08:15:00,242,22.1,Medium,Clear,Normal
S004,Blloku,2026-06-06 08:20:00,263,8,High,Clear,Normal
S007,Airport Road,2026-06-06 08:25:00,224,19.0,High,Clear,Normal
S007,Airport Road,2026-06-06 08:30:00,242,18.0,High,Clear,Normal
S002,Ring Road,2026-06-06 08:35:00,191,26.2,Medium,Cloudy,Heavy Traffic
S004,Blloku,2026-06-06 08:40:00,212,8,High,Rainy,Normal
S002,Ring Road,2026-06-06 08:45:00,267,18.8,High,Cloudy,Normal
S005,Durres Road,2026-06-06 08:50:00,228,18.3,High,Foggy,Normal
S007,Airport Road,2026-06-06 08:55:00,224,30.4,Medium,Clear,Normal
S001,Tirana Center,2026-06-06 09:00:00,234,27.1,Medium,Clear,Normal
S008,New Boulevard,2026-06-06 09:05:00,232,24.7,Medium,Rainy,Accident
S007,Airport Road,2026-06-06 09:10:00,220,8.4,High,Cloudy,Normal
S004,Blloku,2026-06-06 09:15:00,245,9.0,High,Cloudy,Normal
S004,Blloku,2026-06-06 09:20:00,202,23.7,Medium,Clear,Accident
S004,Blloku,2026-06-06 09:25:00,289,8,High,Rainy,Normal
S001,Tirana Center,2026-06-06 09:30:00,231,8,High,Foggy,Normal
S006,Zogu i Zi,2026-06-06 09:35:00,190,27.9,Medium,Cloudy,Normal
S007,Airport Road,2026-06-06 09:40:00,185,38.0,Medium,Rainy,Normal
S002,Ring Road,2026-06-06 09:45:00,195,39.6,Medium,Rainy,Normal
S002,Ring Road,2026-06-06 09:50:00,197,19.3,High,Rainy,Normal
S001,Tirana Center,2026-06-06 09:55:00,174,27.7,Medium,Cloudy,Normal
S003,Student City,2026-06-06 10:00:00,79,35.4,Medium,Cloudy,Accident
S001,Tirana Center,2026-06-06 10:05:00,97,32.6,Medium,Cloudy,Normal
S008,New Boulevard,2026-06-06 10:10:00,82,54.9,Low,Cloudy,Normal
S004,Blloku,2026-06-06 10:15:00,114,37.8,Medium,Foggy,Normal
S003,Student City,2026-06-06 10:20:00,55,42.3,Low,Rainy,Normal
S003,Student City,2026-06-06 10:25:00,51,36.8,Medium,Foggy,Normal
S008,New Boulevard,2026-06-06 10:30:00,140,43.0,Low,Cloudy,Normal
S006,Zogu i Zi,2026-06-06 10:35:00,77,40.2,Low,Clear,Normal
S008,New Boulevard,2026-06-06 10:40:00,59,46.7,Low,Clear,Roadwork
S002,Ring Road,2026-06-06 10:45:00,64,53.9,Low,Clear,Heavy Traffic
S001,Tirana Center,2026-06-06 10:50:00,104,50.7,Low,Clear,Normal
S006,Zogu i Zi,2026-06-06 10:55:00,139,54.6,Low,Clear,Normal
S001,Tirana Center,2026-06-06 11:00:00,113,52.6,Low,Cloudy,Normal
S008,New Boulevard,2026-06-06 11:05:00,77,52.9,Low,Rainy,Roadwork
S008,New Boulevard,2026-06-06 11:10:00,94,37.1,Medium,Cloudy,Heavy Traffic
S004,Blloku,2026-06-06 11:15:00,43,41.3,Low,Cloudy,Accident
S001,Tirana Center,2026-06-06 11:20:00,130,41.2,Low,Clear,Normal
S007,Airport Road,2026-06-06 11:25:00,68,39.0,Low,Cloudy,Heavy Traffic
S005,Durres Road,2026-06-06 11:30:00,140,55.5,Low,Foggy,Normal
S005,Durres Road,2026-06-06 11:35:00,95,25.4,Medium,Cloudy,Normal
S003,Student City,2026-06-06 11:40:00,109,27.4,Medium,Cloudy,Normal
S001,Tirana Center,2026-06-06 11:45:00,89,41.9,Low,Cloudy,Normal
S007,Airport Road,2026-06-06 11:50:00,92,41.1,Low,Foggy,Normal
S004,Blloku,2026-06-06 11:55:00,41,47.4,Low,Cloudy,Normal
S007,Airport Road,2026-06-06 12:00:00,47,55.0,Low,Clear,Normal
S007,Airport Road,2026-06-06 12:05:00,101,42.7,Low,Clear,Normal
S004,Blloku,2026-06-06 12:10:00,118,27.5,Medium,Foggy,Roadwork
S003,Student City,2026-06-06 12:15:00,107,38.2,Low,Foggy,Normal
S008,New Boulevard,2026-06-06 12:20:00,154,33.2,Medium,Rainy,Normal
S008,New Boulevard,2026-06-06 12:25:00,86,50.3,Low,Clear,Normal
S002,Ring Road,2026-06-06 12:30:00,112,37.9,Medium,Foggy,Normal
S003,Student City,2026-06-06 12:35:00,110,30.9,Medium,Foggy,Heavy Traffic
S005,Durres Road,2026-06-06 12:40:00,98,56.5,Low,Cloudy,Normal
S006,Zogu i Zi,2026-06-06 12:45:00,117,53.5,Low,Rainy,Normal
S001,Tirana Center,2026-06-06 12:50:00,106,43.7,Low,Clear,Normal
S001,Tirana Center,2026-06-06 12:55:00,100,43.6,Low,Foggy,Normal
S005,Durres Road,2026-06-06 13:00:00,98,44.1,Low,Cloudy,Normal
S005,Durres Road,2026-06-06 13:05:00,99,40.4,Low,Rainy,Normal
S004,Blloku,2026-06-06 13:10:00,141,40.0,Low,Foggy,Normal
S001,Tirana Center,2026-06-06 13:15:00,84,45.6,Low,Clear,Normal
S004,Blloku,2026-06-06 13:20:00,80,59.0,Low,Clear,Normal
S003,Student City,2026-06-06 13:25:00,174,28.8,Medium,Rainy,Normal
S001,Tirana Center,2026-06-06 13:30:00,54,54.7,Low,Clear,Normal
S007,Airport Road,2026-06-06 13:35:00,114,68.0,Low,Foggy,Heavy Traffic
S004,Blloku,2026-06-06 13:40:00,69,39.8,Low,Rainy,Normal
S006,Zogu i Zi,2026-06-06 13:45:00,79,47.1,Low,Rainy,Normal
S003,Student City,2026-06-06 13:50:00,55,40.9,Low,Clear,Normal
S001,Tirana Center,2026-06-06 13:55:00,119,37.4,Medium,Foggy,Normal
S007,Airport Road,2026-06-06 14:00:00,55,54.3,Low,Foggy,Normal
S004,Blloku,2026-06-06 14:05:00,107,24.7,Medium,Clear,Normal
S007,Airport Road,2026-06-06 14:10:00,117,44.2,Low,Clear,Roadwork
S001,Tirana Center,2026-06-06 14:15:00,71,50.9,Low,Cloudy,Normal
S004,Blloku,2026-06-06 14:20:00,77,53.1,Low,Foggy,Normal
S005,Durres Road,2026-06-06 14:25:00,146,38.2,Low,Rainy,Normal
S003,Student City,2026-06-06 14:30:00,93,40.3,Low,Cloudy,Normal
S002,Ring Road,2026-06-06 14:35:00,61,36.4,Medium,Foggy,Normal
S005,Durres Road,2026-06-06 14:40:00,127,29.2,Medium,Rainy,Heavy Traffic
S008,New Boulevard,2026-06-06 14:45:00,168,37.6,Medium,Cloudy,Normal
S005,Durres Road,2026-06-06 14:50:00,88,33.1,Medium,Foggy,Normal
S008,New Boulevard,2026-06-06 14:55:00,51,46.7,Low,Foggy,Normal
S006,Zogu i Zi,2026-06-06 15:00:00,167,45.4,Medium,Cloudy,Normal
S002,Ring Road,2026-06-06 15:05:00,136,46.2,Low,Rainy,Normal
S007,Airport Road,2026-06-06 15:10:00,76,45.6,Low,Foggy,Normal
S003,Student City,2026-06-06 15:15:00,116,25.6,Medium,Foggy,Normal
S007,Airport Road,2026-06-06 15:20:00,104,30.5,Medium,Cloudy,Normal
S005,Durres Road,2026-06-06 15:25:00,173,15.3,High,Cloudy,Normal
S006,Zogu i Zi,2026-06-06 15:30:00,75,46.1,Low,Clear,Normal
S007,Airport Road,2026-06-06 15:35:00,142,28.1,Medium,Foggy,Heavy Traffic
S003,Student City,2026-06-06 15:40:00,123,22.0,Medium,Cloudy,Normal
S003,Student City,2026-06-06 15:45:00,81,43.3,Low,Cloudy,Roadwork
S008,New Boulevard,2026-06-06 15:50:00,66,35.0,Medium,Clear,Normal
S008,New Boulevard,2026-06-06 15:55:00,119,39.3,Low,Foggy,Normal
S006,Zogu i Zi,2026-06-06 16:00:00,218,26.8,Medium,Cloudy,Normal
S004,Blloku,2026-06-06 16:05:00,207,10.2,High,Clear,Normal
S006,Zogu i Zi,2026-06-06 16:10:00,200,20.5,High,Rainy,Normal
S008,New Boulevard,2026-06-06 16:15:00,204,15.2,High,Clear,Normal
S002,Ring Road,2026-06-06 16:20:00,191,34.6,Medium,Rainy,Normal
S004,Blloku,2026-06-06 16:25:00,191,23.2,Medium,Cloudy,Normal
S006,Zogu i Zi,2026-06-06 16:30:00,295,8,High,Cloudy,Normal
S008,New Boulevard,2026-06-06 16:35:00,228,20.0,High,Cloudy,Normal
S008,New Boulevard,2026-06-06 16:40:00,223,26.1,Medium,Cloudy,Heavy Traffic
S008,New Boulevard,2026-06-06 16:45:00,187,28.4,Medium,Rainy,Normal
S001,Tirana Center,2026-06-06 16:50:00,211,13.8,High,Rainy,Normal
S001,Tirana Center,2026-06-06 16:55:00,222,29.9,Medium,Clear,Normal
S001,Tirana Center,2026-06-06 17:00:00,264,21.2,High,Rainy,Normal
S006,Zogu i Zi,2026-06-06 17:05:00,187,16.5,High,Clear,Normal
S003,Student City,2026-06-06 17:10:00,222,37.5,Medium,Clear,Normal
S007,Airport Road,2026-06-06 17:15:00,238,10.4,High,Foggy,Heavy Traffic
S005,Durres Road,2026-06-06 17:20:00,231,16.0,High,Clear,Normal
S004,Blloku,2026-06-06 17:25:00,263,16.0,High,Clear,Normal
S002,Ring Road,2026-06-06 17:30:00,203,32.1,Medium,Rainy,Normal
S008,New Boulevard,2026-06-06 17:35:00,187,33.1,Medium,Rainy,Normal
S004,Blloku,2026-06-06 17:40:00,202,19.3,High,Rainy,Normal
S002,Ring Road,2026-06-06 17:45:00,219,32.0,Medium,Clear,Normal
S007,Airport Road,2026-06-06 17:50:00,208,23.4,Medium,Foggy,Normal
S004,Blloku,2026-06-06 17:55:00,275,13.3,High,Rainy,Normal
S004,Blloku,2026-06-06 18:00:00,176,19.3,High,Clear,Normal
S001,Tirana Center,2026-06-06 18:05:00,198,23.2,Medium,Cloudy,Normal
S003,Student City,2026-06-06 18:10:00,209,25.1,Medium,Clear,Normal
S006,Zogu i Zi,2026-06-06 18:15:00,174,24.7,Medium,Clear,Normal
S007,Airport Road,2026-06-06 18:20:00,163,31.9,Medium,Rainy,Normal
S005,Durres Road,2026-06-06 18:25:00,221,31.5,Medium,Clear,Normal
S002,Ring Road,2026-06-06 18:30:00,225,19.1,High,Cloudy,Normal
S001,Tirana Center,2026-06-06 18:35:00,277,8,High,Rainy,Normal
S001,Tirana Center,2026-06-06 18:40:00,277,8,High,Cloudy,Normal
S006,Zogu i Zi,2026-06-06 18:45:00,203,22.4,Medium,Foggy,Normal
S001,Tirana Center,2026-06-06 18:50:00,170,30.4,Medium,Clear,Normal
S003,Student City,2026-06-06 18:55:00,204,31.0,Medium,Cloudy,Normal
S006,Zogu i Zi,2026-06-06 19:00:00,66,46.0,Low,Foggy,Normal
S002,Ring Road,2026-06-06 19:05:00,106,21.4,High,Cloudy,Normal
S007,Airport Road,2026-06-06 19:10:00,145,25.4,Medium,Rainy,Normal
S001,Tirana Center,2026-06-06 19:15:00,179,10.7,High,Clear,Roadwork
S008,New Boulevard,2026-06-06 19:20:00,81,44.2,Low,Clear,Roadwork
S006,Zogu i Zi,2026-06-06 19:25:00,122,41.7,Low,Cloudy,Normal
S007,Airport Road,2026-06-06 19:30:00,106,32.4,Medium,Foggy,Normal
S008,New Boulevard,2026-06-06 19:35:00,111,32.2,Medium,Cloudy,Normal
S001,Tirana Center,2026-06-06 19:40:00,40,64.1,Low,Cloudy,Normal
S002,Ring Road,2026-06-06 19:45:00,104,22.7,Medium,Clear,Normal
S004,Blloku,2026-06-06 19:50:00,134,42.9,Low,Rainy,Normal
S005,Durres Road,2026-06-06 19:55:00,101,38.5,Low,Rainy,Normal
S005,Durres Road,2026-06-06 20:00:00,151,44.1,Medium,Clear,Heavy Traffic
S006,Zogu i Zi,2026-06-06 20:05:00,71,38.5,Low,Cloudy,Normal
S008,New Boulevard,2026-06-06 20:10:00,95,28.6,Medium,Rainy,Normal
S002,Ring Road,2026-06-06 20:15:00,54,61.3,Low,Cloudy,Normal
S004,Blloku,2026-06-06 20:20:00,134,44.6,Low,Foggy,Normal
S001,Tirana Center,2026-06-06 20:25:00,118,38.9,Low,Clear,Heavy Traffic
S004,Blloku,2026-06-06 20:30:00,73,47.7,Low,Foggy,Normal
S006,Zogu i Zi,2026-06-06 20:35:00,58,45.7,Low,Foggy,Normal
S001,Tirana Center,2026-06-06 20:40:00,42,71.7,Low,Clear,Normal
S005,Durres Road,2026-06-06 20:45:00,138,29.4,Medium,Cloudy,Normal
S001,Tirana Center,2026-06-06 20:50:00,106,22.3,Medium,Cloudy,Accident
S008,New Boulevard,2026-06-06 20:55:00,20,44.8,Low,Foggy,Normal
S001,Tirana Center,2026-06-06 21:00:00,60,46.6,Low,Clear,Normal
S001,Tirana Center,2026-06-06 21:05:00,98,39.1,Low,Foggy,Heavy Traffic
S005,Durres Road,2026-06-06 21:10:00,97,28.9,Medium,Rainy,Normal
S003,Student City,2026-06-06 21:15:00,68,46.9,Low,Cloudy,Normal
S004,Blloku,2026-06-06 21:20:00,20,62.5,Low,Foggy,Normal
S006,Zogu i Zi,2026-06-06 21:25:00,85,46.7,Low,Cloudy,Normal
S001,Tirana Center,2026-06-06 21:30:00,146,48.9,Low,Cloudy,Normal
S001,Tirana Center,2026-06-06 21:35:00,121,30.2,Medium,Rainy,Normal
S004,Blloku,2026-06-06 21:40:00,61,44.8,Low,Foggy,Normal
S006,Zogu i Zi,2026-06-06 21:45:00,125,47.8,Low,Clear,Normal
S006,Zogu i Zi,2026-06-06 21:50:00,55,43.2,Low,Clear,Heavy Traffic
S003,Student City,2026-06-06 21:55:00,102,37.9,Medium,Cloudy,Normal
S008,New Boulevard,2026-06-06 22:00:00,81,48.6,Low,Clear,Heavy Traffic
S002,Ring Road,2026-06-06 22:05:00,56,49.0,Low,Clear,Normal
S007,Airport Road,2026-06-06 22:10:00,77,36.4,Medium,Clear,Normal
S003,Student City,2026-06-06 22:15:00,103,43.8,Low,Foggy,Normal
S005,Durres Road,2026-06-06 22:20:00,88,45.6,Low,Rainy,Roadwork
S006,Zogu i Zi,2026-06-06 22:25:00,117,61.4,Low,Clear,Normal
S001,Tirana Center,2026-06-06 22:30:00,129,24.6,Medium,Clear,Normal
S005,Durres Road,2026-06-06 22:35:00,45,58.1,Low,Cloudy,Heavy Traffic
S005,Durres Road,2026-06-06 22:40:00,138,43.2,Low,Cloudy,Normal
S008,New Boulevard,2026-06-06 22:45:00,107,44.5,Low,Foggy,Normal
S007,Airport Road,2026-06-06 22:50:00,120,49.2,Low,Foggy,Normal
S001,Tirana Center,2026-06-06 22:55:00,91,24.5,Medium,Cloudy,Normal
S003,Student City,2026-06-06 23:00:00,95,42.4,Low,Cloudy,Normal
S008,New Boulevard,2026-06-06 23:05:00,100,17.1,High,Cloudy,Normal
S007,Airport Road,2026-06-06 23:10:00,107,51.6,Low,Cloudy,Normal
S003,Student City,2026-06-06 23:15:00,153,25.1,Medium,Cloudy,Normal
S007,Airport Road,2026-06-06 23:20:00,183,9.9,High,Cloudy,Normal
S001,Tirana Center,2026-06-06 23:25:00,44,57.0,Low,Foggy,Heavy Traffic
S002,Ring Road,2026-06-06 23:30:00,97,46.8,Low,Rainy,Roadwork
S005,Durres Road,2026-06-06 23:35:00,84,37.3,Medium,Rainy,Normal
S004,Blloku,2026-06-06 23:40:00,125,31.2,Medium,Foggy,Normal
S001,Tirana Center,2026-06-06 23:45:00,160,39.4,Medium,Foggy,Normal
S008,New Boulevard,2026-06-06 23:50:00,20,48.6,Low,Rainy,Roadwork
S002,Ring Road,2026-06-06 23:55:00,76,37.7,Medium,Cloudy,Normal
S003,Student City,2026-06-07 00:00:00,73,38.2,Low,Foggy,Normal
S008,New Boulevard,2026-06-07 00:05:00,86,38.4,Low,Clear,Normal
S002,Ring Road,2026-06-07 00:10:00,142,45.2,Low,Clear,Normal
S003,Student City,2026-06-07 00:15:00,168,36.9,Medium,Cloudy,Normal
S002,Ring Road,2026-06-07 00:20:00,98,50.5,Low,Clear,Normal
S007,Airport Road,2026-06-07 00:25:00,148,31.5,Medium,Clear,Normal
S004,Blloku,2026-06-07 00:30:00,116,37.7,Medium,Cloudy,Normal
S002,Ring Road,2026-06-07 00:35:00,103,43.1,Low,Clear,Normal
S004,Blloku,2026-06-07 00:40:00,187,41.9,Medium,Cloudy,Normal
S005,Durres Road,2026-06-07 00:45:00,64,57.9,Low,Rainy,Normal
S003,Student City,2026-06-07 00:50:00,83,25.0,Medium,Rainy,Normal
S007,Airport Road,2026-06-07 00:55:00,130,31.5,Medium,Cloudy,Normal
S001,Tirana Center,2026-06-07 01:00:00,99,40.4,Low,Cloudy,Normal
S004,Blloku,2026-06-07 01:05:00,153,33.1,Medium,Foggy,Normal
S008,New Boulevard,2026-06-07 01:10:00,146,21.7,High,Clear,Normal
S007,Airport Road,2026-06-07 01:15:00,110,36.3,Medium,Clear,Normal
S004,Blloku,2026-06-07 01:20:00,99,43.3,Low,Clear,Normal
S002,Ring Road,2026-06-07 01:25:00,135,32.4,Medium,Rainy,Heavy Traffic
S002,Ring Road,2026-06-07 01:30:00,113,24.8,Medium,Foggy,Normal
S006,Zogu i Zi,2026-06-07 01:35:00,72,43.2,Low,Rainy,Normal
S007,Airport Road,2026-06-07 01:40:00,152,28.6,Medium,Cloudy,Normal
S001,Tirana Center,2026-06-07 01:45:00,68,41.7,Low,Cloudy,Roadwork
S008,New Boulevard,2026-06-07 01:50:00,141,31.3,Medium,Foggy,Normal
S004,Blloku,2026-06-07 01:55:00,95,37.8,Medium,Cloudy,Heavy Traffic
S001,Tirana Center,2026-06-07 02:00:00,63,44.8,Low,Rainy,Normal
S004,Blloku,2026-06-07 02:05:00,117,28.8,Medium,Clear,Normal
S001,Tirana Center,2026-06-07 02:10:00,132,34.7,Medium,Clear,Normal
S003,Student City,2026-06-07 02:15:00,72,48.4,Low,Rainy,Normal
S006,Zogu i Zi,2026-06-07 02:20:00,106,18.2,High,Rainy,Normal
S003,Student City,2026-06-07 02:25:00,174,25.0,Medium,Cloudy,Normal
S007,Airport Road,2026-06-07 02:30:00,118,39.1,Low,Cloudy,Normal
S007,Airport Road,2026-06-07 02:35:00,71,36.9,Medium,Foggy,Normal
S008,New Boulevard,2026-06-07 02:40:00,102,39.1,Low,Clear,Normal
S007,Airport Road,2026-06-07 02:45:00,132,48.7,Low,Clear,Normal
S003,Student City,2026-06-07 02:50:00,35,45.0,Low,Cloudy,Normal
S003,Student City,2026-06-07 02:55:00,81,30.6,Medium,Rainy,Normal
S006,Zogu i Zi,2026-06-07 03:00:00,119,41.7,Low,Clear,Heavy Traffic
S003,Student City,2026-06-07 03:05:00,136,34.9,Medium,Clear,Normal
S008,New Boulevard,2026-06-07 03:10:00,141,29.4,Medium,Cloudy,Normal
S006,Zogu i Zi,2026-06-07 03:15:00,111,42.1,Low,Rainy,Normal
S007,Airport Road,2026-06-07 03:20:00,102,51.0,Low,Clear,Normal
S007,Airport Road,2026-06-07 03:25:00,82,61.6,Low,Clear,Normal
S004,Blloku,2026-06-07 03:30:00,132,32.9,Medium,Clear,Normal
S005,Durres Road,2026-06-07 03:35:00,119,53.5,Low,Cloudy,Normal
S006,Zogu i Zi,2026-06-07 03:40:00,74,28.9,Medium,Clear,Normal
S001,Tirana Center,2026-06-07 03:45:00,133,41.6,Low,Rainy,Normal
S008,New Boulevard,2026-06-07 03:50:00,125,41.9,Low,Foggy,Normal
S001,Tirana Center,2026-06-07 03:55:00,109,33.3,Medium,Clear,Heavy Traffic
S006,Zogu i Zi,2026-06-07 04:00:00,73,44.5,Low,Rainy,Roadwork
S004,Blloku,2026-06-07 04:05:00,143,42.4,Low,Rainy,Normal
S007,Airport Road,2026-06-07 04:10:00,57,67.8,Low,Foggy,Normal
S006,Zogu i Zi,2026-06-07 04:15:00,65,48.5,Low,Rainy,Normal
S002,Ring Road,2026-06-07 04:20:00,67,47.5,Low,Clear,Normal
S002,Ring Road,2026-06-07 04:25:00,139,22.9,Medium,Clear,Normal
S003,Student City,2026-06-07 04:30:00,127,36.9,Medium,Clear,Normal
S001,Tirana Center,2026-06-07 04:35:00,90,45.0,Low,Cloudy,Normal
S006,Zogu i Zi,2026-06-07 04:40:00,87,36.5,Medium,Cloudy,Heavy Traffic
S007,Airport Road,2026-06-07 04:45:00,110,31.9,Medium,Rainy,Accident
S006,Zogu i Zi,2026-06-07 04:50:00,92,32.4,Medium,Clear,Heavy Traffic
S007,Airport Road,2026-06-07 04:55:00,136,41.1,Low,Rainy,Normal
S004,Blloku,2026-06-07 05:00:00,98,53.6,Low,Rainy,Normal
S006,Zogu i Zi,2026-06-07 05:05:00,162,34.4,Medium,Foggy,Normal
S007,Airport Road,2026-06-07 05:10:00,179,24.8,Medium,Clear,Normal
S008,New Boulevard,2026-06-07 05:15:00,138,41.3,Low,Clear,Normal
S002,Ring Road,2026-06-07 05:20:00,74,36.8,Medium,Clear,Normal
S004,Blloku,2026-06-07 05:25:00,78,40.6,Low,Clear,Normal
S005,Durres Road,2026-06-07 05:30:00,134,38.1,Low,Foggy,Normal
S004,Blloku,2026-06-07 05:35:00,74,48.5,Low,Foggy,Normal
S003,Student City,2026-06-07 05:40:00,142,39.8,Low,Clear,Normal
S008,New Boulevard,2026-06-07 05:45:00,125,42.1,Low,Clear,Normal
S003,Student City,2026-06-07 05:50:00,115,47.6,Low,Cloudy,Normal
S008,New Boulevard,2026-06-07 05:55:00,103,37.0,Medium,Clear,Normal
S003,Student City,2026-06-07 06:00:00,81,53.1,Low,Rainy,Normal
S008,New Boulevard,2026-06-07 06:05:00,56,48.0,Low,Rainy,Normal
S006,Zogu i Zi,2026-06-07 06:10:00,85,44.5,Low,Foggy,Normal
S007,Airport Road,2026-06-07 06:15:00,90,34.0,Medium,Clear,Normal
S004,Blloku,2026-06-07 06:20:00,97,60.0,Low,Clear,Normal
S006,Zogu i Zi,2026-06-07 06:25:00,94,32.1,Medium,Foggy,Normal
S004,Blloku,2026-06-07 06:30:00,81,36.4,Medium,Foggy,Normal
S003,Student City,2026-06-07 06:35:00,58,47.8,Low,Foggy,Normal
S004,Blloku,2026-06-07 06:40:00,100,44.4,Low,Clear,Normal
S007,Airport Road,2026-06-07 06:45:00,60,46.3,Low,Clear,Normal
S002,Ring Road,2026-06-07 06:50:00,117,42.4,Low,Foggy,Normal
S002,Ring Road,2026-06-07 06:55:00,125,37.4,Medium,Foggy,Normal
S006,Zogu i Zi,2026-06-07 07:00:00,213,18.2,High,Clear,Normal
S003,Student City,2026-06-07 07:05:00,201,33.6,Medium,Rainy,Normal
S001,Tirana Center,2026-06-07 07:10:00,289,12.7,High,Foggy,Accident
S005,Durres Road,2026-06-07 07:15:00,164,34.6,Medium,Foggy,Normal
S007,Airport Road,2026-06-07 07:20:00,292,14.9,High,Clear,Normal
S001,Tirana Center,2026-06-07 07:25:00,170,43.9,Medium,Clear,Normal
S001,Tirana Center,2026-06-07 07:30:00,208,29.5,Medium,Foggy,Normal
S005,Durres Road,2026-06-07 07:35:00,176,28.3,Medium,Cloudy,Normal
S008,New Boulevard,2026-06-07 07:40:00,198,29.4,Medium,Clear,Normal
S006,Zogu i Zi,2026-06-07 07:45:00,283,17.4,High,Cloudy,Normal
S006,Zogu i Zi,2026-06-07 07:50:00,162,42.4,Medium,Clear,Normal
S003,Student City,2026-06-07 07:55:00,211,14.3,High,Foggy,Normal
S004,Blloku,2026-06-07 08:00:00,259,16.9,High,Foggy,Normal
S003,Student City,2026-06-07 08:05:00,162,35.0,Medium,Rainy,Normal
S002,Ring Road,2026-06-07 08:10:00,219,16.8,High,Rainy,Normal
S001,Tirana Center,2026-06-07 08:15:00,244,19.1,High,Rainy,Normal
S007,Airport Road,2026-06-07 08:20:00,164,42.8,Medium,Cloudy,Normal
S008,New Boulevard,2026-06-07 08:25:00,281,8,High,Clear,Normal
S003,Student City,2026-06-07 08:30:00,259,8,High,Foggy,Normal
S002,Ring Road,2026-06-07 08:35:00,284,13.0,High,Foggy,Normal
S002,Ring Road,2026-06-07 08:40:00,159,24.4,Medium,Clear,Normal
S007,Airport Road,2026-06-07 08:45:00,253,10.9,High,Clear,Normal
S005,Durres Road,2026-06-07 08:50:00,284,8,High,Clear,Normal
S006,Zogu i Zi,2026-06-07 08:55:00,219,22.4,Medium,Foggy,Heavy Traffic
S004,Blloku,2026-06-07 09:00:00,236,18.2,High,Cloudy,Normal
S008,New Boulevard,2026-06-07 09:05:00,293,10.1,High,Foggy,Normal
S006,Zogu i Zi,2026-06-07 09:10:00,213,28.2,Medium,Foggy,Normal
S001,Tirana Center,2026-06-07 09:15:00,206,24.2,Medium,Cloudy,Normal
S007,Airport Road,2026-06-07 09:20:00,202,21.6,High,Rainy,Normal
S005,Durres Road,2026-06-07 09:25:00,230,8,High,Foggy,Normal
S003,Student City,2026-06-07 09:30:00,208,16.5,High,Foggy,Normal
S005,Durres Road,2026-06-07 09:35:00,158,35.1,Medium,Foggy,Normal
S001,Tirana Center,2026-06-07 09:40:00,250,20.2,High,Rainy,Normal
S003,Student City,2026-06-07 09:45:00,254,8,High,Foggy,Normal
S005,Durres Road,2026-06-07 09:50:00,263,13.8,High,Foggy,Normal
S002,Ring Road,2026-06-07 09:55:00,174,22.7,Medium,Cloudy,Heavy Traffic
S001,Tirana Center,2026-06-07 10:00:00,221,15.4,High,Clear,Normal
S001,Tirana Center,2026-06-07 10:05:00,113,44.3,Low,Foggy,Normal
S003,Student City,2026-06-07 10:10:00,94,46.9,Low,Clear,Normal
S005,Durres Road,2026-06-07 10:15:00,79,64.4,Low,Cloudy,Normal
S006,Zogu i Zi,2026-06-07 10:20:00,92,36.4,Medium,Foggy,Normal
S008,New Boulevard,2026-06-07 10:25:00,61,49.6,Low,Clear,Normal
S003,Student City,2026-06-07 10:30:00,53,51.5,Low,Cloudy,Roadwork
S004,Blloku,2026-06-07 10:35:00,82,30.9,Medium,Clear,Normal
S001,Tirana Center,2026-06-07 10:40:00,33,42.4,Low,Clear,Normal
S004,Blloku,2026-06-07 10:45:00,100,28.5,Medium,Cloudy,Normal
S003,Student City,2026-06-07 10:50:00,164,37.9,Medium,Clear,Normal
S001,Tirana Center,2026-06-07 10:55:00,70,59.1,Low,Clear,Normal
S002,Ring Road,2026-06-07 11:00:00,118,40.9,Low,Cloudy,Normal
S003,Student City,2026-06-07 11:05:00,124,37.3,Medium,Rainy,Normal
S007,Airport Road,2026-06-07 11:10:00,93,49.2,Low,Clear,Normal
S006,Zogu i Zi,2026-06-07 11:15:00,97,45.2,Low,Foggy,Normal
S001,Tirana Center,2026-06-07 11:20:00,199,18.6,High,Rainy,Roadwork
S007,Airport Road,2026-06-07 11:25:00,154,41.2,Medium,Clear,Normal
S007,Airport Road,2026-06-07 11:30:00,131,33.6,Medium,Cloudy,Normal
S005,Durres Road,2026-06-07 11:35:00,113,53.4,Low,Foggy,Normal
S006,Zogu i Zi,2026-06-07 11:40:00,91,49.6,Low,Rainy,Heavy Traffic
S007,Airport Road,2026-06-07 11:45:00,155,15.1,High,Clear,Heavy Traffic
S004,Blloku,2026-06-07 11:50:00,37,48.4,Low,Foggy,Roadwork
S005,Durres Road,2026-06-07 11:55:00,149,31.1,Medium,Cloudy,Normal
S005,Durres Road,2026-06-07 12:00:00,119,26.9,Medium,Cloudy,Normal
S008,New Boulevard,2026-06-07 12:05:00,78,14.1,High,Rainy,Normal
S005,Durres Road,2026-06-07 12:10:00,96,50.8,Low,Cloudy,Normal
S003,Student City,2026-06-07 12:15:00,64,31.4,Medium,Cloudy,Normal
S005,Durres Road,2026-06-07 12:20:00,93,53.1,Low,Foggy,Normal
S008,New Boulevard,2026-06-07 12:25:00,123,25.4,Medium,Foggy,Normal
S004,Blloku,2026-06-07 12:30:00,116,40.5,Low,Foggy,Normal
S005,Durres Road,2026-06-07 12:35:00,85,55.1,Low,Foggy,Normal
S005,Durres Road,2026-06-07 12:40:00,174,23.0,Medium,Cloudy,Normal
S006,Zogu i Zi,2026-06-07 12:45:00,65,68.0,Low,Rainy,Normal
S002,Ring Road,2026-06-07 12:50:00,127,36.4,Medium,Clear,Normal
S007,Airport Road,2026-06-07 12:55:00,63,58.8,Low,Cloudy,Normal
S005,Durres Road,2026-06-07 13:00:00,104,44.3,Low,Foggy,Accident
S005,Durres Road,2026-06-07 13:05:00,118,53.5,Low,Foggy,Accident
S004,Blloku,2026-06-07 13:10:00,109,51.1,Low,Rainy,Normal
S004,Blloku,2026-06-07 13:15:00,162,22.8,Medium,Rainy,Normal
S002,Ring Road,2026-06-07 13:20:00,42,48.7,Low,Cloudy,Normal
S004,Blloku,2026-06-07 13:25:00,90,54.5,Low,Cloudy,Normal
S006,Zogu i Zi,2026-06-07 13:30:00,107,42.3,Low,Clear,Normal
S005,Durres Road,2026-06-07 13:35:00,53,47.7,Low,Foggy,Normal
S006,Zogu i Zi,2026-06-07 13:40:00,106,44.0,Low,Rainy,Normal
S008,New Boulevard,2026-06-07 13:45:00,76,49.6,Low,Foggy,Roadwork
S008,New Boulevard,2026-06-07 13:50:00,111,46.1,Low,Foggy,Normal
S005,Durres Road,2026-06-07 13:55:00,99,30.1,Medium,Cloudy,Normal
S006,Zogu i Zi,2026-06-07 14:00:00,147,20.8,High,Rainy,Normal
S007,Airport Road,2026-06-07 14:05:00,20,47.7,Low,Clear,Accident
S005,Durres Road,2026-06-07 14:10:00,73,42.0,Low,Cloudy,Normal
S008,New Boulevard,2026-06-07 14:15:00,83,44.0,Low,Rainy,Roadwork
S005,Durres Road,2026-06-07 14:20:00,73,60.4,Low,Clear,Heavy Traffic
S007,Airport Road,2026-06-07 14:25:00,72,50.0,Low,Cloudy,Normal
S006,Zogu i Zi,2026-06-07 14:30:00,85,43.9,Low,Clear,Normal
S008,New Boulevard,2026-06-07 14:35:00,64,39.4,Low,Cloudy,Normal
S005,Durres Road,2026-06-07 14:40:00,98,40.1,Low,Cloudy,Normal
S002,Ring Road,2026-06-07 14:45:00,100,27.3,Medium,Clear,Normal
S007,Airport Road,2026-06-07 14:50:00,203,29.0,Medium,Rainy,Normal
S001,Tirana Center,2026-06-07 14:55:00,155,21.4,High,Cloudy,Roadwork
S001,Tirana Center,2026-06-07 15:00:00,109,34.4,Medium,Foggy,Normal
S003,Student City,2026-06-07 15:05:00,102,62.1,Low,Foggy,Normal
S004,Blloku,2026-06-07 15:10:00,149,23.9,Medium,Foggy,Normal
S007,Airport Road,2026-06-07 15:15:00,93,33.7,Medium,Foggy,Normal
S005,Durres Road,2026-06-07 15:20:00,57,37.4,Medium,Clear,Normal
S008,New Boulevard,2026-06-07 15:25:00,60,45.6,Low,Rainy,Normal
S002,Ring Road,2026-06-07 15:30:00,71,46.4,Low,Cloudy,Normal
S005,Durres Road,2026-06-07 15:35:00,132,37.1,Medium,Cloudy,Heavy Traffic
S001,Tirana Center,2026-06-07 15:40:00,114,30.2,Medium,Clear,Normal
S004,Blloku,2026-06-07 15:45:00,81,42.3,Low,Rainy,Normal
S001,Tirana Center,2026-06-07 15:50:00,102,50.5,Low,Foggy,Normal
S006,Zogu i Zi,2026-06-07 15:55:00,120,38.3,Low,Cloudy,Normal
S008,New Boulevard,2026-06-07 16:00:00,190,24.2,Medium,Rainy,Normal
S008,New Boulevard,2026-06-07 16:05:00,282,19.8,High,Clear,Normal
S007,Airport Road,2026-06-07 16:10:00,176,26.1,Medium,Cloudy,Normal
S001,Tirana Center,2026-06-07 16:15:00,224,16.9,High,Clear,Normal
S005,Durres Road,2026-06-07 16:20:00,255,19.7,High,Rainy,Normal
S001,Tirana Center,2026-06-07 16:25:00,231,15.0,High,Clear,Normal
S003,Student City,2026-06-07 16:30:00,180,27.7,Medium,Rainy,Heavy Traffic
S005,Durres Road,2026-06-07 16:35:00,206,15.8,High,Clear,Normal
S004,Blloku,2026-06-07 16:40:00,218,8,High,Cloudy,Normal
S005,Durres Road,2026-06-07 16:45:00,240,20.1,High,Clear,Normal
S001,Tirana Center,2026-06-07 16:50:00,206,38.2,Medium,Clear,Normal
S001,Tirana Center,2026-06-07 16:55:00,178,27.1,Medium,Rainy,Normal
S008,New Boulevard,2026-06-07 17:00:00,178,30.9,Medium,Clear,Normal
S002,Ring Road,2026-06-07 17:05:00,225,15.4,High,Rainy,Normal
S001,Tirana Center,2026-06-07 17:10:00,235,17.6,High,Rainy,Normal
S008,New Boulevard,2026-06-07 17:15:00,248,9.7,High,Clear,Heavy Traffic
S004,Blloku,2026-06-07 17:20:00,179,45.8,Medium,Rainy,Normal
S001,Tirana Center,2026-06-07 17:25:00,246,8,High,Clear,Normal
S003,Student City,2026-06-07 17:30:00,209,14.5,High,Rainy,Normal
S001,Tirana Center,2026-06-07 17:35:00,189,29.5,Medium,Foggy,Normal
S008,New Boulevard,2026-06-07 17:40:00,212,26.2,Medium,Foggy,Normal
S006,Zogu i Zi,2026-06-07 17:45:00,253,24.1,High,Clear,Normal
S004,Blloku,2026-06-07 17:50:00,237,21.9,High,Cloudy,Normal
S004,Blloku,2026-06-07 17:55:00,264,11.7,High,Rainy,Normal
S003,Student City,2026-06-07 18:00:00,229,23.8,Medium,Foggy,Normal
S005,Durres Road,2026-06-07 18:05:00,193,27.1,Medium,Cloudy,Normal
S007,Airport Road,2026-06-07 18:10:00,231,8,High,Rainy,Normal
S007,Airport Road,2026-06-07 18:15:00,202,14.7,High,Clear,Normal
S008,New Boulevard,2026-06-07 18:20:00,262,11.8,High,Clear,Normal
S006,Zogu i Zi,2026-06-07 18:25:00,209,28.3,Medium,Clear,Normal
S003,Student City,2026-06-07 18:30:00,189,41.6,Medium,Foggy,Normal
S005,Durres Road,2026-06-07 18:35:00,271,21.0,High,Cloudy,Normal
S005,Durres Road,2026-06-07 18:40:00,215,9.3,High,Foggy,Normal
S001,Tirana Center,2026-06-07 18:45:00,283,20.1,High,Rainy,Normal
S001,Tirana Center,2026-06-07 18:50:00,205,23.4,Medium,Rainy,Normal
S003,Student City,2026-06-07 18:55:00,226,28.0,Medium,Rainy,Normal
S008,New Boulevard,2026-06-07 19:00:00,77,46.6,Low,Rainy,Normal
S008,New Boulevard,2026-06-07 19:05:00,92,39.3,Low,Clear,Normal
S002,Ring Road,2026-06-07 19:10:00,75,43.2,Low,Cloudy,Normal
S008,New Boulevard,2026-06-07 19:15:00,68,54.8,Low,Rainy,Normal
S006,Zogu i Zi,2026-06-07 19:20:00,93,59.2,Low,Rainy,Normal
S004,Blloku,2026-06-07 19:25:00,158,27.7,Medium,Rainy,Normal
S001,Tirana Center,2026-06-07 19:30:00,183,25.7,Medium,Clear,Normal
S004,Blloku,2026-06-07 19:35:00,111,32.0,Medium,Foggy,Roadwork
S005,Durres Road,2026-06-07 19:40:00,97,44.2,Low,Rainy,Heavy Traffic
S007,Airport Road,2026-06-07 19:45:00,95,23.3,Medium,Clear,Normal
S007,Airport Road,2026-06-07 19:50:00,97,25.7,Medium,Clear,Normal
S001,Tirana Center,2026-06-07 19:55:00,86,49.3,Low,Cloudy,Normal
S004,Blloku,2026-06-07 20:00:00,112,55.8,Low,Foggy,Normal
S001,Tirana Center,2026-06-07 20:05:00,124,42.1,Low,Rainy,Heavy Traffic
S006,Zogu i Zi,2026-06-07 20:10:00,90,39.4,Low,Cloudy,Normal
S005,Durres Road,2026-06-07 20:15:00,81,43.6,Low,Rainy,Normal
S003,Student City,2026-06-07 20:20:00,166,44.3,Medium,Clear,Normal
S008,New Boulevard,2026-06-07 20:25:00,54,38.1,Low,Foggy,Normal
S006,Zogu i Zi,2026-06-07 20:30:00,132,37.9,Medium,Clear,Normal
S004,Blloku,2026-06-07 20:35:00,90,52.5,Low,Rainy,Accident
S001,Tirana Center,2026-06-07 20:40:00,68,27.9,Medium,Rainy,Normal
S007,Airport Road,2026-06-07 20:45:00,125,53.6,Low,Clear,Normal
S006,Zogu i Zi,2026-06-07 20:50:00,45,46.8,Low,Foggy,Normal
S004,Blloku,2026-06-07 20:55:00,131,43.0,Low,Foggy,Normal
S004,Blloku,2026-06-07 21:00:00,93,32.7,Medium,Cloudy,Normal
S004,Blloku,2026-06-07 21:05:00,96,37.5,Medium,Foggy,Normal
S003,Student City,2026-06-07 21:10:00,63,51.6,Low,Foggy,Normal
S008,New Boulevard,2026-06-07 21:15:00,128,42.0,Low,Foggy,Normal
S001,Tirana Center,2026-06-07 21:20:00,194,26.3,Medium,Cloudy,Normal
S001,Tirana Center,2026-06-07 21:25:00,109,57.7,Low,Foggy,Normal
S006,Zogu i Zi,2026-06-07 21:30:00,49,53.3,Low,Rainy,Heavy Traffic
S003,Student City,2026-06-07 21:35:00,186,25.0,Medium,Clear,Normal
S003,Student City,2026-06-07 21:40:00,70,53.8,Low,Rainy,Normal
S005,Durres Road,2026-06-07 21:45:00,109,43.5,Low,Foggy,Normal
S007,Airport Road,2026-06-07 21:50:00,92,32.4,Medium,Foggy,Heavy Traffic
S006,Zogu i Zi,2026-06-07 21:55:00,142,35.6,Medium,Clear,Normal
S002,Ring Road,2026-06-07 22:00:00,105,57.8,Low,Rainy,Normal
S005,Durres Road,2026-06-07 22:05:00,148,32.9,Medium,Foggy,Normal
S007,Airport Road,2026-06-07 22:10:00,88,49.9,Low,Rainy,Normal
S002,Ring Road,2026-06-07 22:15:00,167,31.8,Medium,Foggy,Normal
S008,New Boulevard,2026-06-07 22:20:00,115,38.4,Low,Clear,Normal
S004,Blloku,2026-06-07 22:25:00,103,28.6,Medium,Clear,Normal
S005,Durres Road,2026-06-07 22:30:00,78,38.4,Low,Rainy,Normal
S002,Ring Road,2026-06-07 22:35:00,65,50.3,Low,Cloudy,Normal
S002,Ring Road,2026-06-07 22:40:00,20,49.8,Low,Rainy,Normal
S004,Blloku,2026-06-07 22:45:00,84,54.9,Low,Clear,Normal
S003,Student City,2026-06-07 22:50:00,65,47.7,Low,Clear,Normal
S008,New Boulevard,2026-06-07 22:55:00,144,37.8,Medium,Rainy,Normal
S006,Zogu i Zi,2026-06-07 23:00:00,174,8,High,Foggy,Heavy Traffic
S002,Ring Road,2026-06-07 23:05:00,147,20.1,High,Rainy,Heavy Traffic
S004,Blloku,2026-06-07 23:10:00,134,36.6,Medium,Rainy,Normal
S005,Durres Road,2026-06-07 23:15:00,136,36.3,Medium,Rainy,Normal
S006,Zogu i Zi,2026-06-07 23:20:00,155,38.2,Medium,Foggy,Normal
S006,Zogu i Zi,2026-06-07 23:25:00,110,33.2,Medium,Cloudy,Normal
S007,Airport Road,2026-06-07 23:30:00,115,29.8,Medium,Cloudy,Normal
S007,Airport Road,2026-06-07 23:35:00,101,50.1,Low,Clear,Normal
S003,Student City,2026-06-07 23:40:00,165,33.8,Medium,Rainy,Normal
S006,Zogu i Zi,2026-06-07 23:45:00,65,37.6,Medium,Rainy,Heavy Traffic
S002,Ring Road,2026-06-07 23:50:00,101,46.3,Low,Foggy,Normal
S008,New Boulevard,2026-06-07 23:55:00,138,32.8,Medium,Rainy,Normal
S005,Durres Road,2026-06-08 00:00:00,139,35.3,Medium,Foggy,Heavy Traffic
S006,Zogu i Zi,2026-06-08 00:05:00,81,41.1,Low,Clear,Normal
S002,Ring Road,2026-06-08 00:10:00,114,33.7,Medium,Rainy,Normal
S007,Airport Road,2026-06-08 00:15:00,95,30.3,Medium,Clear,Normal
S007,Airport Road,2026-06-08 00:20:00,106,40.8,Low,Clear,Normal
S004,Blloku,2026-06-08 00:25:00,131,44.4,Low,Rainy,Roadwork
S008,New Boulevard,2026-06-08 00:30:00,112,45.1,Low,Rainy,Normal
S001,Tirana Center,2026-06-08 00:35:00,61,63.1,Low,Rainy,Normal
S006,Zogu i Zi,2026-06-08 00:40:00,100,43.7,Low,Foggy,Normal
S005,Durres Road,2026-06-08 00:45:00,82,48.6,Low,Clear,Normal
S002,Ring Road,2026-06-08 00:50:00,112,44.8,Low,Cloudy,Normal
S005,Durres Road,2026-06-08 00:55:00,140,36.4,Medium,Cloudy,Normal
S007,Airport Road,2026-06-08 01:00:00,94,34.8,Medium,Clear,Normal
S003,Student City,2026-06-08 01:05:00,93,50.8,Low,Cloudy,Normal
S001,Tirana Center,2026-06-08 01:10:00,50,56.2,Low,Clear,Normal
S008,New Boulevard,2026-06-08 01:15:00,162,36.1,Medium,Foggy,Normal
S005,Durres Road,2026-06-08 01:20:00,196,23.3,Medium,Clear,Normal
S004,Blloku,2026-06-08 01:25:00,112,18.4,High,Foggy,Normal
S007,Airport Road,2026-06-08 01:30:00,92,53.9,Low,Foggy,Normal
S003,Student City,2026-06-08 01:35:00,115,30.9,Medium,Rainy,Normal
S002,Ring Road,2026-06-08 01:40:00,53,35.5,Medium,Foggy,Normal
S004,Blloku,2026-06-08 01:45:00,137,41.9,Low,Rainy,Normal
S004,Blloku,2026-06-08 01:50:00,125,37.2,Medium,Foggy,Normal
S003,Student City,2026-06-08 01:55:00,103,51.8,Low,Foggy,Normal
S001,Tirana Center,2026-06-08 02:00:00,91,34.3,Medium,Rainy,Heavy Traffic
S007,Airport Road,2026-06-08 02:05:00,87,44.9,Low,Foggy,Normal
S003,Student City,2026-06-08 02:10:00,120,38.8,Low,Foggy,Normal
S006,Zogu i Zi,2026-06-08 02:15:00,151,28.9,Medium,Clear,Normal
S001,Tirana Center,2026-06-08 02:20:00,96,44.7,Low,Cloudy,Normal
S001,Tirana Center,2026-06-08 02:25:00,59,42.4,Low,Cloudy,Normal
S002,Ring Road,2026-06-08 02:30:00,113,43.4,Low,Clear,Normal
S005,Durres Road,2026-06-08 02:35:00,65,50.8,Low,Cloudy,Normal
S005,Durres Road,2026-06-08 02:40:00,79,50.2,Low,Clear,Normal
S003,Student City,2026-06-08 02:45:00,46,49.3,Low,Foggy,Normal
S001,Tirana Center,2026-06-08 02:50:00,135,56.5,Low,Rainy,Heavy Traffic
S001,Tirana Center,2026-06-08 02:55:00,54,47.5,Low,Foggy,Normal
S007,Airport Road,2026-06-08 03:00:00,80,45.5,Low,Foggy,Normal
S007,Airport Road,2026-06-08 03:05:00,101,43.2,Low,Rainy,Normal
S006,Zogu i Zi,2026-06-08 03:10:00,53,62.9,Low,Clear,Normal
S002,Ring Road,2026-06-08 03:15:00,102,45.1,Low,Foggy,Normal
S006,Zogu i Zi,2026-06-08 03:20:00,115,36.9,Medium,Cloudy,Normal
S007,Airport Road,2026-06-08 03:25:00,160,31.9,Medium,Rainy,Normal
S007,Airport Road,2026-06-08 03:30:00,117,46.6,Low,Foggy,Normal
S008,New Boulevard,2026-06-08 03:35:00,106,44.4,Low,Clear,Normal
S001,Tirana Center,2026-06-08 03:40:00,108,51.9,Low,Foggy,Normal
S004,Blloku,2026-06-08 03:45:00,50,52.5,Low,Rainy,Normal
S002,Ring Road,2026-06-08 03:50:00,135,22.3,Medium,Clear,Normal
S007,Airport Road,2026-06-08 03:55:00,106,33.7,Medium,Cloudy,Normal
S001,Tirana Center,2026-06-08 04:00:00,138,54.7,Low,Foggy,Normal
S003,Student City,2026-06-08 04:05:00,137,24.6,Medium,Foggy,Normal
S001,Tirana Center,2026-06-08 04:10:00,51,57.6,Low,Cloudy,Normal
S006,Zogu i Zi,2026-06-08 04:15:00,74,58.0,Low,Clear,Normal
S003,Student City,2026-06-08 04:20:00,20,57.7,Low,Rainy,Normal
S002,Ring Road,2026-06-08 04:25:00,124,49.1,Low,Foggy,Normal
S008,New Boulevard,2026-06-08 04:30:00,112,33.8,Medium,Clear,Heavy Traffic
S005,Durres Road,2026-06-08 04:35:00,113,40.3,Low,Rainy,Normal
S006,Zogu i Zi,2026-06-08 04:40:00,76,54.1,Low,Clear,Normal
S005,Durres Road,2026-06-08 04:45:00,94,41.0,Low,Clear,Normal
S006,Zogu i Zi,2026-06-08 04:50:00,92,32.7,Medium,Foggy,Normal
S003,Student City,2026-06-08 04:55:00,100,45.1,Low,Clear,Normal
S003,Student City,2026-06-08 05:00:00,159,29.9,Medium,Cloudy,Normal
S008,New Boulevard,2026-06-08 05:05:00,95,37.8,Medium,Cloudy,Normal
S006,Zogu i Zi,2026-06-08 05:10:00,65,51.4,Low,Clear,Normal
S006,Zogu i Zi,2026-06-08 05:15:00,115,47.4,Low,Rainy,Normal
S008,New Boulevard,2026-06-08 05:20:00,90,50.0,Low,Foggy,Normal
S008,New Boulevard,2026-06-08 05:25:00,175,20.3,High,Rainy,Normal
S008,New Boulevard,2026-06-08 05:30:00,97,43.8,Low,Cloudy,Normal
S006,Zogu i Zi,2026-06-08 05:35:00,157,24.0,Medium,Clear,Normal
S008,New Boulevard,2026-06-08 05:40:00,116,32.0,Medium,Rainy,Normal
S008,New Boulevard,2026-06-08 05:45:00,94,53.3,Low,Foggy,Normal
S007,Airport Road,2026-06-08 05:50:00,113,31.7,Medium,Clear,Roadwork
S002,Ring Road,2026-06-08 05:55:00,152,43.0,Medium,Rainy,Normal
S003,Student City,2026-06-08 06:00:00,79,46.8,Low,Clear,Normal
S007,Airport Road,2026-06-08 06:05:00,144,21.6,High,Foggy,Normal
S007,Airport Road,2026-06-08 06:10:00,38,46.9,Low,Cloudy,Normal
S003,Student City,2026-06-08 06:15:00,102,46.9,Low,Foggy,Normal
S003,Student City,2026-06-08 06:20:00,55,54.0,Low,Cloudy,Heavy Traffic
S001,Tirana Center,2026-06-08 06:25:00,91,43.4,Low,Clear,Normal
S008,New Boulevard,2026-06-08 06:30:00,105,48.3,Low,Clear,Normal
S005,Durres Road,2026-06-08 06:35:00,49,49.4,Low,Clear,Normal
S006,Zogu i Zi,2026-06-08 06:40:00,102,49.4,Low,Foggy,Normal
S003,Student City,2026-06-08 06:45:00,109,36.7,Medium,Cloudy,Normal
S003,Student City,2026-06-08 06:50:00,97,55.5,Low,Cloudy,Normal
S002,Ring Road,2026-06-08 06:55:00,109,38.2,Low,Rainy,Normal
S008,New Boulevard,2026-06-08 07:00:00,264,15.8,High,Cloudy,Normal
S004,Blloku,2026-06-08 07:05:00,297,15.7,High,Cloudy,Normal
S004,Blloku,2026-06-08 07:10:00,146,35.2,Medium,Rainy,Normal
S004,Blloku,2026-06-08 07:15:00,242,14.0,High,Foggy,Normal
S001,Tirana Center,2026-06-08 07:20:00,245,30.6,Medium,Rainy,Normal
S004,Blloku,2026-06-08 07:25:00,262,8.5,High,Cloudy,Normal
S006,Zogu i Zi,2026-06-08 07:30:00,276,13.6,High,Cloudy,Normal
S003,Student City,2026-06-08 07:35:00,244,8,High,Foggy,Normal
S003,Student City,2026-06-08 07:40:00,179,38.9,Medium,Clear,Normal
S006,Zogu i Zi,2026-06-08 07:45:00,285,8,High,Clear,Normal
S001,Tirana Center,2026-06-08 07:50:00,220,14.9,High,Clear,Normal
S004,Blloku,2026-06-08 07:55:00,193,49.9,Medium,Foggy,Normal
S006,Zogu i Zi,2026-06-08 08:00:00,236,10.4,High,Foggy,Normal
S003,Student City,2026-06-08 08:05:00,177,28.4,Medium,Rainy,Normal
S001,Tirana Center,2026-06-08 08:10:00,177,36.0,Medium,Foggy,Normal
S007,Airport Road,2026-06-08 08:15:00,199,26.2,Medium,Clear,Normal
S002,Ring Road,2026-06-08 08:20:00,230,34.2,Medium,Foggy,Accident
S006,Zogu i Zi,2026-06-08 08:25:00,213,15.3,High,Clear,Normal
S002,Ring Road,2026-06-08 08:30:00,200,13.4,High,Foggy,Normal
S007,Airport Road,2026-06-08 08:35:00,202,21.8,High,Clear,Roadwork
S006,Zogu i Zi,2026-06-08 08:40:00,272,19.1,High,Foggy,Accident
S004,Blloku,2026-06-08 08:45:00,196,14.0,High,Cloudy,Normal
S003,Student City,2026-06-08 08:50:00,237,15.2,High,Clear,Normal
S002,Ring Road,2026-06-08 08:55:00,248,14.5,High,Foggy,Normal
S004,Blloku,2026-06-08 09:00:00,268,8,High,Foggy,Normal
S001,Tirana Center,2026-06-08 09:05:00,257,10.0,High,Foggy,Normal
S005,Durres Road,2026-06-08 09:10:00,244,20.6,High,Rainy,Normal
S006,Zogu i Zi,2026-06-08 09:15:00,214,26.9,Medium,Cloudy,Normal
S007,Airport Road,2026-06-08 09:20:00,224,29.1,Medium,Clear,Normal
S004,Blloku,2026-06-08 09:25:00,267,20.9,High,Clear,Normal
S006,Zogu i Zi,2026-06-08 09:30:00,251,16.5,High,Foggy,Normal
S005,Durres Road,2026-06-08 09:35:00,143,37.7,Medium,Rainy,Normal
S005,Durres Road,2026-06-08 09:40:00,232,23.0,Medium,Clear,Heavy Traffic
S008,New Boulevard,2026-06-08 09:45:00,224,15.5,High,Cloudy,Normal
S002,Ring Road,2026-06-08 09:50:00,170,36.9,Medium,Cloudy,Heavy Traffic
S005,Durres Road,2026-06-08 09:55:00,267,18.3,High,Rainy,Normal
S004,Blloku,2026-06-08 10:00:00,113,52.7,Low,Rainy,Normal
S003,Student City,2026-06-08 10:05:00,96,27.2,Medium,Cloudy,Normal
S004,Blloku,2026-06-08 10:10:00,67,52.7,Low,Foggy,Normal
S004,Blloku,2026-06-08 10:15:00,149,36.6,Medium,Rainy,Normal
S004,Blloku,2026-06-08 10:20:00,93,52.5,Low,Foggy,Normal
S003,Student City,2026-06-08 10:25:00,36,39.8,Low,Cloudy,Normal
S008,New Boulevard,2026-06-08 10:30:00,81,33.2,Medium,Rainy,Normal
S008,New Boulevard,2026-06-08 10:35:00,128,41.3,Low,Rainy,Normal
S004,Blloku,2026-06-08 10:40:00,136,33.4,Medium,Clear,Normal
S003,Student City,2026-06-08 10:45:00,131,40.8,Low,Cloudy,Normal
S002,Ring Road,2026-06-08 10:50:00,69,57.5,Low,Foggy,Heavy Traffic
S004,Blloku,2026-06-08 10:55:00,91,46.6,Low,Rainy,Accident
S002,Ring Road,2026-06-08 11:00:00,124,36.4,Medium,Clear,Normal
S001,Tirana Center,2026-06-08 11:05:00,97,46.0,Low,Clear,Normal
S001,Tirana Center,2026-06-08 11:10:00,141,43.4,Low,Clear,Normal
S007,Airport Road,2026-06-08 11:15:00,107,36.8,Medium,Clear,Normal
S006,Zogu i Zi,2026-06-08 11:20:00,113,39.9,Low,Clear,Normal
S003,Student City,2026-06-08 11:25:00,94,45.2,Low,Cloudy,Normal
S005,Durres Road,2026-06-08 11:30:00,162,26.6,Medium,Rainy,Normal
S001,Tirana Center,2026-06-08 11:35:00,109,63.9,Low,Foggy,Normal
S005,Durres Road,2026-06-08 11:40:00,88,37.3,Medium,Clear,Normal
S002,Ring Road,2026-06-08 11:45:00,89,39.4,Low,Foggy,Normal
S007,Airport Road,2026-06-08 11:50:00,97,53.8,Low,Foggy,Normal
S007,Airport Road,2026-06-08 11:55:00,42,50.2,Low,Rainy,Normal
S004,Blloku,2026-06-08 12:00:00,73,40.8,Low,Rainy,Normal
S005,Durres Road,2026-06-08 12:05:00,97,40.6,Low,Cloudy,Roadwork
S007,Airport Road,2026-06-08 12:10:00,144,36.2,Medium,Cloudy,Normal
S003,Student City,2026-06-08 12:15:00,124,47.6,Low,Rainy,Accident
S008,New Boulevard,2026-06-08 12:20:00,119,46.2,Low,Cloudy,Normal
S003,Student City,2026-06-08 12:25:00,90,43.1,Low,Foggy,Normal
S006,Zogu i Zi,2026-06-08 12:30:00,108,31.7,Medium,Rainy,Normal
S008,New Boulevard,2026-06-08 12:35:00,114,56.1,Low,Rainy,Normal
S003,Student City,2026-06-08 12:40:00,53,56.4,Low,Cloudy,Normal
S003,Student City,2026-06-08 12:45:00,156,32.2,Medium,Clear,Normal
S007,Airport Road,2026-06-08 12:50:00,46,48.8,Low,Cloudy,Normal
S005,Durres Road,2026-06-08 12:55:00,118,56.0,Low,Foggy,Normal
S003,Student City,2026-06-08 13:00:00,74,46.2,Low,Rainy,Normal
S001,Tirana Center,2026-06-08 13:05:00,110,43.1,Low,Cloudy,Normal
S008,New Boulevard,2026-06-08 13:10:00,73,40.8,Low,Rainy,Accident
S004,Blloku,2026-06-08 13:15:00,91,48.1,Low,Foggy,Normal
S004,Blloku,2026-06-08 13:20:00,64,38.1,Low,Cloudy,Normal
S001,Tirana Center,2026-06-08 13:25:00,108,46.0,Low,Foggy,Normal
S008,New Boulevard,2026-06-08 13:30:00,104,39.6,Low,Clear,Normal
S002,Ring Road,2026-06-08 13:35:00,146,41.1,Low,Cloudy,Normal
S005,Durres Road,2026-06-08 13:40:00,51,42.1,Low,Rainy,Normal
S003,Student City,2026-06-08 13:45:00,127,35.9,Medium,Clear,Normal
S005,Durres Road,2026-06-08 13:50:00,20,51.8,Low,Foggy,Normal
S008,New Boulevard,2026-06-08 13:55:00,37,50.7,Low,Cloudy,Normal
S002,Ring Road,2026-06-08 14:00:00,157,35.6,Medium,Foggy,Normal
S006,Zogu i Zi,2026-06-08 14:05:00,98,37.3,Medium,Rainy,Normal
S007,Airport Road,2026-06-08 14:10:00,84,53.6,Low,Foggy,Heavy Traffic
S005,Durres Road,2026-06-08 14:15:00,47,38.2,Low,Clear,Accident
S003,Student City,2026-06-08 14:20:00,101,24.0,Medium,Rainy,Normal
S002,Ring Road,2026-06-08 14:25:00,124,39.4,Low,Foggy,Normal
S006,Zogu i Zi,2026-06-08 14:30:00,99,39.1,Low,Rainy,Normal
S006,Zogu i Zi,2026-06-08 14:35:00,20,42.7,Low,Rainy,Normal
S003,Student City,2026-06-08 14:40:00,102,55.1,Low,Foggy,Normal
S002,Ring Road,2026-06-08 14:45:00,93,45.4,Low,Clear,Normal
S006,Zogu i Zi,2026-06-08 14:50:00,114,22.7,Medium,Foggy,Normal
S002,Ring Road,2026-06-08 14:55:00,43,50.3,Low,Foggy,Normal
S003,Student City,2026-06-08 15:00:00,101,44.6,Low,Foggy,Normal
S002,Ring Road,2026-06-08 15:05:00,116,19.0,High,Foggy,Normal
S001,Tirana Center,2026-06-08 15:10:00,75,51.4,Low,Cloudy,Normal
S002,Ring Road,2026-06-08 15:15:00,114,30.7,Medium,Rainy,Normal
S008,New Boulevard,2026-06-08 15:20:00,126,34.5,Medium,Clear,Roadwork
S006,Zogu i Zi,2026-06-08 15:25:00,117,34.6,Medium,Clear,Heavy Traffic
S007,Airport Road,2026-06-08 15:30:00,20,62.0,Low,Cloudy,Normal
S003,Student City,2026-06-08 15:35:00,96,44.9,Low,Foggy,Normal
S006,Zogu i Zi,2026-06-08 15:40:00,76,40.2,Low,Cloudy,Normal
S007,Airport Road,2026-06-08 15:45:00,99,32.3,Medium,Rainy,Normal
S006,Zogu i Zi,2026-06-08 15:50:00,101,43.7,Low,Cloudy,Normal
S005,Durres Road,2026-06-08 15:55:00,118,34.6,Medium,Foggy,Normal
S004,Blloku,2026-06-08 16:00:00,276,21.6,High,Rainy,Heavy Traffic
S006,Zogu i Zi,2026-06-08 16:05:00,207,9.1,High,Foggy,Normal
S003,Student City,2026-06-08 16:10:00,209,29.2,Medium,Cloudy,Normal
S003,Student City,2026-06-08 16:15:00,261,8,High,Cloudy,Normal
S007,Airport Road,2026-06-08 16:20:00,219,35.7,Medium,Foggy,Normal
S005,Durres Road,2026-06-08 16:25:00,225,8.9,High,Clear,Normal
S005,Durres Road,2026-06-08 16:30:00,202,37.0,Medium,Cloudy,Normal
S008,New Boulevard,2026-06-08 16:35:00,247,14.2,High,Foggy,Normal
S001,Tirana Center,2026-06-08 16:40:00,214,23.5,Medium,Foggy,Normal
S007,Airport Road,2026-06-08 16:45:00,237,8,High,Clear,Normal
S008,New Boulevard,2026-06-08 16:50:00,222,10.8,High,Clear,Normal
S006,Zogu i Zi,2026-06-08 16:55:00,210,12.7,High,Cloudy,Accident
S006,Zogu i Zi,2026-06-08 17:00:00,100,40.2,Low,Clear,Heavy Traffic
S005,Durres Road,2026-06-08 17:05:00,245,33.7,Medium,Rainy,Normal
S002,Ring Road,2026-06-08 17:10:00,191,31.2,Medium,Cloudy,Normal
S001,Tirana Center,2026-06-08 17:15:00,194,10.6,High,Cloudy,Heavy Traffic
S002,Ring Road,2026-06-08 17:20:00,213,26.9,Medium,Cloudy,Normal
S005,Durres Road,2026-06-08 17:25:00,146,32.7,Medium,Cloudy,Normal
S008,New Boulevard,2026-06-08 17:30:00,229,25.4,Medium,Foggy,Normal
S007,Airport Road,2026-06-08 17:35:00,251,24.7,High,Clear,Normal
S005,Durres Road,2026-06-08 17:40:00,135,44.2,Low,Foggy,Normal
S003,Student City,2026-06-08 17:45:00,191,22.7,Medium,Rainy,Normal
S006,Zogu i Zi,2026-06-08 17:50:00,204,26.5,Medium,Foggy,Roadwork
S003,Student City,2026-06-08 17:55:00,238,25.0,Medium,Rainy,Normal
S005,Durres Road,2026-06-08 18:00:00,229,12.2,High,Rainy,Roadwork
S007,Airport Road,2026-06-08 18:05:00,220,8,High,Foggy,Normal
S005,Durres Road,2026-06-08 18:10:00,218,8.3,High,Clear,Normal
S005,Durres Road,2026-06-08 18:15:00,285,24.0,High,Rainy,Normal
S004,Blloku,2026-06-08 18:20:00,251,19.3,High,Cloudy,Normal
S006,Zogu i Zi,2026-06-08 18:25:00,208,18.3,High,Clear,Roadwork
S005,Durres Road,2026-06-08 18:30:00,161,38.0,Medium,Foggy,Normal
S006,Zogu i Zi,2026-06-08 18:35:00,248,22.9,Medium,Foggy,Normal
S001,Tirana Center,2026-06-08 18:40:00,283,10.6,High,Clear,Normal
S004,Blloku,2026-06-08 18:45:00,208,28.7,Medium,Foggy,Normal
S006,Zogu i Zi,2026-06-08 18:50:00,212,33.5,Medium,Cloudy,Normal
S005,Durres Road,2026-06-08 18:55:00,196,31.2,Medium,Clear,Normal
S002,Ring Road,2026-06-08 19:00:00,150,42.3,Low,Rainy,Normal
S001,Tirana Center,2026-06-08 19:05:00,43,54.8,Low,Foggy,Normal
S006,Zogu i Zi,2026-06-08 19:10:00,65,26.1,Medium,Rainy,Normal
S007,Airport Road,2026-06-08 19:15:00,127,39.5,Low,Clear,Normal
S006,Zogu i Zi,2026-06-08 19:20:00,121,47.5,Low,Clear,Accident
S007,Airport Road,2026-06-08 19:25:00,95,50.6,Low,Rainy,Normal
S007,Airport Road,2026-06-08 19:30:00,159,25.0,Medium,Clear,Heavy Traffic
S008,New Boulevard,2026-06-08 19:35:00,96,45.0,Low,Rainy,Normal
S004,Blloku,2026-06-08 19:40:00,175,34.9,Medium,Cloudy,Heavy Traffic
S001,Tirana Center,2026-06-08 19:45:00,92,49.4,Low,Foggy,Normal
S001,Tirana Center,2026-06-08 19:50:00,88,42.8,Low,Rainy,Normal
S002,Ring Road,2026-06-08 19:55:00,86,47.8,Low,Cloudy,Normal
S008,New Boulevard,2026-06-08 20:00:00,92,36.6,Medium,Foggy,Normal
S008,New Boulevard,2026-06-08 20:05:00,93,36.5,Medium,Clear,Normal
S008,New Boulevard,2026-06-08 20:10:00,79,57.2,Low,Clear,Normal
S003,Student City,2026-06-08 20:15:00,104,31.5,Medium,Cloudy,Normal
S002,Ring Road,2026-06-08 20:20:00,120,28.1,Medium,Rainy,Heavy Traffic
S001,Tirana Center,2026-06-08 20:25:00,75,30.6,Medium,Rainy,Normal
S005,Durres Road,2026-06-08 20:30:00,91,13.6,High,Foggy,Normal
S002,Ring Road,2026-06-08 20:35:00,152,46.4,Medium,Foggy,Normal
S003,Student City,2026-06-08 20:40:00,96,32.6,Medium,Clear,Normal
S007,Airport Road,2026-06-08 20:45:00,126,38.3,Low,Clear,Normal
S007,Airport Road,2026-06-08 20:50:00,127,22.0,High,Foggy,Normal
S007,Airport Road,2026-06-08 20:55:00,124,31.4,Medium,Clear,Heavy Traffic
S006,Zogu i Zi,2026-06-08 21:00:00,61,29.9,Medium,Clear,Normal
S005,Durres Road,2026-06-08 21:05:00,132,46.0,Low,Rainy,Normal
S007,Airport Road,2026-06-08 21:10:00,84,62.8,Low,Cloudy,Normal
S008,New Boulevard,2026-06-08 21:15:00,42,48.1,Low,Clear,Normal
S007,Airport Road,2026-06-08 21:20:00,151,39.5,Medium,Clear,Normal
S002,Ring Road,2026-06-08 21:25:00,107,44.9,Low,Cloudy,Normal
S001,Tirana Center,2026-06-08 21:30:00,124,45.7,Low,Cloudy,Normal
S004,Blloku,2026-06-08 21:35:00,124,54.2,Low,Clear,Roadwork
S004,Blloku,2026-06-08 21:40:00,140,17.6,High,Rainy,Normal
S005,Durres Road,2026-06-08 21:45:00,84,37.7,Medium,Clear,Normal
S002,Ring Road,2026-06-08 21:50:00,113,31.9,Medium,Foggy,Normal
S006,Zogu i Zi,2026-06-08 21:55:00,118,38.0,Low,Clear,Heavy Traffic
S004,Blloku,2026-06-08 22:00:00,20,43.3,Low,Cloudy,Normal
S006,Zogu i Zi,2026-06-08 22:05:00,98,44.8,Low,Clear,Normal
S004,Blloku,2026-06-08 22:10:00,27,58.8,Low,Clear,Normal
S002,Ring Road,2026-06-08 22:15:00,41,71.6,Low,Cloudy,Normal
S004,Blloku,2026-06-08 22:20:00,42,39.7,Low,Clear,Normal
S004,Blloku,2026-06-08 22:25:00,58,36.0,Medium,Rainy,Normal
S004,Blloku,2026-06-08 22:30:00,99,37.0,Medium,Foggy,Normal
S007,Airport Road,2026-06-08 22:35:00,116,46.7,Low,Cloudy,Normal
S007,Airport Road,2026-06-08 22:40:00,106,53.8,Low,Cloudy,Normal
S003,Student City,2026-06-08 22:45:00,131,34.9,Medium,Rainy,Normal
S007,Airport Road,2026-06-08 22:50:00,69,45.3,Low,Cloudy,Normal
S005,Durres Road,2026-06-08 22:55:00,172,35.8,Medium,Clear,Normal
S004,Blloku,2026-06-08 23:00:00,134,26.0,Medium,Foggy,Normal
S003,Student City,2026-06-08 23:05:00,81,55.2,Low,Rainy,Normal
S002,Ring Road,2026-06-08 23:10:00,148,30.3,Medium,Clear,Normal
S006,Zogu i Zi,2026-06-08 23:15:00,131,55.7,Low,Clear,Normal
S001,Tirana Center,2026-06-08 23:20:00,80,43.8,Low,Rainy,Normal
S002,Ring Road,2026-06-08 23:25:00,87,51.1,Low,Foggy,Normal
S005,Durres Road,2026-06-08 23:30:00,51,61.8,Low,Rainy,Normal
S003,Student City,2026-06-08 23:35:00,151,39.9,Medium,Foggy,Normal
S002,Ring Road,2026-06-08 23:40:00,114,35.8,Medium,Cloudy,Normal
S007,Airport Road,2026-06-08 23:45:00,119,30.0,Medium,Clear,Normal
S004,Blloku,2026-06-08 23:50:00,85,55.3,Low,Clear,Normal
S003,Student City,2026-06-08 23:55:00,36,59.4,Low,Foggy,Normal
S008,New Boulevard,2026-06-09 00:00:00,94,38.8,Low,Rainy,Normal
S005,Durres Road,2026-06-09 00:05:00,73,47.9,Low,Foggy,Normal
S008,New Boulevard,2026-06-09 00:10:00,74,34.4,Medium,Rainy,Normal
S001,Tirana Center,2026-06-09 00:15:00,107,44.0,Low,Cloudy,Normal
S003,Student City,2026-06-09 00:20:00,59,51.5,Low,Rainy,Normal
S008,New Boulevard,2026-06-09 00:25:00,54,50.8,Low,Rainy,Heavy Traffic
S003,Student City,2026-06-09 00:30:00,145,25.4,Medium,Foggy,Normal
S003,Student City,2026-06-09 00:35:00,114,41.7,Low,Clear,Normal
S005,Durres Road,2026-06-09 00:40:00,58,55.2,Low,Foggy,Normal
S004,Blloku,2026-06-09 00:45:00,114,43.4,Low,Foggy,Normal
S003,Student City,2026-06-09 00:50:00,100,47.2,Low,Foggy,Normal
S003,Student City,2026-06-09 00:55:00,59,42.4,Low,Cloudy,Normal
S007,Airport Road,2026-06-09 01:00:00,127,42.5,Low,Clear,Normal
S008,New Boulevard,2026-06-09 01:05:00,92,42.5,Low,Rainy,Normal
S001,Tirana Center,2026-06-09 01:10:00,121,30.6,Medium,Foggy,Normal
S006,Zogu i Zi,2026-06-09 01:15:00,91,35.6,Medium,Rainy,Normal
S007,Airport Road,2026-06-09 01:20:00,154,29.8,Medium,Cloudy,Normal
S002,Ring Road,2026-06-09 01:25:00,61,46.6,Low,Rainy,Normal
S005,Durres Road,2026-06-09 01:30:00,76,19.0,High,Cloudy,Normal
S008,New Boulevard,2026-06-09 01:35:00,77,41.5,Low,Rainy,Heavy Traffic
S001,Tirana Center,2026-06-09 01:40:00,136,33.8,Medium,Cloudy,Normal
S008,New Boulevard,2026-06-09 01:45:00,146,42.9,Low,Rainy,Normal
S001,Tirana Center,2026-06-09 01:50:00,159,30.2,Medium,Clear,Normal
S008,New Boulevard,2026-06-09 01:55:00,168,20.2,High,Cloudy,Normal
S002,Ring Road,2026-06-09 02:00:00,55,42.4,Low,Rainy,Normal
S006,Zogu i Zi,2026-06-09 02:05:00,107,49.2,Low,Foggy,Normal
S005,Durres Road,2026-06-09 02:10:00,63,64.3,Low,Clear,Normal
S005,Durres Road,2026-06-09 02:15:00,88,44.9,Low,Cloudy,Normal
S002,Ring Road,2026-06-09 02:20:00,30,53.5,Low,Cloudy,Normal
S003,Student City,2026-06-09 02:25:00,134,29.4,Medium,Cloudy,Normal
S003,Student City,2026-06-09 02:30:00,75,48.5,Low,Foggy,Normal
S004,Blloku,2026-06-09 02:35:00,64,43.4,Low,Cloudy,Normal
S008,New Boulevard,2026-06-09 02:40:00,72,34.8,Medium,Cloudy,Normal
S001,Tirana Center,2026-06-09 02:45:00,97,49.1,Low,Clear,Normal
S008,New Boulevard,2026-06-09 02:50:00,122,28.1,Medium,Rainy,Normal
S005,Durres Road,2026-06-09 02:55:00,111,35.0,Medium,Clear,Roadwork
S007,Airport Road,2026-06-09 03:00:00,114,47.2,Low,Clear,Normal
S005,Durres Road,2026-06-09 03:05:00,131,58.7,Low,Rainy,Normal
S004,Blloku,2026-06-09 03:10:00,105,27.1,Medium,Foggy,Normal
S001,Tirana Center,2026-06-09 03:15:00,70,56.4,Low,Rainy,Normal
S002,Ring Road,2026-06-09 03:20:00,115,35.9,Medium,Clear,Normal
S002,Ring Road,2026-06-09 03:25:00,83,50.0,Low,Foggy,Normal
S007,Airport Road,2026-06-09 03:30:00,100,37.3,Medium,Rainy,Normal
S003,Student City,2026-06-09 03:35:00,76,56.2,Low,Rainy,Normal
S008,New Boulevard,2026-06-09 03:40:00,143,39.4,Low,Rainy,Normal
S005,Durres Road,2026-06-09 03:45:00,69,40.8,Low,Foggy,Roadwork
S008,New Boulevard,2026-06-09 03:50:00,115,33.7,Medium,Cloudy,Heavy Traffic
S006,Zogu i Zi,2026-06-09 03:55:00,99,43.3,Low,Foggy,Normal
S002,Ring Road,2026-06-09 04:00:00,71,33.0,Medium,Clear,Normal
S005,Durres Road,2026-06-09 04:05:00,90,22.3,Medium,Cloudy,Normal
S003,Student City,2026-06-09 04:10:00,98,33.4,Medium,Cloudy,Normal
S004,Blloku,2026-06-09 04:15:00,103,32.3,Medium,Clear,Normal
S002,Ring Road,2026-06-09 04:20:00,87,33.8,Medium,Cloudy,Normal
S008,New Boulevard,2026-06-09 04:25:00,55,45.7,Low,Foggy,Normal
S003,Student City,2026-06-09 04:30:00,151,26.2,Medium,Foggy,Normal
S005,Durres Road,2026-06-09 04:35:00,121,35.6,Medium,Clear,Heavy Traffic
S002,Ring Road,2026-06-09 04:40:00,79,36.0,Medium,Foggy,Normal
S008,New Boulevard,2026-06-09 04:45:00,123,22.4,Medium,Foggy,Normal
S004,Blloku,2026-06-09 04:50:00,142,47.5,Low,Clear,Normal
S007,Airport Road,2026-06-09 04:55:00,125,34.6,Medium,Clear,Normal
S003,Student City,2026-06-09 05:00:00,76,25.7,Medium,Cloudy,Normal
S005,Durres Road,2026-06-09 05:05:00,152,29.4,Medium,Rainy,Normal
S005,Durres Road,2026-06-09 05:10:00,112,36.5,Medium,Rainy,Normal
S007,Airport Road,2026-06-09 05:15:00,101,36.6,Medium,Rainy,Roadwork
S005,Durres Road,2026-06-09 05:20:00,66,54.4,Low,Clear,Normal
S007,Airport Road,2026-06-09 05:25:00,92,39.9,Low,Cloudy,Normal
S004,Blloku,2026-06-09 05:30:00,89,42.3,Low,Clear,Normal
S007,Airport Road,2026-06-09 05:35:00,97,48.6,Low,Rainy,Normal
S007,Airport Road,2026-06-09 05:40:00,78,38.1,Low,Rainy,Normal
S002,Ring Road,2026-06-09 05:45:00,85,49.6,Low,Foggy,Heavy Traffic
S004,Blloku,2026-06-09 05:50:00,85,42.2,Low,Cloudy,Normal
S003,Student City,2026-06-09 05:55:00,122,41.1,Low,Foggy,Normal
S002,Ring Road,2026-06-09 06:00:00,103,56.4,Low,Rainy,Normal
S002,Ring Road,2026-06-09 06:05:00,111,54.2,Low,Cloudy,Normal
S008,New Boulevard,2026-06-09 06:10:00,98,44.2,Low,Foggy,Normal
S001,Tirana Center,2026-06-09 06:15:00,35,58.2,Low,Foggy,Normal
S004,Blloku,2026-06-09 06:20:00,80,51.6,Low,Cloudy,Normal
S002,Ring Road,2026-06-09 06:25:00,89,53.4,Low,Foggy,Normal
S005,Durres Road,2026-06-09 06:30:00,85,42.0,Low,Clear,Normal
S005,Durres Road,2026-06-09 06:35:00,107,31.3,Medium,Clear,Normal
S001,Tirana Center,2026-06-09 06:40:00,146,25.8,Medium,Cloudy,Normal
S003,Student City,2026-06-09 06:45:00,105,28.0,Medium,Rainy,Normal
S003,Student City,2026-06-09 06:50:00,146,16.7,High,Clear,Normal
S003,Student City,2026-06-09 06:55:00,81,53.9,Low,Clear,Normal
S004,Blloku,2026-06-09 07:00:00,182,20.0,High,Foggy,Normal
S007,Airport Road,2026-06-09 07:05:00,216,21.5,High,Cloudy,Normal
S007,Airport Road,2026-06-09 07:10:00,214,26.5,Medium,Rainy,Normal
S002,Ring Road,2026-06-09 07:15:00,209,20.5,High,Cloudy,Heavy Traffic
S008,New Boulevard,2026-06-09 07:20:00,178,31.5,Medium,Clear,Normal
S008,New Boulevard,2026-06-09 07:25:00,177,35.1,Medium,Foggy,Normal
S001,Tirana Center,2026-06-09 07:30:00,248,9.3,High,Cloudy,Normal
S007,Airport Road,2026-06-09 07:35:00,191,39.5,Medium,Foggy,Normal
S003,Student City,2026-06-09 07:40:00,149,31.1,Medium,Foggy,Normal
S001,Tirana Center,2026-06-09 07:45:00,273,35.3,High,Foggy,Roadwork
S003,Student City,2026-06-09 07:50:00,214,13.9,High,Cloudy,Normal
S006,Zogu i Zi,2026-06-09 07:55:00,185,23.3,Medium,Rainy,Normal
S001,Tirana Center,2026-06-09 08:00:00,257,17.5,High,Foggy,Normal
S003,Student City,2026-06-09 08:05:00,190,40.0,Medium,Rainy,Normal
S007,Airport Road,2026-06-09 08:10:00,233,27.2,Medium,Rainy,Normal
S005,Durres Road,2026-06-09 08:15:00,161,46.2,Medium,Cloudy,Heavy Traffic
S002,Ring Road,2026-06-09 08:20:00,239,29.4,Medium,Clear,Normal
S007,Airport Road,2026-06-09 08:25:00,241,15.6,High,Clear,Normal
S008,New Boulevard,2026-06-09 08:30:00,240,18.1,High,Cloudy,Normal
S006,Zogu i Zi,2026-06-09 08:35:00,231,19.6,High,Cloudy,Heavy Traffic
S003,Student City,2026-06-09 08:40:00,232,18.3,High,Clear,Normal
S007,Airport Road,2026-06-09 08:45:00,234,29.0,Medium,Rainy,Normal
S001,Tirana Center,2026-06-09 08:50:00,263,25.0,High,Clear,Normal
S004,Blloku,2026-06-09 08:55:00,230,16.6,High,Cloudy,Normal
S006,Zogu i Zi,2026-06-09 09:00:00,193,36.5,Medium,Rainy,Normal
S006,Zogu i Zi,2026-06-09 09:05:00,255,19.8,High,Foggy,Normal
S002,Ring Road,2026-06-09 09:10:00,173,21.6,High,Cloudy,Heavy Traffic
S008,New Boulevard,2026-06-09 09:15:00,258,28.0,High,Foggy,Normal
S007,Airport Road,2026-06-09 09:20:00,265,8,High,Rainy,Normal
S008,New Boulevard,2026-06-09 09:25:00,141,9.5,High,Rainy,Normal
S003,Student City,2026-06-09 09:30:00,193,39.7,Medium,Clear,Accident
S008,New Boulevard,2026-06-09 09:35:00,257,11.9,High,Rainy,Roadwork
S003,Student City,2026-06-09 09:40:00,188,16.7,High,Clear,Normal
S001,Tirana Center,2026-06-09 09:45:00,207,15.3,High,Clear,Normal
S001,Tirana Center,2026-06-09 09:50:00,223,31.5,Medium,Foggy,Normal
S001,Tirana Center,2026-06-09 09:55:00,151,42.4,Medium,Clear,Normal
S003,Student City,2026-06-09 10:00:00,102,30.1,Medium,Foggy,Heavy Traffic
S005,Durres Road,2026-06-09 10:05:00,118,32.6,Medium,Rainy,Normal
S008,New Boulevard,2026-06-09 10:10:00,51,42.0,Low,Rainy,Normal
S006,Zogu i Zi,2026-06-09 10:15:00,83,42.4,Low,Cloudy,Normal
S006,Zogu i Zi,2026-06-09 10:20:00,150,34.1,Medium,Rainy,Normal
S003,Student City,2026-06-09 10:25:00,68,41.4,Low,Clear,Normal
S007,Airport Road,2026-06-09 10:30:00,40,52.3,Low,Clear,Normal
S005,Durres Road,2026-06-09 10:35:00,79,52.8,Low,Clear,Normal
S002,Ring Road,2026-06-09 10:40:00,118,51.4,Low,Cloudy,Normal
S002,Ring Road,2026-06-09 10:45:00,77,44.2,Low,Foggy,Normal
S003,Student City,2026-06-09 10:50:00,89,54.6,Low,Foggy,Normal
S003,Student City,2026-06-09 10:55:00,110,41.3,Low,Clear,Normal
S002,Ring Road,2026-06-09 11:00:00,142,31.4,Medium,Foggy,Normal
S008,New Boulevard,2026-06-09 11:05:00,100,44.6,Low,Foggy,Normal
S008,New Boulevard,2026-06-09 11:10:00,132,33.9,Medium,Rainy,Normal
S004,Blloku,2026-06-09 11:15:00,89,38.1,Low,Clear,Normal
S004,Blloku,2026-06-09 11:20:00,189,24.4,Medium,Rainy,Normal
S008,New Boulevard,2026-06-09 11:25:00,37,52.3,Low,Rainy,Normal
S004,Blloku,2026-06-09 11:30:00,73,30.0,Medium,Rainy,Normal
S001,Tirana Center,2026-06-09 11:35:00,38,54.5,Low,Rainy,Normal
S005,Durres Road,2026-06-09 11:40:00,116,33.7,Medium,Cloudy,Normal
S004,Blloku,2026-06-09 11:45:00,93,51.3,Low,Clear,Normal
S003,Student City,2026-06-09 11:50:00,47,56.1,Low,Foggy,Normal
S005,Durres Road,2026-06-09 11:55:00,21,55.1,Low,Cloudy,Normal
S003,Student City,2026-06-09 12:00:00,121,36.2,Medium,Rainy,Normal
S006,Zogu i Zi,2026-06-09 12:05:00,94,50.0,Low,Clear,Normal
S007,Airport Road,2026-06-09 12:10:00,135,36.1,Medium,Foggy,Roadwork
S001,Tirana Center,2026-06-09 12:15:00,144,33.7,Medium,Clear,Normal
S004,Blloku,2026-06-09 12:20:00,81,47.8,Low,Rainy,Normal
S004,Blloku,2026-06-09 12:25:00,124,40.5,Low,Foggy,Heavy Traffic
S002,Ring Road,2026-06-09 12:30:00,96,49.0,Low,Rainy,Normal
S004,Blloku,2026-06-09 12:35:00,90,54.7,Low,Foggy,Normal
S006,Zogu i Zi,2026-06-09 12:40:00,94,38.9,Low,Clear,Normal
S005,Durres Road,2026-06-09 12:45:00,100,40.4,Low,Foggy,Normal
S007,Airport Road,2026-06-09 12:50:00,132,35.7,Medium,Foggy,Normal
S003,Student City,2026-06-09 12:55:00,90,41.4,Low,Rainy,Normal
S006,Zogu i Zi,2026-06-09 13:00:00,172,29.4,Medium,Clear,Normal
S007,Airport Road,2026-06-09 13:05:00,93,46.2,Low,Rainy,Normal
S006,Zogu i Zi,2026-06-09 13:10:00,84,44.3,Low,Rainy,Normal
S004,Blloku,2026-06-09 13:15:00,107,32.5,Medium,Cloudy,Normal
S007,Airport Road,2026-06-09 13:20:00,91,50.0,Low,Rainy,Normal
S001,Tirana Center,2026-06-09 13:25:00,104,30.3,Medium,Cloudy,Normal
S004,Blloku,2026-06-09 13:30:00,45,31.7,Medium,Rainy,Heavy Traffic
S001,Tirana Center,2026-06-09 13:35:00,99,30.6,Medium,Clear,Heavy Traffic
S007,Airport Road,2026-06-09 13:40:00,108,37.6,Medium,Clear,Normal
S001,Tirana Center,2026-06-09 13:45:00,116,37.6,Medium,Clear,Normal
S006,Zogu i Zi,2026-06-09 13:50:00,66,48.0,Low,Cloudy,Normal
S005,Durres Road,2026-06-09 13:55:00,79,30.7,Medium,Rainy,Normal
S003,Student City,2026-06-09 14:00:00,86,42.9,Low,Clear,Normal
S008,New Boulevard,2026-06-09 14:05:00,69,43.3,Low,Clear,Normal
S003,Student City,2026-06-09 14:10:00,114,31.9,Medium,Cloudy,Normal
S006,Zogu i Zi,2026-06-09 14:15:00,127,44.6,Low,Cloudy,Normal
S006,Zogu i Zi,2026-06-09 14:20:00,71,38.2,Low,Cloudy,Accident
S002,Ring Road,2026-06-09 14:25:00,149,35.6,Medium,Cloudy,Roadwork
S001,Tirana Center,2026-06-09 14:30:00,47,50.3,Low,Cloudy,Normal
S001,Tirana Center,2026-06-09 14:35:00,61,47.5,Low,Clear,Normal
S008,New Boulevard,2026-06-09 14:40:00,124,18.4,High,Clear,Normal
S007,Airport Road,2026-06-09 14:45:00,94,33.9,Medium,Cloudy,Normal
S001,Tirana Center,2026-06-09 14:50:00,82,44.9,Low,Foggy,Normal
S006,Zogu i Zi,2026-06-09 14:55:00,96,44.4,Low,Rainy,Normal
S008,New Boulevard,2026-06-09 15:00:00,112,48.8,Low,Cloudy,Normal
S004,Blloku,2026-06-09 15:05:00,95,42.5,Low,Foggy,Normal
S003,Student City,2026-06-09 15:10:00,144,48.6,Low,Foggy,Normal
S005,Durres Road,2026-06-09 15:15:00,50,53.8,Low,Foggy,Normal
S008,New Boulevard,2026-06-09 15:20:00,61,52.1,Low,Cloudy,Heavy Traffic
S007,Airport Road,2026-06-09 15:25:00,94,50.0,Low,Clear,Normal
S007,Airport Road,2026-06-09 15:30:00,125,36.3,Medium,Clear,Normal
S005,Durres Road,2026-06-09 15:35:00,88,40.7,Low,Foggy,Normal
S004,Blloku,2026-06-09 15:40:00,104,45.2,Low,Rainy,Heavy Traffic
S005,Durres Road,2026-06-09 15:45:00,145,33.3,Medium,Foggy,Normal
S003,Student City,2026-06-09 15:50:00,155,29.8,Medium,Rainy,Normal
S004,Blloku,2026-06-09 15:55:00,188,26.1,Medium,Rainy,Normal
S006,Zogu i Zi,2026-06-09 16:00:00,248,16.0,High,Rainy,Normal
S003,Student City,2026-06-09 16:05:00,247,16.6,High,Rainy,Normal
S007,Airport Road,2026-06-09 16:10:00,157,8,High,Foggy,Normal
S005,Durres Road,2026-06-09 16:15:00,233,21.2,High,Rainy,Normal
S006,Zogu i Zi,2026-06-09 16:20:00,195,30.8,Medium,Rainy,Normal
S007,Airport Road,2026-06-09 16:25:00,206,19.1,High,Clear,Normal
S004,Blloku,2026-06-09 16:30:00,233,16.1,High,Clear,Heavy Traffic
S004,Blloku,2026-06-09 16:35:00,266,21.0,High,Cloudy,Normal
S003,Student City,2026-06-09 16:40:00,197,38.3,Medium,Rainy,Normal
S003,Student City,2026-06-09 16:45:00,263,8,High,Rainy,Normal
S007,Airport Road,2026-06-09 16:50:00,208,31.2,Medium,Cloudy,Normal
S004,Blloku,2026-06-09 16:55:00,187,25.9,Medium,Cloudy,Normal
S001,Tirana Center,2026-06-09 17:00:00,231,16.4,High,Rainy,Normal
S003,Student City,2026-06-09 17:05:00,159,27.0,Medium,Rainy,Roadwork
S002,Ring Road,2026-06-09 17:10:00,243,13.9,High,Cloudy,Heavy Traffic
S003,Student City,2026-06-09 17:15:00,186,29.1,Medium,Clear,Normal
S006,Zogu i Zi,2026-06-09 17:20:00,239,10.9,High,Cloudy,Normal
S004,Blloku,2026-06-09 17:25:00,152,32.1,Medium,Clear,Normal
S008,New Boulevard,2026-06-09 17:30:00,229,23.1,Medium,Rainy,Normal
S006,Zogu i Zi,2026-06-09 17:35:00,212,21.6,High,Foggy,Normal
S004,Blloku,2026-06-09 17:40:00,255,9.1,High,Foggy,Normal
S003,Student City,2026-06-09 17:45:00,282,8,High,Clear,Normal
S005,Durres Road,2026-06-09 17:50:00,165,21.9,High,Foggy,Normal
S007,Airport Road,2026-06-09 17:55:00,241,15.7,High,Rainy,Normal
S001,Tirana Center,2026-06-09 18:00:00,183,22.3,Medium,Rainy,Normal
S007,Airport Road,2026-06-09 18:05:00,232,14.0,High,Rainy,Heavy Traffic
S002,Ring Road,2026-06-09 18:10:00,222,20.5,High,Rainy,Normal
S004,Blloku,2026-06-09 18:15:00,228,8,High,Foggy,Normal
S002,Ring Road,2026-06-09 18:20:00,245,25.6,Medium,Rainy,Normal
S003,Student City,2026-06-09 18:25:00,246,8.4,High,Clear,Normal
S008,New Boulevard,2026-06-09 18:30:00,236,20.8,High,Cloudy,Normal
S005,Durres Road,2026-06-09 18:35:00,225,21.1,High,Cloudy,Normal
S006,Zogu i Zi,2026-06-09 18:40:00,218,35.8,Medium,Rainy,Heavy Traffic
S006,Zogu i Zi,2026-06-09 18:45:00,271,17.5,High,Foggy,Normal
S008,New Boulevard,2026-06-09 18:50:00,158,34.9,Medium,Foggy,Normal
S008,New Boulevard,2026-06-09 18:55:00,217,20.0,High,Rainy,Normal
S006,Zogu i Zi,2026-06-09 19:00:00,69,45.7,Low,Foggy,Normal
S008,New Boulevard,2026-06-09 19:05:00,139,36.9,Medium,Cloudy,Heavy Traffic
S005,Durres Road,2026-06-09 19:10:00,105,51.7,Low,Rainy,Normal
S003,Student City,2026-06-09 19:15:00,88,34.9,Medium,Cloudy,Normal
S002,Ring Road,2026-06-09 19:20:00,77,50.1,Low,Clear,Normal
S001,Tirana Center,2026-06-09 19:25:00,127,39.2,Low,Rainy,Normal
S006,Zogu i Zi,2026-06-09 19:30:00,20,52.9,Low,Foggy,Normal
S002,Ring Road,2026-06-09 19:35:00,72,49.7,Low,Cloudy,Normal
S001,Tirana Center,2026-06-09 19:40:00,79,58.7,Low,Cloudy,Normal
S004,Blloku,2026-06-09 19:45:00,172,37.8,Medium,Clear,Normal
S006,Zogu i Zi,2026-06-09 19:50:00,149,49.3,Low,Clear,Normal
S008,New Boulevard,2026-06-09 19:55:00,115,37.2,Medium,Foggy,Normal
S005,Durres Road,2026-06-09 20:00:00,103,51.5,Low,Cloudy,Accident
S006,Zogu i Zi,2026-06-09 20:05:00,52,61.9,Low,Rainy,Heavy Traffic
S002,Ring Road,2026-06-09 20:10:00,48,61.6,Low,Rainy,Normal
S008,New Boulevard,2026-06-09 20:15:00,156,9.7,High,Rainy,Normal
S004,Blloku,2026-06-09 20:20:00,70,49.9,Low,Rainy,Normal
S003,Student City,2026-06-09 20:25:00,99,30.4,Medium,Foggy,Roadwork
S007,Airport Road,2026-06-09 20:30:00,72,30.1,Medium,Rainy,Normal
S002,Ring Road,2026-06-09 20:35:00,140,30.9,Medium,Rainy,Normal
S003,Student City,2026-06-09 20:40:00,112,46.1,Low,Clear,Normal
S004,Blloku,2026-06-09 20:45:00,83,36.9,Medium,Clear,Normal
S008,New Boulevard,2026-06-09 20:50:00,93,48.3,Low,Cloudy,Normal
S002,Ring Road,2026-06-09 20:55:00,87,26.4,Medium,Clear,Normal
S003,Student City,2026-06-09 21:00:00,126,45.8,Low,Clear,Normal
S001,Tirana Center,2026-06-09 21:05:00,69,53.5,Low,Rainy,Normal
S002,Ring Road,2026-06-09 21:10:00,125,46.6,Low,Foggy,Normal
S003,Student City,2026-06-09 21:15:00,134,31.7,Medium,Foggy,Heavy Traffic
S006,Zogu i Zi,2026-06-09 21:20:00,134,32.8,Medium,Cloudy,Normal
S006,Zogu i Zi,2026-06-09 21:25:00,159,40.1,Medium,Cloudy,Normal
S002,Ring Road,2026-06-09 21:30:00,72,35.7,Medium,Foggy,Normal
S006,Zogu i Zi,2026-06-09 21:35:00,127,39.8,Low,Clear,Roadwork
S005,Durres Road,2026-06-09 21:40:00,131,34.8,Medium,Rainy,Normal
S004,Blloku,2026-06-09 21:45:00,90,50.8,Low,Rainy,Normal
S002,Ring Road,2026-06-09 21:50:00,149,32.7,Medium,Cloudy,Normal
S005,Durres Road,2026-06-09 21:55:00,100,30.3,Medium,Clear,Normal
S006,Zogu i Zi,2026-06-09 22:00:00,150,44.2,Low,Cloudy,Normal
S001,Tirana Center,2026-06-09 22:05:00,90,37.0,Medium,Cloudy,Normal
S008,New Boulevard,2026-06-09 22:10:00,165,24.5,Medium,Clear,Normal
S007,Airport Road,2026-06-09 22:15:00,31,59.3,Low,Foggy,Normal
S005,Durres Road,2026-06-09 22:20:00,75,43.9,Low,Rainy,Normal
S005,Durres Road,2026-06-09 22:25:00,89,45.9,Low,Rainy,Normal
S007,Airport Road,2026-06-09 22:30:00,112,33.1,Medium,Foggy,Normal
S007,Airport Road,2026-06-09 22:35:00,70,51.0,Low,Rainy,Normal
S004,Blloku,2026-06-09 22:40:00,153,38.5,Medium,Rainy,Normal
S002,Ring Road,2026-06-09 22:45:00,115,30.7,Medium,Clear,Normal
S001,Tirana Center,2026-06-09 22:50:00,71,55.8,Low,Clear,Normal
S005,Durres Road,2026-06-09 22:55:00,154,41.6,Medium,Cloudy,Normal
S002,Ring Road,2026-06-09 23:00:00,92,37.8,Medium,Cloudy,Normal
S006,Zogu i Zi,2026-06-09 23:05:00,126,35.0,Medium,Rainy,Normal
S005,Durres Road,2026-06-09 23:10:00,97,41.2,Low,Foggy,Normal
S007,Airport Road,2026-06-09 23:15:00,122,47.2,Low,Clear,Normal
S006,Zogu i Zi,2026-06-09 23:20:00,93,42.4,Low,Foggy,Normal
S005,Durres Road,2026-06-09 23:25:00,61,41.0,Low,Clear,Normal
S006,Zogu i Zi,2026-06-09 23:30:00,81,41.1,Low,Clear,Roadwork
S003,Student City,2026-06-09 23:35:00,81,53.7,Low,Foggy,Normal
S003,Student City,2026-06-09 23:40:00,61,36.8,Medium,Clear,Heavy Traffic
S008,New Boulevard,2026-06-09 23:45:00,87,57.0,Low,Rainy,Normal
S001,Tirana Center,2026-06-09 23:50:00,68,30.3,Medium,Foggy,Normal
S002,Ring Road,2026-06-09 23:55:00,88,51.7,Low,Rainy,Normal
S003,Student City,2026-06-10 00:00:00,61,62.9,Low,Cloudy,Normal
S005,Durres Road,2026-06-10 00:05:00,117,17.9,High,Cloudy,Normal
S007,Airport Road,2026-06-10 00:10:00,116,60.1,Low,Cloudy,Normal
S006,Zogu i Zi,2026-06-10 00:15:00,195,29.8,Medium,Clear,Normal
S002,Ring Road,2026-06-10 00:20:00,67,36.5,Medium,Rainy,Accident
S003,Student City,2026-06-10 00:25:00,115,52.7,Low,Foggy,Normal
S005,Durres Road,2026-06-10 00:30:00,220,14.6,High,Cloudy,Normal
S008,New Boulevard,2026-06-10 00:35:00,114,33.1,Medium,Rainy,Normal
S008,New Boulevard,2026-06-10 00:40:00,101,51.9,Low,Rainy,Normal
S005,Durres Road,2026-06-10 00:45:00,42,48.9,Low,Cloudy,Normal
S001,Tirana Center,2026-06-10 00:50:00,86,41.5,Low,Cloudy,Normal
S002,Ring Road,2026-06-10 00:55:00,75,56.4,Low,Foggy,Normal
S004,Blloku,2026-06-10 01:00:00,135,36.2,Medium,Foggy,Heavy Traffic
S007,Airport Road,2026-06-10 01:05:00,109,41.3,Low,Rainy,Normal
S007,Airport Road,2026-06-10 01:10:00,59,53.5,Low,Rainy,Roadwork
S007,Airport Road,2026-06-10 01:15:00,20,49.9,Low,Foggy,Heavy Traffic
S007,Airport Road,2026-06-10 01:20:00,122,36.3,Medium,Cloudy,Heavy Traffic
S005,Durres Road,2026-06-10 01:25:00,199,28.5,Medium,Cloudy,Normal
S007,Airport Road,2026-06-10 01:30:00,125,44.6,Low,Rainy,Normal
S002,Ring Road,2026-06-10 01:35:00,105,16.1,High,Cloudy,Normal
S004,Blloku,2026-06-10 01:40:00,104,30.5,Medium,Clear,Heavy Traffic
S003,Student City,2026-06-10 01:45:00,77,40.5,Low,Clear,Normal
S005,Durres Road,2026-06-10 01:50:00,136,23.7,Medium,Clear,Normal
S008,New Boulevard,2026-06-10 01:55:00,91,33.3,Medium,Foggy,Normal
S001,Tirana Center,2026-06-10 02:00:00,53,35.7,Medium,Clear,Normal
S005,Durres Road,2026-06-10 02:05:00,163,52.3,Medium,Clear,Normal
S002,Ring Road,2026-06-10 02:10:00,62,59.8,Low,Cloudy,Heavy Traffic
S006,Zogu i Zi,2026-06-10 02:15:00,64,64.0,Low,Clear,Normal
S004,Blloku,2026-06-10 02:20:00,51,53.0,Low,Clear,Normal
S004,Blloku,2026-06-10 02:25:00,137,43.2,Low,Cloudy,Normal
S007,Airport Road,2026-06-10 02:30:00,20,56.4,Low,Cloudy,Normal
S004,Blloku,2026-06-10 02:35:00,90,53.5,Low,Rainy,Normal
S004,Blloku,2026-06-10 02:40:00,107,45.5,Low,Rainy,Normal
S003,Student City,2026-06-10 02:45:00,129,43.1,Low,Foggy,Normal
S004,Blloku,2026-06-10 02:50:00,140,33.7,Medium,Rainy,Roadwork
S003,Student City,2026-06-10 02:55:00,124,35.8,Medium,Rainy,Normal
S003,Student City,2026-06-10 03:00:00,80,52.4,Low,Cloudy,Normal
S001,Tirana Center,2026-06-10 03:05:00,159,26.6,Medium,Cloudy,Normal
S007,Airport Road,2026-06-10 03:10:00,138,30.0,Medium,Rainy,Normal
S007,Airport Road,2026-06-10 03:15:00,87,46.9,Low,Cloudy,Normal
S007,Airport Road,2026-06-10 03:20:00,97,48.9,Low,Rainy,Normal
S002,Ring Road,2026-06-10 03:25:00,98,39.7,Low,Cloudy,Normal
S007,Airport Road,2026-06-10 03:30:00,123,36.8,Medium,Clear,Normal
S006,Zogu i Zi,2026-06-10 03:35:00,166,20.8,High,Cloudy,Normal
S003,Student City,2026-06-10 03:40:00,99,52.2,Low,Rainy,Normal
S003,Student City,2026-06-10 03:45:00,53,51.9,Low,Cloudy,Normal
S004,Blloku,2026-06-10 03:50:00,122,46.0,Low,Clear,Normal
S008,New Boulevard,2026-06-10 03:55:00,110,39.9,Low,Foggy,Roadwork
S001,Tirana Center,2026-06-10 04:00:00,129,46.8,Low,Cloudy,Normal
S001,Tirana Center,2026-06-10 04:05:00,110,43.3,Low,Foggy,Normal
S006,Zogu i Zi,2026-06-10 04:10:00,94,44.8,Low,Rainy,Normal
S003,Student City,2026-06-10 04:15:00,50,56.7,Low,Rainy,Roadwork
S004,Blloku,2026-06-10 04:20:00,142,36.0,Medium,Clear,Normal
S001,Tirana Center,2026-06-10 04:25:00,78,61.3,Low,Clear,Normal
S004,Blloku,2026-06-10 04:30:00,92,41.3,Low,Clear,Normal
S008,New Boulevard,2026-06-10 04:35:00,140,44.6,Low,Cloudy,Normal
S005,Durres Road,2026-06-10 04:40:00,80,57.5,Low,Rainy,Normal
S008,New Boulevard,2026-06-10 04:45:00,113,33.8,Medium,Foggy,Normal
S007,Airport Road,2026-06-10 04:50:00,80,36.4,Medium,Rainy,Normal
S008,New Boulevard,2026-06-10 04:55:00,112,60.0,Low,Rainy,Normal
S004,Blloku,2026-06-10 05:00:00,142,20.1,High,Cloudy,Normal
S002,Ring Road,2026-06-10 05:05:00,51,43.0,Low,Foggy,Normal
S001,Tirana Center,2026-06-10 05:10:00,48,34.2,Medium,Cloudy,Normal
S004,Blloku,2026-06-10 05:15:00,134,26.1,Medium,Rainy,Normal
S003,Student City,2026-06-10 05:20:00,178,34.7,Medium,Rainy,Normal
S008,New Boulevard,2026-06-10 05:25:00,76,49.5,Low,Rainy,Roadwork
S002,Ring Road,2026-06-10 05:30:00,97,42.3,Low,Clear,Normal
S004,Blloku,2026-06-10 05:35:00,73,47.3,Low,Rainy,Normal
S004,Blloku,2026-06-10 05:40:00,94,56.5,Low,Cloudy,Normal
S007,Airport Road,2026-06-10 05:45:00,37,33.4,Medium,Rainy,Normal
S001,Tirana Center,2026-06-10 05:50:00,78,42.5,Low,Clear,Normal
S005,Durres Road,2026-06-10 05:55:00,102,38.7,Low,Clear,Normal
S001,Tirana Center,2026-06-10 06:00:00,124,29.1,Medium,Foggy,Normal
S001,Tirana Center,2026-06-10 06:05:00,128,39.5,Low,Clear,Normal
S008,New Boulevard,2026-06-10 06:10:00,77,55.6,Low,Rainy,Normal
S006,Zogu i Zi,2026-06-10 06:15:00,86,59.1,Low,Rainy,Normal
S005,Durres Road,2026-06-10 06:20:00,81,50.0,Low,Foggy,Normal
S001,Tirana Center,2026-06-10 06:25:00,154,27.0,Medium,Clear,Normal
S002,Ring Road,2026-06-10 06:30:00,109,38.0,Medium,Cloudy,Accident
S004,Blloku,2026-06-10 06:35:00,32,53.3,Low,Foggy,Normal
S004,Blloku,2026-06-10 06:40:00,38,46.4,Low,Rainy,Normal
S006,Zogu i Zi,2026-06-10 06:45:00,126,38.2,Low,Rainy,Normal
S004,Blloku,2026-06-10 06:50:00,154,19.9,High,Cloudy,Accident
S005,Durres Road,2026-06-10 06:55:00,125,30.8,Medium,Rainy,Normal
S002,Ring Road,2026-06-10 07:00:00,237,8,High,Foggy,Normal
S002,Ring Road,2026-06-10 07:05:00,203,38.3,Medium,Clear,Normal
S005,Durres Road,2026-06-10 07:10:00,200,43.8,Medium,Clear,Normal
S002,Ring Road,2026-06-10 07:15:00,177,37.7,Medium,Clear,Heavy Traffic
S007,Airport Road,2026-06-10 07:20:00,161,17.8,High,Rainy,Normal
S004,Blloku,2026-06-10 07:25:00,178,27.5,Medium,Foggy,Normal
S002,Ring Road,2026-06-10 07:30:00,187,22.5,Medium,Rainy,Normal
S002,Ring Road,2026-06-10 07:35:00,256,9.1,High,Rainy,Normal
S005,Durres Road,2026-06-10 07:40:00,216,25.0,Medium,Foggy,Normal
S004,Blloku,2026-06-10 07:45:00,181,36.9,Medium,Clear,Normal
S004,Blloku,2026-06-10 07:50:00,217,24.5,Medium,Clear,Normal
S008,New Boulevard,2026-06-10 07:55:00,298,18.9,High,Cloudy,Normal
S002,Ring Road,2026-06-10 08:00:00,183,31.3,Medium,Clear,Normal
S001,Tirana Center,2026-06-10 08:05:00,259,20.3,High,Foggy,Normal
S006,Zogu i Zi,2026-06-10 08:10:00,242,21.6,High,Clear,Normal
S003,Student City,2026-06-10 08:15:00,232,13.6,High,Foggy,Normal
S004,Blloku,2026-06-10 08:20:00,238,22.3,Medium,Cloudy,Normal
S003,Student City,2026-06-10 08:25:00,230,17.4,High,Foggy,Normal
S004,Blloku,2026-06-10 08:30:00,175,26.7,Medium,Rainy,Normal
S003,Student City,2026-06-10 08:35:00,210,15.8,High,Clear,Normal
S003,Student City,2026-06-10 08:40:00,273,22.6,High,Rainy,Normal
S008,New Boulevard,2026-06-10 08:45:00,167,24.2,Medium,Cloudy,Normal
S005,Durres Road,2026-06-10 08:50:00,245,11.7,High,Rainy,Normal
S007,Airport Road,2026-06-10 08:55:00,218,37.0,Medium,Clear,Normal
S001,Tirana Center,2026-06-10 09:00:00,198,20.3,High,Foggy,Normal
S006,Zogu i Zi,2026-06-10 09:05:00,247,18.6,High,Rainy,Normal
S004,Blloku,2026-06-10 09:10:00,212,16.1,High,Cloudy,Normal
S001,Tirana Center,2026-06-10 09:15:00,223,16.0,High,Cloudy,Normal
S007,Airport Road,2026-06-10 09:20:00,252,8,High,Clear,Heavy Traffic
S002,Ring Road,2026-06-10 09:25:00,248,15.5,High,Clear,Normal
S008,New Boulevard,2026-06-10 09:30:00,130,44.5,Low,Foggy,Normal
S006,Zogu i Zi,2026-06-10 09:35:00,301,8,High,Clear,Normal
S004,Blloku,2026-06-10 09:40:00,225,14.7,High,Rainy,Normal
S005,Durres Road,2026-06-10 09:45:00,192,31.3,Medium,Rainy,Normal
S007,Airport Road,2026-06-10 09:50:00,234,14.5,High,Rainy,Normal
S001,Tirana Center,2026-06-10 09:55:00,238,27.2,Medium,Clear,Roadwork
S004,Blloku,2026-06-10 10:00:00,129,40.4,Low,Rainy,Normal
S004,Blloku,2026-06-10 10:05:00,122,38.4,Low,Foggy,Normal
S005,Durres Road,2026-06-10 10:10:00,104,42.3,Low,Clear,Normal
S001,Tirana Center,2026-06-10 10:15:00,138,37.0,Medium,Cloudy,Normal
S008,New Boulevard,2026-06-10 10:20:00,109,52.2,Low,Rainy,Normal
S007,Airport Road,2026-06-10 10:25:00,83,49.8,Low,Foggy,Normal
S006,Zogu i Zi,2026-06-10 10:30:00,81,36.2,Medium,Cloudy,Normal
S001,Tirana Center,2026-06-10 10:35:00,124,31.7,Medium,Cloudy,Normal
S008,New Boulevard,2026-06-10 10:40:00,99,31.9,Medium,Rainy,Normal
S002,Ring Road,2026-06-10 10:45:00,103,29.3,Medium,Foggy,Normal
S004,Blloku,2026-06-10 10:50:00,100,40.3,Low,Foggy,Normal
S004,Blloku,2026-06-10 10:55:00,105,43.5,Low,Foggy,Normal
S006,Zogu i Zi,2026-06-10 11:00:00,110,45.4,Low,Foggy,Normal
S005,Durres Road,2026-06-10 11:05:00,80,40.4,Low,Cloudy,Normal
S001,Tirana Center,2026-06-10 11:10:00,126,39.9,Low,Clear,Normal
S005,Durres Road,2026-06-10 11:15:00,123,30.5,Medium,Cloudy,Normal
S006,Zogu i Zi,2026-06-10 11:20:00,102,52.9,Low,Rainy,Normal
S002,Ring Road,2026-06-10 11:25:00,105,30.2,Medium,Rainy,Normal
S004,Blloku,2026-06-10 11:30:00,107,42.2,Low,Foggy,Normal
S007,Airport Road,2026-06-10 11:35:00,168,36.0,Medium,Foggy,Normal
S005,Durres Road,2026-06-10 11:40:00,69,48.4,Low,Foggy,Normal
S008,New Boulevard,2026-06-10 11:45:00,140,29.0,Medium,Foggy,Normal
S008,New Boulevard,2026-06-10 11:50:00,113,49.3,Low,Cloudy,Normal
S005,Durres Road,2026-06-10 11:55:00,84,43.5,Low,Rainy,Normal
S006,Zogu i Zi,2026-06-10 12:00:00,55,53.9,Low,Rainy,Normal
S003,Student City,2026-06-10 12:05:00,108,60.4,Low,Cloudy,Roadwork
S003,Student City,2026-06-10 12:10:00,157,30.5,Medium,Cloudy,Normal
S001,Tirana Center,2026-06-10 12:15:00,81,33.9,Medium,Rainy,Normal
S004,Blloku,2026-06-10 12:20:00,156,40.6,Medium,Cloudy,Normal
S001,Tirana Center,2026-06-10 12:25:00,84,36.7,Medium,Rainy,Normal
S006,Zogu i Zi,2026-06-10 12:30:00,106,40.3,Low,Clear,Normal
S008,New Boulevard,2026-06-10 12:35:00,119,32.9,Medium,Rainy,Normal
S005,Durres Road,2026-06-10 12:40:00,155,35.7,Medium,Cloudy,Heavy Traffic
S001,Tirana Center,2026-06-10 12:45:00,106,43.9,Low,Rainy,Normal
S006,Zogu i Zi,2026-06-10 12:50:00,132,36.2,Medium,Rainy,Normal
S006,Zogu i Zi,2026-06-10 12:55:00,88,59.9,Low,Cloudy,Normal
S003,Student City,2026-06-10 13:00:00,126,43.0,Low,Rainy,Normal
S006,Zogu i Zi,2026-06-10 13:05:00,122,37.4,Medium,Cloudy,Normal
S005,Durres Road,2026-06-10 13:10:00,89,41.1,Low,Rainy,Normal
S003,Student City,2026-06-10 13:15:00,64,50.0,Low,Clear,Normal
S003,Student City,2026-06-10 13:20:00,184,23.3,Medium,Rainy,Accident
S004,Blloku,2026-06-10 13:25:00,94,44.3,Low,Cloudy,Normal
S003,Student City,2026-06-10 13:30:00,60,43.1,Low,Rainy,Accident
S006,Zogu i Zi,2026-06-10 13:35:00,107,42.3,Low,Cloudy,Normal
S007,Airport Road,2026-06-10 13:40:00,106,45.8,Low,Clear,Accident
S006,Zogu i Zi,2026-06-10 13:45:00,104,34.7,Medium,Foggy,Roadwork
S007,Airport Road,2026-06-10 13:50:00,131,32.8,Medium,Foggy,Normal
S005,Durres Road,2026-06-10 13:55:00,121,48.0,Low,Rainy,Normal
S004,Blloku,2026-06-10 14:00:00,73,47.1,Low,Foggy,Normal
S007,Airport Road,2026-06-10 14:05:00,131,38.6,Low,Clear,Heavy Traffic
S002,Ring Road,2026-06-10 14:10:00,80,42.3,Low,Rainy,Normal
S001,Tirana Center,2026-06-10 14:15:00,100,31.3,Medium,Clear,Normal
S001,Tirana Center,2026-06-10 14:20:00,146,34.3,Medium,Foggy,Normal
S008,New Boulevard,2026-06-10 14:25:00,20,61.4,Low,Cloudy,Normal
S004,Blloku,2026-06-10 14:30:00,66,54.2,Low,Rainy,Heavy Traffic
S005,Durres Road,2026-06-10 14:35:00,129,37.7,Medium,Clear,Roadwork
S003,Student City,2026-06-10 14:40:00,62,41.6,Low,Cloudy,Normal
S007,Airport Road,2026-06-10 14:45:00,68,32.8,Medium,Cloudy,Normal
S003,Student City,2026-06-10 14:50:00,118,37.3,Medium,Clear,Normal
S005,Durres Road,2026-06-10 14:55:00,64,43.3,Low,Clear,Normal
S006,Zogu i Zi,2026-06-10 15:00:00,102,49.2,Low,Foggy,Normal
S002,Ring Road,2026-06-10 15:05:00,65,47.6,Low,Foggy,Normal
S004,Blloku,2026-06-10 15:10:00,22,43.6,Low,Rainy,Normal
S007,Airport Road,2026-06-10 15:15:00,174,40.6,Medium,Rainy,Normal
S005,Durres Road,2026-06-10 15:20:00,110,38.6,Low,Clear,Normal
S001,Tirana Center,2026-06-10 15:25:00,116,27.0,Medium,Clear,Normal
S008,New Boulevard,2026-06-10 15:30:00,90,44.4,Low,Clear,Normal
S002,Ring Road,2026-06-10 15:35:00,104,33.6,Medium,Rainy,Normal
S004,Blloku,2026-06-10 15:40:00,110,40.1,Low,Foggy,Normal
S008,New Boulevard,2026-06-10 15:45:00,101,35.7,Medium,Rainy,Normal
S007,Airport Road,2026-06-10 15:50:00,72,48.1,Low,Clear,Accident
S006,Zogu i Zi,2026-06-10 15:55:00,62,39.8,Low,Foggy,Normal
S004,Blloku,2026-06-10 16:00:00,243,24.0,Medium,Foggy,Normal
S005,Durres Road,2026-06-10 16:05:00,227,25.4,Medium,Cloudy,Normal
S006,Zogu i Zi,2026-06-10 16:10:00,204,14.1,High,Cloudy,Normal
S005,Durres Road,2026-06-10 16:15:00,238,16.3,High,Cloudy,Normal
S001,Tirana Center,2026-06-10 16:20:00,202,28.4,Medium,Foggy,Normal
S002,Ring Road,2026-06-10 16:25:00,227,34.6,Medium,Rainy,Normal
S003,Student City,2026-06-10 16:30:00,214,13.8,High,Foggy,Normal
S001,Tirana Center,2026-06-10 16:35:00,226,8,High,Clear,Heavy Traffic
S007,Airport Road,2026-06-10 16:40:00,284,8,High,Cloudy,Normal
S004,Blloku,2026-06-10 16:45:00,197,37.6,Medium,Clear,Normal
S005,Durres Road,2026-06-10 16:50:00,226,27.0,Medium,Rainy,Normal
S005,Durres Road,2026-06-10 16:55:00,194,31.5,Medium,Rainy,Normal
S002,Ring Road,2026-06-10 17:00:00,226,12.7,High,Rainy,Normal
S001,Tirana Center,2026-06-10 17:05:00,204,26.5,Medium,Clear,Normal
S005,Durres Road,2026-06-10 17:10:00,241,13.7,High,Clear,Normal
S002,Ring Road,2026-06-10 17:15:00,245,10.5,High,Clear,Normal
S006,Zogu i Zi,2026-06-10 17:20:00,204,15.4,High,Clear,Heavy Traffic
S003,Student City,2026-06-10 17:25:00,227,8.3,High,Clear,Normal
S008,New Boulevard,2026-06-10 17:30:00,224,8,High,Cloudy,Normal
S004,Blloku,2026-06-10 17:35:00,231,25.5,Medium,Foggy,Normal
S001,Tirana Center,2026-06-10 17:40:00,176,37.0,Medium,Rainy,Normal
S008,New Boulevard,2026-06-10 17:45:00,201,34.8,Medium,Foggy,Heavy Traffic
S002,Ring Road,2026-06-10 17:50:00,161,19.4,High,Rainy,Normal
S001,Tirana Center,2026-06-10 17:55:00,191,24.6,Medium,Rainy,Normal
S003,Student City,2026-06-10 18:00:00,203,23.7,Medium,Cloudy,Normal
S005,Durres Road,2026-06-10 18:05:00,243,29.8,Medium,Foggy,Normal
S007,Airport Road,2026-06-10 18:10:00,204,16.4,High,Clear,Normal
S003,Student City,2026-06-10 18:15:00,278,8,High,Foggy,Accident
S006,Zogu i Zi,2026-06-10 18:20:00,251,10.7,High,Rainy,Heavy Traffic
S008,New Boulevard,2026-06-10 18:25:00,223,16.5,High,Rainy,Heavy Traffic
S008,New Boulevard,2026-06-10 18:30:00,189,24.9,Medium,Cloudy,Normal
S004,Blloku,2026-06-10 18:35:00,244,18.4,High,Rainy,Normal
S004,Blloku,2026-06-10 18:40:00,280,8,High,Cloudy,Heavy Traffic
S006,Zogu i Zi,2026-06-10 18:45:00,252,25.6,High,Rainy,Normal
S003,Student City,2026-06-10 18:50:00,221,8,High,Rainy,Normal
S007,Airport Road,2026-06-10 18:55:00,292,9.2,High,Rainy,Normal
S003,Student City,2026-06-10 19:00:00,189,19.4,High,Foggy,Normal
S001,Tirana Center,2026-06-10 19:05:00,60,49.0,Low,Rainy,Normal
S006,Zogu i Zi,2026-06-10 19:10:00,105,36.0,Medium,Foggy,Normal
S008,New Boulevard,2026-06-10 19:15:00,132,47.4,Low,Cloudy,Normal
S006,Zogu i Zi,2026-06-10 19:20:00,133,27.3,Medium,Rainy,Heavy Traffic
S006,Zogu i Zi,2026-06-10 19:25:00,92,58.1,Low,Rainy,Roadwork
S006,Zogu i Zi,2026-06-10 19:30:00,152,24.8,Medium,Cloudy,Normal
S001,Tirana Center,2026-06-10 19:35:00,117,48.4,Low,Rainy,Normal
S006,Zogu i Zi,2026-06-10 19:40:00,145,25.4,Medium,Rainy,Normal
S001,Tirana Center,2026-06-10 19:45:00,110,36.8,Medium,Foggy,Normal
S004,Blloku,2026-06-10 19:50:00,41,62.7,Low,Rainy,Normal
S002,Ring Road,2026-06-10 19:55:00,106,43.3,Low,Foggy,Normal
S001,Tirana Center,2026-06-10 20:00:00,123,33.3,Medium,Rainy,Normal
S004,Blloku,2026-06-10 20:05:00,116,46.9,Low,Cloudy,Normal
S004,Blloku,2026-06-10 20:10:00,133,33.1,Medium,Cloudy,Normal
S005,Durres Road,2026-06-10 20:15:00,183,24.1,Medium,Clear,Normal
S003,Student City,2026-06-10 20:20:00,127,35.7,Medium,Rainy,Normal
S007,Airport Road,2026-06-10 20:25:00,131,48.8,Low,Rainy,Normal
S005,Durres Road,2026-06-10 20:30:00,37,35.0,Medium,Cloudy,Normal
S002,Ring Road,2026-06-10 20:35:00,64,42.1,Low,Clear,Normal
S005,Durres Road,2026-06-10 20:40:00,68,36.3,Medium,Foggy,Accident
S006,Zogu i Zi,2026-06-10 20:45:00,53,48.8,Low,Cloudy,Normal
S001,Tirana Center,2026-06-10 20:50:00,111,29.6,Medium,Foggy,Roadwork
S005,Durres Road,2026-06-10 20:55:00,92,30.2,Medium,Clear,Normal
S008,New Boulevard,2026-06-10 21:00:00,71,52.5,Low,Cloudy,Normal
S004,Blloku,2026-06-10 21:05:00,146,33.2,Medium,Cloudy,Normal
S001,Tirana Center,2026-06-10 21:10:00,151,32.1,Medium,Clear,Normal
S004,Blloku,2026-06-10 21:15:00,118,37.0,Medium,Clear,Normal
S003,Student City,2026-06-10 21:20:00,127,44.7,Low,Clear,Normal
S007,Airport Road,2026-06-10 21:25:00,140,48.8,Low,Cloudy,Normal
S005,Durres Road,2026-06-10 21:30:00,118,33.1,Medium,Foggy,Normal
S006,Zogu i Zi,2026-06-10 21:35:00,130,43.1,Low,Clear,Normal
S001,Tirana Center,2026-06-10 21:40:00,196,18.3,High,Rainy,Normal
S003,Student City,2026-06-10 21:45:00,119,30.4,Medium,Clear,Normal
S006,Zogu i Zi,2026-06-10 21:50:00,64,45.0,Low,Foggy,Normal
S002,Ring Road,2026-06-10 21:55:00,164,31.2,Medium,Clear,Normal
S002,Ring Road,2026-06-10 22:00:00,86,57.0,Low,Clear,Normal
S006,Zogu i Zi,2026-06-10 22:05:00,44,32.6,Medium,Clear,Normal
S004,Blloku,2026-06-10 22:10:00,73,45.5,Low,Rainy,Normal
S003,Student City,2026-06-10 22:15:00,128,47.7,Low,Foggy,Normal
S001,Tirana Center,2026-06-10 22:20:00,133,42.9,Low,Clear,Normal
S003,Student City,2026-06-10 22:25:00,89,35.3,Medium,Cloudy,Roadwork
S008,New Boulevard,2026-06-10 22:30:00,64,38.1,Low,Rainy,Normal
S006,Zogu i Zi,2026-06-10 22:35:00,86,23.9,Medium,Rainy,Normal
S004,Blloku,2026-06-10 22:40:00,106,50.2,Low,Cloudy,Normal
S007,Airport Road,2026-06-10 22:45:00,114,22.0,High,Rainy,Normal
S008,New Boulevard,2026-06-10 22:50:00,107,39.1,Low,Rainy,Roadwork
S008,New Boulevard,2026-06-10 22:55:00,133,41.2,Low,Foggy,Normal
S006,Zogu i Zi,2026-06-10 23:00:00,127,39.9,Low,Foggy,Heavy Traffic
S007,Airport Road,2026-06-10 23:05:00,102,63.7,Low,Foggy,Normal
S004,Blloku,2026-06-10 23:10:00,111,56.5,Low,Clear,Normal
S006,Zogu i Zi,2026-06-10 23:15:00,153,31.1,Medium,Clear,Normal
S002,Ring Road,2026-06-10 23:20:00,163,35.4,Medium,Cloudy,Normal
S002,Ring Road,2026-06-10 23:25:00,111,48.6,Low,Foggy,Normal
S007,Airport Road,2026-06-10 23:30:00,91,44.5,Low,Rainy,Normal
S005,Durres Road,2026-06-10 23:35:00,159,24.3,Medium,Cloudy,Normal
S005,Durres Road,2026-06-10 23:40:00,43,51.2,Low,Cloudy,Normal
S002,Ring Road,2026-06-10 23:45:00,77,47.1,Low,Clear,Normal
S001,Tirana Center,2026-06-10 23:50:00,112,32.2,Medium,Clear,Normal
S003,Student City,2026-06-10 23:55:00,127,42.9,Low,Clear,Normal
S004,Blloku,2026-06-11 00:00:00,105,48.3,Low,Cloudy,Normal
S004,Blloku,2026-06-11 00:05:00,133,38.1,Low,Clear,Normal
S003,Student City,2026-06-11 00:10:00,86,34.0,Medium,Foggy,Normal
S002,Ring Road,2026-06-11 00:15:00,113,31.5,Medium,Clear,Normal
S004,Blloku,2026-06-11 00:20:00,81,51.1,Low,Cloudy,Normal
S006,Zogu i Zi,2026-06-11 00:25:00,20,55.0,Low,Clear,Normal
S007,Airport Road,2026-06-11 00:30:00,124,27.2,Medium,Clear,Normal
S007,Airport Road,2026-06-11 00:35:00,90,49.0,Low,Rainy,Normal
S002,Ring Road,2026-06-11 00:40:00,176,31.6,Medium,Cloudy,Normal
S007,Airport Road,2026-06-11 00:45:00,41,51.2,Low,Rainy,Normal
S005,Durres Road,2026-06-11 00:50:00,166,49.9,Medium,Foggy,Roadwork
S006,Zogu i Zi,2026-06-11 00:55:00,121,37.4,Medium,Rainy,Normal
S004,Blloku,2026-06-11 01:00:00,85,34.9,Medium,Cloudy,Normal
S008,New Boulevard,2026-06-11 01:05:00,105,33.3,Medium,Clear,Normal
S006,Zogu i Zi,2026-06-11 01:10:00,142,28.8,Medium,Rainy,Heavy Traffic
S007,Airport Road,2026-06-11 01:15:00,126,37.0,Medium,Rainy,Normal
S001,Tirana Center,2026-06-11 01:20:00,161,22.4,Medium,Cloudy,Normal
S008,New Boulevard,2026-06-11 01:25:00,39,43.6,Low,Clear,Normal
S007,Airport Road,2026-06-11 01:30:00,98,51.9,Low,Rainy,Normal
S003,Student City,2026-06-11 01:35:00,119,39.1,Low,Clear,Roadwork
S008,New Boulevard,2026-06-11 01:40:00,170,32.4,Medium,Cloudy,Normal
S005,Durres Road,2026-06-11 01:45:00,111,27.5,Medium,Foggy,Normal
S001,Tirana Center,2026-06-11 01:50:00,125,26.9,Medium,Clear,Normal
S001,Tirana Center,2026-06-11 01:55:00,96,37.6,Medium,Cloudy,Normal
S006,Zogu i Zi,2026-06-11 02:00:00,167,30.5,Medium,Foggy,Normal
S001,Tirana Center,2026-06-11 02:05:00,77,47.1,Low,Cloudy,Normal
S007,Airport Road,2026-06-11 02:10:00,137,25.4,Medium,Rainy,Normal
S008,New Boulevard,2026-06-11 02:15:00,103,33.7,Medium,Foggy,Normal
S001,Tirana Center,2026-06-11 02:20:00,80,41.3,Low,Rainy,Normal
S005,Durres Road,2026-06-11 02:25:00,89,40.4,Low,Cloudy,Normal
S004,Blloku,2026-06-11 02:30:00,114,52.1,Low,Clear,Normal
S004,Blloku,2026-06-11 02:35:00,83,38.5,Low,Clear,Normal
S005,Durres Road,2026-06-11 02:40:00,114,23.6,Medium,Rainy,Normal
S007,Airport Road,2026-06-11 02:45:00,114,36.1,Medium,Rainy,Normal
S005,Durres Road,2026-06-11 02:50:00,123,20.5,High,Cloudy,Normal
S006,Zogu i Zi,2026-06-11 02:55:00,114,45.8,Low,Rainy,Normal
S002,Ring Road,2026-06-11 03:00:00,62,41.4,Low,Cloudy,Normal
S006,Zogu i Zi,2026-06-11 03:05:00,153,49.6,Medium,Clear,Normal
S003,Student City,2026-06-11 03:10:00,97,24.5,Medium,Rainy,Heavy Traffic
S004,Blloku,2026-06-11 03:15:00,84,43.7,Low,Cloudy,Normal
S006,Zogu i Zi,2026-06-11 03:20:00,59,57.6,Low,Foggy,Normal
S004,Blloku,2026-06-11 03:25:00,113,31.6,Medium,Rainy,Normal
S008,New Boulevard,2026-06-11 03:30:00,115,51.5,Low,Foggy,Normal
S005,Durres Road,2026-06-11 03:35:00,24,63.8,Low,Clear,Normal
S007,Airport Road,2026-06-11 03:40:00,57,33.8,Medium,Clear,Normal
S001,Tirana Center,2026-06-11 03:45:00,101,39.1,Low,Clear,Normal
S005,Durres Road,2026-06-11 03:50:00,70,39.2,Low,Clear,Heavy Traffic
S004,Blloku,2026-06-11 03:55:00,102,53.6,Low,Rainy,Accident
S006,Zogu i Zi,2026-06-11 04:00:00,107,42.5,Low,Clear,Normal
S006,Zogu i Zi,2026-06-11 04:05:00,94,30.9,Medium,Foggy,Normal
S004,Blloku,2026-06-11 04:10:00,76,54.2,Low,Clear,Normal
S004,Blloku,2026-06-11 04:15:00,151,34.3,Medium,Cloudy,Normal
S004,Blloku,2026-06-11 04:20:00,73,37.3,Medium,Cloudy,Normal
S002,Ring Road,2026-06-11 04:25:00,59,35.6,Medium,Cloudy,Normal
S006,Zogu i Zi,2026-06-11 04:30:00,123,37.0,Medium,Foggy,Normal
S008,New Boulevard,2026-06-11 04:35:00,110,30.3,Medium,Rainy,Normal
S002,Ring Road,2026-06-11 04:40:00,156,35.9,Medium,Cloudy,Normal
S004,Blloku,2026-06-11 04:45:00,119,26.8,Medium,Rainy,Normal
S008,New Boulevard,2026-06-11 04:50:00,133,46.2,Low,Foggy,Normal
S008,New Boulevard,2026-06-11 04:55:00,116,43.6,Low,Clear,Normal
S008,New Boulevard,2026-06-11 05:00:00,61,38.1,Low,Cloudy,Normal
S005,Durres Road,2026-06-11 05:05:00,128,51.8,Low,Foggy,Normal
S004,Blloku,2026-06-11 05:10:00,163,24.4,Medium,Foggy,Normal
S005,Durres Road,2026-06-11 05:15:00,149,31.1,Medium,Foggy,Normal
S005,Durres Road,2026-06-11 05:20:00,105,34.3,Medium,Clear,Accident
S007,Airport Road,2026-06-11 05:25:00,109,39.8,Low,Foggy,Normal
S008,New Boulevard,2026-06-11 05:30:00,183,28.6,Medium,Foggy,Normal
S005,Durres Road,2026-06-11 05:35:00,121,41.4,Low,Clear,Normal
S007,Airport Road,2026-06-11 05:40:00,73,36.4,Medium,Rainy,Normal
S004,Blloku,2026-06-11 05:45:00,116,34.1,Medium,Foggy,Normal
S007,Airport Road,2026-06-11 05:50:00,70,36.2,Medium,Cloudy,Normal
S006,Zogu i Zi,2026-06-11 05:55:00,124,30.8,Medium,Rainy,Normal
S003,Student City,2026-06-11 06:00:00,156,15.3,High,Clear,Normal
S008,New Boulevard,2026-06-11 06:05:00,120,32.6,Medium,Foggy,Normal
S001,Tirana Center,2026-06-11 06:10:00,67,34.8,Medium,Rainy,Accident
S007,Airport Road,2026-06-11 06:15:00,100,46.1,Low,Cloudy,Normal
S002,Ring Road,2026-06-11 06:20:00,109,41.0,Low,Foggy,Normal
S002,Ring Road,2026-06-11 06:25:00,84,36.1,Medium,Clear,Normal
S002,Ring Road,2026-06-11 06:30:00,137,40.2,Low,Foggy,Normal
S008,New Boulevard,2026-06-11 06:35:00,93,28.3,Medium,Cloudy,Normal
S008,New Boulevard,2026-06-11 06:40:00,155,39.9,Medium,Clear,Roadwork
S001,Tirana Center,2026-06-11 06:45:00,102,36.7,Medium,Cloudy,Normal
S004,Blloku,2026-06-11 06:50:00,104,37.7,Medium,Clear,Normal
S004,Blloku,2026-06-11 06:55:00,86,50.6,Low,Clear,Normal
S005,Durres Road,2026-06-11 07:00:00,222,21.4,High,Clear,Accident
S006,Zogu i Zi,2026-06-11 07:05:00,222,17.6,High,Foggy,Normal
S005,Durres Road,2026-06-11 07:10:00,147,19.2,High,Foggy,Normal
S002,Ring Road,2026-06-11 07:15:00,233,20.4,High,Cloudy,Normal
S005,Durres Road,2026-06-11 07:20:00,116,36.3,Medium,Clear,Normal
S001,Tirana Center,2026-06-11 07:25:00,289,8,High,Rainy,Normal
S007,Airport Road,2026-06-11 07:30:00,251,16.8,High,Cloudy,Normal
S006,Zogu i Zi,2026-06-11 07:35:00,204,9.8,High,Clear,Normal
S003,Student City,2026-06-11 07:40:00,260,20.5,High,Foggy,Normal
S002,Ring Road,2026-06-11 07:45:00,243,14.1,High,Cloudy,Normal
S001,Tirana Center,2026-06-11 07:50:00,197,31.5,Medium,Cloudy,Normal
S008,New Boulevard,2026-06-11 07:55:00,249,8,High,Cloudy,Normal
S001,Tirana Center,2026-06-11 08:00:00,289,8,High,Clear,Normal
S006,Zogu i Zi,2026-06-11 08:05:00,235,10.6,High,Clear,Normal
S008,New Boulevard,2026-06-11 08:10:00,172,32.4,Medium,Rainy,Normal
S008,New Boulevard,2026-06-11 08:15:00,224,17.3,High,Cloudy,Normal
S001,Tirana Center,2026-06-11 08:20:00,260,12.0,High,Cloudy,Normal
S008,New Boulevard,2026-06-11 08:25:00,208,17.5,High,Cloudy,Normal
S001,Tirana Center,2026-06-11 08:30:00,233,17.1,High,Foggy,Normal
S008,New Boulevard,2026-06-11 08:35:00,298,17.4,High,Foggy,Normal
S007,Airport Road,2026-06-11 08:40:00,211,13.7,High,Clear,Accident
S006,Zogu i Zi,2026-06-11 08:45:00,205,22.3,Medium,Foggy,Normal
S006,Zogu i Zi,2026-06-11 08:50:00,214,25.0,Medium,Clear,Normal
S005,Durres Road,2026-06-11 08:55:00,261,9.7,High,Foggy,Normal
S002,Ring Road,2026-06-11 09:00:00,219,8.4,High,Rainy,Normal
S004,Blloku,2026-06-11 09:05:00,230,15.0,High,Clear,Normal
S006,Zogu i Zi,2026-06-11 09:10:00,229,11.4,High,Foggy,Normal
S003,Student City,2026-06-11 09:15:00,268,11.7,High,Foggy,Normal
S001,Tirana Center,2026-06-11 09:20:00,268,8,High,Clear,Normal
S004,Blloku,2026-06-11 09:25:00,162,23.7,Medium,Foggy,Accident
S005,Durres Road,2026-06-11 09:30:00,178,15.1,High,Foggy,Heavy Traffic
S008,New Boulevard,2026-06-11 09:35:00,241,22.6,Medium,Cloudy,Normal
S004,Blloku,2026-06-11 09:40:00,184,52.0,Medium,Cloudy,Normal
S005,Durres Road,2026-06-11 09:45:00,223,39.1,Medium,Rainy,Normal
S007,Airport Road,2026-06-11 09:50:00,214,19.4,High,Clear,Normal
S008,New Boulevard,2026-06-11 09:55:00,214,30.4,Medium,Foggy,Heavy Traffic
S002,Ring Road,2026-06-11 10:00:00,94,48.4,Low,Foggy,Normal
S008,New Boulevard,2026-06-11 10:05:00,133,36.2,Medium,Clear,Normal
S007,Airport Road,2026-06-11 10:10:00,98,42.6,Low,Rainy,Normal
S008,New Boulevard,2026-06-11 10:15:00,146,27.4,Medium,Rainy,Normal
S002,Ring Road,2026-06-11 10:20:00,106,42.1,Low,Cloudy,Normal
S007,Airport Road,2026-06-11 10:25:00,133,40.7,Low,Clear,Normal
S002,Ring Road,2026-06-11 10:30:00,94,48.4,Low,Clear,Normal
S008,New Boulevard,2026-06-11 10:35:00,20,50.3,Low,Clear,Normal
S006,Zogu i Zi,2026-06-11 10:40:00,57,45.1,Low,Rainy,Normal
S002,Ring Road,2026-06-11 10:45:00,134,37.2,Medium,Rainy,Normal
S005,Durres Road,2026-06-11 10:50:00,76,48.1,Low,Rainy,Heavy Traffic
S007,Airport Road,2026-06-11 10:55:00,34,42.8,Low,Clear,Normal
S002,Ring Road,2026-06-11 11:00:00,80,28.0,Medium,Rainy,Normal
S003,Student City,2026-06-11 11:05:00,153,26.7,Medium,Rainy,Normal
S005,Durres Road,2026-06-11 11:10:00,128,31.4,Medium,Cloudy,Roadwork
S005,Durres Road,2026-06-11 11:15:00,72,52.1,Low,Cloudy,Roadwork
S004,Blloku,2026-06-11 11:20:00,142,27.9,Medium,Rainy,Normal
S008,New Boulevard,2026-06-11 11:25:00,96,51.4,Low,Clear,Normal
S001,Tirana Center,2026-06-11 11:30:00,134,49.5,Low,Foggy,Normal
S002,Ring Road,2026-06-11 11:35:00,110,44.3,Low,Clear,Normal
S003,Student City,2026-06-11 11:40:00,75,41.7,Low,Rainy,Normal
S004,Blloku,2026-06-11 11:45:00,104,48.1,Low,Cloudy,Normal
S007,Airport Road,2026-06-11 11:50:00,90,42.4,Low,Foggy,Normal
S008,New Boulevard,2026-06-11 11:55:00,125,51.4,Low,Cloudy,Normal
S001,Tirana Center,2026-06-11 12:00:00,116,52.7,Low,Rainy,Normal
S008,New Boulevard,2026-06-11 12:05:00,155,44.1,Medium,Cloudy,Normal
S006,Zogu i Zi,2026-06-11 12:10:00,139,28.9,Medium,Cloudy,Normal
S006,Zogu i Zi,2026-06-11 12:15:00,119,38.4,Low,Foggy,Normal
S006,Zogu i Zi,2026-06-11 12:20:00,66,45.0,Low,Clear,Normal
S007,Airport Road,2026-06-11 12:25:00,46,45.2,Low,Rainy,Heavy Traffic
S002,Ring Road,2026-06-11 12:30:00,111,55.0,Low,Clear,Normal
S003,Student City,2026-06-11 12:35:00,101,51.6,Low,Rainy,Normal
S006,Zogu i Zi,2026-06-11 12:40:00,130,32.1,Medium,Rainy,Normal
S003,Student City,2026-06-11 12:45:00,131,35.9,Medium,Foggy,Normal
S002,Ring Road,2026-06-11 12:50:00,81,46.4,Low,Rainy,Heavy Traffic
S003,Student City,2026-06-11 12:55:00,115,47.1,Low,Foggy,Normal
S002,Ring Road,2026-06-11 13:00:00,88,57.2,Low,Clear,Normal
S008,New Boulevard,2026-06-11 13:05:00,129,30.2,Medium,Cloudy,Normal
S003,Student City,2026-06-11 13:10:00,102,41.0,Low,Rainy,Normal
S003,Student City,2026-06-11 13:15:00,144,39.4,Low,Cloudy,Normal
S006,Zogu i Zi,2026-06-11 13:20:00,93,50.6,Low,Rainy,Normal
S003,Student City,2026-06-11 13:25:00,106,51.3,Low,Foggy,Normal
S008,New Boulevard,2026-06-11 13:30:00,59,65.6,Low,Rainy,Normal
S006,Zogu i Zi,2026-06-11 13:35:00,81,42.6,Low,Rainy,Normal
S004,Blloku,2026-06-11 13:40:00,81,37.7,Medium,Rainy,Normal
S001,Tirana Center,2026-06-11 13:45:00,103,38.3,Low,Rainy,Normal
S008,New Boulevard,2026-06-11 13:50:00,134,48.1,Low,Rainy,Normal
S004,Blloku,2026-06-11 13:55:00,108,36.4,Medium,Rainy,Normal
S007,Airport Road,2026-06-11 14:00:00,97,41.5,Low,Clear,Normal
S002,Ring Road,2026-06-11 14:05:00,62,43.0,Low,Foggy,Normal
S003,Student City,2026-06-11 14:10:00,74,56.4,Low,Foggy,Normal
S005,Durres Road,2026-06-11 14:15:00,114,16.5,High,Clear,Normal
S002,Ring Road,2026-06-11 14:20:00,139,40.3,Low,Foggy,Normal
S004,Blloku,2026-06-11 14:25:00,82,57.9,Low,Rainy,Normal
S003,Student City,2026-06-11 14:30:00,112,25.9,Medium,Rainy,Normal
S003,Student City,2026-06-11 14:35:00,140,33.6,Medium,Foggy,Normal
S006,Zogu i Zi,2026-06-11 14:40:00,111,8,High,Cloudy,Normal
S003,Student City,2026-06-11 14:45:00,110,22.2,Medium,Foggy,Normal
S001,Tirana Center,2026-06-11 14:50:00,113,39.0,Low,Foggy,Normal
S003,Student City,2026-06-11 14:55:00,119,29.0,Medium,Rainy,Normal
S005,Durres Road,2026-06-11 15:00:00,122,51.2,Low,Cloudy,Normal
S007,Airport Road,2026-06-11 15:05:00,146,37.6,Medium,Rainy,Normal
S008,New Boulevard,2026-06-11 15:10:00,101,40.0,Low,Rainy,Accident
S001,Tirana Center,2026-06-11 15:15:00,50,63.2,Low,Clear,Normal
S002,Ring Road,2026-06-11 15:20:00,65,49.9,Low,Cloudy,Normal
S001,Tirana Center,2026-06-11 15:25:00,110,39.1,Low,Clear,Normal
S007,Airport Road,2026-06-11 15:30:00,137,38.8,Low,Clear,Normal
S003,Student City,2026-06-11 15:35:00,99,43.7,Low,Rainy,Normal
S005,Durres Road,2026-06-11 15:40:00,83,50.6,Low,Foggy,Normal
S005,Durres Road,2026-06-11 15:45:00,87,44.5,Low,Cloudy,Normal
S004,Blloku,2026-06-11 15:50:00,129,24.9,Medium,Clear,Heavy Traffic
S008,New Boulevard,2026-06-11 15:55:00,84,50.8,Low,Rainy,Normal
